------------------------------,--------------------
www.electricblue.eu, Portugal
------------------------------,--------------------
Pulse version,V2.3
------------------------------,--------------------
Device,Mussel2
Rate_Hz,10
UTC,2.00
Day light saving time,No
Window_Sec,10
Recording mode,Continuos
Record[min],NA
Sleep[min],NA
S1,Mussel_101
S2,Mussel_102
S3,Mussel_103
S4,Mussel_104
S5,Mussel_105
S6,Mussel_106
S7,Mussel_107
S8,Mussel_108
S9,Mussel_109
S10,Mussel_110
------------------------------,--------------------
Time,Mussel_101,Mussel_102,Mussel_103,Mussel_104,Mussel_105,Mussel_106,Mussel_107,Mussel_108,Mussel_109,Mussel_110
2025-06-24 14:27:56.722,1491,1814,1426,1345,1580,1869,2158,1091,1531,1419
2025-06-24 14:27:56.822,1520,1834,1407,1408,1651,1827,2185,944,1542,1451
2025-06-24 14:27:56.922,1554,1711,1417,1454,1603,1821,2214,928,1552,1485
2025-06-24 14:27:57.022,1556,1490,1397,1467,1565,1779,1936,945,1552,1461
2025-06-24 14:27:57.122,1553,1397,1392,1503,1597,1771,1600,1119,1535,1452
2025-06-24 14:27:57.221,1531,1370,1402,1552,1586,1762,1323,1424,1527,1426
2025-06-24 14:27:57.320,1523,1431,1399,1552,1495,1731,1161,1772,1529,1450
2025-06-24 14:27:57.420,1502,1502,1422,1553,1454,1638,1104,1966,1534,1453
2025-06-24 14:27:57.520,1472,1476,1418,1571,1439,1644,1124,2064,1525,1441
2025-06-24 14:27:57.620,1439,1392,1389,1527,1470,1649,1177,2206,1522,1439
2025-06-24 14:27:57.720,1436,1353,1422,1529,1515,1621,1262,2268,1527,1442
2025-06-24 14:27:57.820,1435,1351,1431,1511,1570,1601,1314,2314,1521,1437
2025-06-24 14:27:57.920,1431,1381,1423,1510,1569,1600,1383,2411,1526,1441
2025-06-24 14:27:58.020,1437,1434,1456,1449,1552,1617,1430,2479,1527,1449
2025-06-24 14:27:58.120,1456,1488,1451,1456,1493,1589,1481,2451,1529,1446
2025-06-24 14:27:58.219,1472,1557,1430,1256,1514,1582,1471,2507,1529,1441
2025-06-24 14:27:58.318,1487,1606,1478,901,1504,1585,1511,2500,1530,1443
2025-06-24 14:27:58.417,1491,1693,1493,657,1503,1561,1600,2613,1534,1447
2025-06-24 14:27:58.517,1495,1783,1480,556,1472,1520,1553,2529,1531,1446
2025-06-24 14:27:58.617,1482,1814,1459,643,1394,1533,1578,2463,1521,1439
2025-06-24 14:27:58.717,1497,1808,1455,895,1443,1541,1629,2459,1517,1427
2025-06-24 14:27:58.816,1497,1698,1447,1119,1529,1535,1677,2421,1520,1437
2025-06-24 14:27:58.916,1493,1478,1417,1279,1488,1514,1648,2445,1523,1439
2025-06-24 14:27:59.017,1499,1325,1409,1424,1506,1550,1616,2369,1519,1431
2025-06-24 14:27:59.116,1487,1254,1441,1500,1501,1530,1589,2294,1523,1433
2025-06-24 14:27:59.215,1483,1312,1430,1718,1547,1506,1499,2295,1529,1445
2025-06-24 14:27:59.315,1483,1377,1424,1856,1598,1504,1403,2214,1525,1437
2025-06-24 14:27:59.414,1477,1363,1423,1941,1619,1510,1375,2255,1520,1434
2025-06-24 14:27:59.513,1474,1275,1424,2000,1609,1526,1351,2256,1526,1431
2025-06-24 14:27:59.612,1472,1235,1361,2083,1523,1523,1331,2266,1526,1443
2025-06-24 14:27:59.711,1476,1271,1397,2033,1479,1520,1360,2198,1529,1442
2025-06-24 14:27:59.810,1481,1296,1439,2067,1494,1389,1392,2125,1535,1455
2025-06-24 14:27:59.909,1465,1413,1470,2002,1483,576,1421,2075,1531,1446
2025-06-24 14:28:00.008,1488,1469,1505,2093,1455,0,1473,2027,1524,1440
2025-06-24 14:28:00.114,1481,1502,1483,2154,1430,0,1455,2021,1530,1441
2025-06-24 14:28:00.207,1488,1556,1494,1968,1407,0,1520,2033,1531,1444
2025-06-24 14:28:00.306,1483,1699,1533,1767,1347,0,1749,1985,1535,1451
2025-06-24 14:28:00.406,1485,1792,1456,1501,1363,400,1994,1995,1531,1449
2025-06-24 14:28:00.506,1486,1866,1237,1344,1517,970,2159,1949,1525,1439
2025-06-24 14:28:00.606,1481,1887,1092,1349,1717,1559,2256,1929,1522,1437
2025-06-24 14:28:00.706,1483,1757,1070,1345,1738,2187,2345,1877,1525,1442
2025-06-24 14:28:00.806,1478,1584,1134,1345,1635,2706,2333,1712,1523,1431
2025-06-24 14:28:00.906,1473,1489,1217,1375,1487,3092,1982,1653,1526,1447
2025-06-24 14:28:01.006,1471,1479,1365,1467,1426,4095,1522,1680,1520,1435
2025-06-24 14:28:01.106,1463,1555,1553,1549,1381,4095,1235,1808,1520,1456
2025-06-24 14:28:01.206,1460,1584,1728,1559,1379,4095,1187,1826,1515,1431
2025-06-24 14:28:01.306,1456,1557,1840,1561,1383,3260,1147,1709,1520,1433
2025-06-24 14:28:01.406,1465,1462,1903,1563,1397,2402,1211,1755,1526,1442
2025-06-24 14:28:01.506,1467,1403,1897,1552,1408,1554,1203,1803,1534,1451
2025-06-24 14:28:01.606,1472,1399,1867,1501,1425,900,1283,1610,1535,1447
2025-06-24 14:28:01.705,1478,1424,1815,1546,1441,418,1334,1313,1533,1443
2025-06-24 14:28:01.805,1486,1456,1744,1520,1449,368,1392,1040,1522,1445
2025-06-24 14:28:01.905,1484,1490,1680,1496,1495,571,1401,974,1526,1447
2025-06-24 14:28:02.005,1488,1527,1600,1472,1552,851,1471,1019,1522,1421
2025-06-24 14:28:02.105,1488,1607,1607,1477,1574,1173,1503,1191,1535,1450
2025-06-24 14:28:02.205,1470,1692,1599,1456,1562,1401,1601,1452,1520,1441
2025-06-24 14:28:02.305,1492,1767,1582,1521,1533,1575,1660,1661,1543,1455
2025-06-24 14:28:02.405,1494,1818,1572,1521,1530,1659,1705,1783,1549,1458
2025-06-24 14:28:02.505,1494,1791,1531,1499,1489,1744,1727,1712,1535,1447
2025-06-24 14:28:02.605,1490,1618,1516,1295,1511,1749,1741,1533,1535,1450
2025-06-24 14:28:02.705,1488,1427,1530,995,1583,1763,1746,1210,1519,1436
2025-06-24 14:28:02.805,1488,1344,1497,763,1469,1786,1653,819,1520,1430
2025-06-24 14:28:02.905,1492,1371,1490,711,1509,1760,1517,492,1522,1431
2025-06-24 14:28:03.005,1486,1417,1520,725,1570,1761,1361,397,1527,1444
2025-06-24 14:28:03.105,1486,1467,1534,835,1571,1710,1187,339,1524,1440
2025-06-24 14:28:03.205,1483,1439,1489,1040,1579,1694,1119,257,1535,1441
2025-06-24 14:28:03.305,1475,1385,1523,1245,1556,1712,1079,285,1534,1450
2025-06-24 14:28:03.405,1477,1330,1515,1317,1523,1680,1082,426,1533,1450
2025-06-24 14:28:03.505,1472,1328,1535,1616,1535,1599,1118,691,1521,1435
2025-06-24 14:28:03.605,1472,1333,1573,1750,1565,1584,1136,857,1511,1425
2025-06-24 14:28:03.705,1462,1377,1590,1863,1575,1585,1223,1178,1520,1440
2025-06-24 14:28:03.804,1462,1445,1585,1873,1565,1589,1216,1225,1530,1442
2025-06-24 14:28:03.904,1462,1561,1594,1970,1535,1590,1297,1002,1542,1455
2025-06-24 14:28:04.004,1461,1653,1581,2057,1511,1550,1617,659,1526,1441
2025-06-24 14:28:04.104,1457,1783,1563,2141,1472,1554,1917,481,1531,1441
2025-06-24 14:28:04.204,1445,1860,1558,2160,1490,1520,2164,277,1530,1441
2025-06-24 14:28:04.303,1439,1920,1552,2033,1506,1456,2396,173,1519,1434
2025-06-24 14:28:04.403,1441,1869,1520,2083,1561,1446,2640,223,1523,1440
2025-06-24 14:28:04.503,1435,1699,1507,2147,1569,1470,2599,347,1532,1445
2025-06-24 14:28:04.603,1442,1535,1472,1904,1520,1488,2240,523,1542,1451
2025-06-24 14:28:04.703,1453,1485,1484,1625,1545,1516,1765,763,1535,1451
2025-06-24 14:28:04.802,1458,1514,1498,1469,1559,1494,1453,966,1535,1447
2025-06-24 14:28:04.902,1470,1453,1461,1367,1514,1491,1300,1197,1529,1442
2025-06-24 14:28:05.002,1477,1445,1419,1392,1489,1527,1354,1251,1525,1440
2025-06-24 14:28:05.102,1478,1487,1415,1424,1503,1579,1328,1387,1530,1441
2025-06-24 14:28:05.202,1491,1526,1405,1403,1507,1586,1345,1578,1521,1438
2025-06-24 14:28:05.301,1502,1581,1409,1454,1483,1541,1330,1463,1524,1440
2025-06-24 14:28:05.401,1504,1440,1435,1556,1486,1504,1437,1030,1526,1442
2025-06-24 14:28:05.501,1505,1354,1435,1584,1510,1469,1438,621,1532,1442
2025-06-24 14:28:05.605,1517,1352,1456,1567,1488,1466,1493,346,1526,1440
2025-06-24 14:28:05.705,1517,1375,1429,1549,1473,1488,1453,384,1525,1437
2025-06-24 14:28:05.805,1511,1437,1447,1486,1488,1498,1485,659,1526,1441
2025-06-24 14:28:05.905,1488,1511,1443,1460,1552,1519,1556,961,1526,1445
2025-06-24 14:28:06.004,1498,1603,1445,1481,1547,1531,1545,1451,1546,1454
2025-06-24 14:28:06.104,1505,1728,1378,1471,1534,1491,1445,1918,1522,1441
2025-06-24 14:28:06.203,1490,1769,1437,1485,1547,1468,1473,2051,1519,1438
2025-06-24 14:28:06.302,1488,1837,1680,1455,1565,1481,1360,2085,1521,1435
2025-06-24 14:28:06.402,1470,1883,1770,1486,1558,1458,1182,1889,1527,1441
2025-06-24 14:28:06.502,1458,1757,1726,1557,1647,1493,1109,1674,1527,1441
2025-06-24 14:28:06.603,1453,1570,1636,1493,1756,1525,1123,1418,1526,1439
2025-06-24 14:28:06.698,1459,1433,1552,1488,1683,1581,1130,1217,1529,1442
2025-06-24 14:28:06.798,1450,1412,1552,1497,1553,1131,1311,976,1533,1442
2025-06-24 14:28:06.897,1459,1447,1563,1478,1403,99,1390,879,1531,1444
2025-06-24 14:28:06.997,1459,1447,1392,1455,1325,0,1437,762,1529,1444
2025-06-24 14:28:07.097,1467,1447,1104,1296,1240,0,1529,754,1522,1439
2025-06-24 14:28:07.197,1473,1487,913,1047,1222,0,1632,791,1526,1444
2025-06-24 14:28:07.297,1474,1535,865,825,1171,186,1631,924,1535,1453
2025-06-24 14:28:07.397,1469,1584,869,727,1207,769,1784,1226,1531,1445
2025-06-24 14:28:07.497,1488,1661,1007,753,1252,1453,2065,1808,1527,1446
2025-06-24 14:28:07.596,1488,1695,1154,814,1357,2041,2290,2448,1521,1443
2025-06-24 14:28:07.696,1488,1750,1294,1034,1397,2547,2431,2949,1523,1441
2025-06-24 14:28:07.796,1461,1728,1408,1217,1439,2963,2432,3109,1509,1424
2025-06-24 14:28:07.896,1488,1643,1549,1398,1521,3967,2238,2529,1519,1438
2025-06-24 14:28:07.996,1488,1456,1616,1561,1489,4095,1757,1943,1523,1453
2025-06-24 14:28:08.096,1490,1360,1820,1680,1520,4095,1287,1494,1530,1444
2025-06-24 14:28:08.196,1488,1330,1821,1779,1563,3757,1005,1198,1527,1443
2025-06-24 14:28:08.296,1489,1423,1779,1814,1588,2256,899,1111,1527,1438
2025-06-24 14:28:08.396,1488,1498,1706,1838,1619,1150,893,1093,1519,1431
2025-06-24 14:28:08.496,1472,1546,1633,1904,1603,445,869,1450,1531,1444
2025-06-24 14:28:08.596,1456,1627,1635,1975,1614,266,902,1793,1521,1436
2025-06-24 14:28:08.695,1456,1714,1648,2047,1650,451,974,1904,1526,1442
2025-06-24 14:28:08.795,1446,1747,1653,2090,1593,759,1063,1827,1531,1447
2025-06-24 14:28:08.894,1446,1681,1629,2219,1545,1009,1085,1744,1522,1436
2025-06-24 14:28:08.994,1442,1593,1578,2154,1581,1281,1065,1563,1525,1441
2025-06-24 14:28:09.094,1445,1411,1575,1850,1616,1509,1034,1259,1533,1450
2025-06-24 14:28:09.194,1452,1266,1523,1602,1584,1645,994,873,1525,1442
2025-06-24 14:28:09.294,1461,1213,1522,1447,1527,1690,966,639,1527,1433
2025-06-24 14:28:09.393,1472,1269,1511,1387,1519,1708,927,435,1531,1443
2025-06-24 14:28:09.492,1476,1318,1589,1350,1579,1701,989,237,1529,1443
2025-06-24 14:28:09.592,1488,1349,1579,1342,1549,1730,1100,281,1535,1450
2025-06-24 14:28:09.691,1498,1387,1521,1409,1483,1748,1161,386,1527,1441
2025-06-24 14:28:09.791,1503,1469,1522,1451,1552,1735,1271,425,1535,1449
2025-06-24 14:28:09.891,1495,1534,1465,1506,1571,1718,1466,548,1530,1445
2025-06-24 14:28:09.991,1499,1607,1423,1557,1571,1712,1617,732,1525,1443
2025-06-24 14:28:10.091,1489,1661,1410,1558,1535,1709,1803,1142,1524,1438
2025-06-24 14:28:10.191,1495,1729,1353,1577,1482,1679,1872,1775,1525,1440
2025-06-24 14:28:10.291,1493,1714,1333,1569,1494,1611,1968,2405,1527,1445
2025-06-24 14:28:10.391,1495,1682,1328,1535,1511,1568,1958,2719,1530,1442
2025-06-24 14:28:10.491,1484,1666,1335,1552,1555,1598,1962,2282,1535,1454
2025-06-24 14:28:10.591,1481,1600,1339,1535,1510,1552,2078,1503,1529,1445
2025-06-24 14:28:10.691,1465,1408,1365,1520,1547,1521,2243,904,1526,1440
2025-06-24 14:28:10.791,1456,1303,1392,1515,1488,1521,2364,674,1534,1445
2025-06-24 14:28:10.891,1445,1316,1401,1445,1482,1547,2354,625,1542,1447
2025-06-24 14:28:10.991,1443,1360,1442,1458,1529,1513,2230,737,1525,1441
2025-06-24 14:28:11.091,1438,1442,1423,1437,1603,1474,2001,995,1522,1437
2025-06-24 14:28:11.191,1451,1519,1419,1550,1648,1488,1632,1516,1527,1442
2025-06-24 14:28:11.291,1443,1552,1455,1531,1676,1490,1329,1893,1520,1434
2025-06-24 14:28:11.391,1451,1616,1491,1504,1549,1487,1085,1957,1523,1438
2025-06-24 14:28:11.491,1458,1706,1488,1520,1530,1520,1079,1982,1520,1424
2025-06-24 14:28:11.591,1471,1781,1486,1535,1511,1535,1134,1907,1520,1415
2025-06-24 14:28:11.690,1478,1774,1469,1552,1455,1567,1207,1831,1530,1439
2025-06-24 14:28:11.790,1491,1621,1493,1531,1438,1490,1341,1669,1531,1445
2025-06-24 14:28:11.889,1501,1434,1474,1363,1315,1524,1526,1120,1543,1453
2025-06-24 14:28:11.989,1504,1369,1502,1039,1361,1506,1497,593,1526,1442
2025-06-24 14:28:12.088,1498,1402,1487,752,1420,1510,1463,157,1534,1451
2025-06-24 14:28:12.188,1488,1447,1497,656,1423,1488,1440,0,1534,1445
2025-06-24 14:28:12.288,1490,1474,1486,673,1449,1501,1330,0,1529,1443
2025-06-24 14:28:12.388,1488,1488,1483,787,1488,1480,1283,0,1520,1437
2025-06-24 14:28:12.488,1485,1544,1466,1008,1491,1527,1263,38,1530,1445
2025-06-24 14:28:12.588,1488,1623,1462,1269,1493,1511,1259,389,1531,1445
2025-06-24 14:28:12.687,1485,1676,1486,1450,1492,1483,1346,788,1530,1445
2025-06-24 14:28:12.787,1474,1712,1518,1665,1499,1495,1328,1323,1525,1440
2025-06-24 14:28:12.887,1460,1731,1509,1708,1563,1584,1391,2029,1517,1434
2025-06-24 14:28:12.987,1451,1739,1530,1710,1515,1585,1417,2742,1511,1427
2025-06-24 14:28:13.086,1454,1724,1520,1838,1509,1560,1633,3963,1518,1435
2025-06-24 14:28:13.186,1429,1678,1510,1861,1475,1506,1671,4095,1522,1438
2025-06-24 14:28:13.286,1412,1513,1469,1918,1392,1509,1728,4095,1519,1431
2025-06-24 14:28:13.386,1439,1313,1473,2027,1427,1531,1791,3678,1531,1443
2025-06-24 14:28:13.486,1450,1294,1451,2125,1392,1507,1765,2850,1543,1451
2025-06-24 14:28:13.586,1456,1330,1390,2210,1343,1496,1767,2527,1534,1446
2025-06-24 14:28:13.686,1459,1399,1229,2288,1352,1543,1775,2654,1531,1445
2025-06-24 14:28:13.786,1469,1552,1064,2112,1424,1561,1909,3025,1530,1441
2025-06-24 14:28:13.886,1487,1625,985,1865,1505,1557,2042,3266,1522,1437
2025-06-24 14:28:13.986,1490,1655,1053,1639,1552,1511,2101,3275,1532,1447
2025-06-24 14:28:14.086,1505,1671,1122,1427,1501,1520,2189,3056,1535,1450
2025-06-24 14:28:14.186,1515,1643,1233,1355,1569,1456,2086,2799,1522,1459
2025-06-24 14:28:14.286,1519,1600,1375,1344,1564,746,1729,2581,1520,1434
2025-06-24 14:28:14.386,1522,1444,1529,1325,1489,0,1260,2317,1526,1440
2025-06-24 14:28:14.486,1520,1233,1717,1289,1467,0,1009,1997,1527,1440
2025-06-24 14:28:14.585,1520,1061,1855,1334,1518,0,925,1489,1525,1438
2025-06-24 14:28:14.685,1519,1055,1876,1453,1552,0,957,881,1535,1447
2025-06-24 14:28:14.785,1514,1104,1894,1530,1610,357,995,549,1533,1445
2025-06-24 14:28:14.885,1519,1173,1847,1630,1633,1034,1096,551,1521,1434
2025-06-24 14:28:14.985,1509,1232,1799,1616,1613,1702,1293,607,1524,1438
2025-06-24 14:28:15.085,1499,1301,1734,1599,1569,2294,1271,749,1533,1449
2025-06-24 14:28:15.185,1489,1389,1709,1552,1563,2795,1271,815,1531,1449
2025-06-24 14:28:15.285,1484,1495,1694,1520,1571,3197,1297,1069,1530,1446
2025-06-24 14:28:15.384,1477,1587,1633,1509,1533,4095,1285,1190,1527,1445
2025-06-24 14:28:15.484,1472,1684,1619,1635,1552,4095,1264,1523,1523,1440
2025-06-24 14:28:15.584,1468,1757,1623,1658,1518,4095,1278,1915,1515,1431
2025-06-24 14:28:15.688,1463,1778,1603,1552,1526,3170,1257,2091,1519,1434
2025-06-24 14:28:15.788,1462,1680,1590,1553,1529,1872,1343,2105,1520,1431
2025-06-24 14:28:15.888,1477,1603,1584,1507,1550,883,1406,1656,1521,1436
2025-06-24 14:28:15.987,1485,1600,1557,1472,1591,367,1461,1241,1535,1445
2025-06-24 14:28:16.087,1501,1773,1520,1472,1655,291,1522,971,1534,1443
2025-06-24 14:28:16.186,1500,1919,1497,1501,1703,419,1649,1097,1533,1447
2025-06-24 14:28:16.286,1505,2045,1494,1555,1573,693,1607,1309,1533,1430
2025-06-24 14:28:16.385,1505,2142,1504,1503,1467,1058,1703,1746,1527,1441
2025-06-24 14:28:16.485,1503,2157,1487,1501,1424,1392,1694,2064,1521,1436
2025-06-24 14:28:16.585,1503,2079,1470,1470,1410,1525,1674,2118,1523,1439
2025-06-24 14:28:16.686,1473,1980,1429,1456,1423,1584,1763,2019,1542,1452
2025-06-24 14:28:16.781,1501,1863,1466,1279,1424,1651,1755,1872,1524,1446
2025-06-24 14:28:16.881,1490,1623,1503,1029,1413,1699,1669,1659,1522,1439
2025-06-24 14:28:16.981,1486,1351,1503,763,1486,1776,1654,1367,1535,1446
2025-06-24 14:28:17.081,1473,1207,1481,659,1442,1791,1767,1104,1527,1445
2025-06-24 14:28:17.181,1455,1205,1454,742,1386,1840,1990,819,1530,1445
2025-06-24 14:28:17.281,1433,1230,1433,901,1483,1783,2167,693,1522,1443
2025-06-24 14:28:17.380,1417,1328,1439,1102,1487,1798,2269,719,1531,1445
2025-06-24 14:28:17.479,1413,1394,1417,1248,1434,1788,2127,779,1527,1443
2025-06-24 14:28:17.579,1419,1471,1426,1431,1488,1735,1728,913,1523,1438
2025-06-24 14:28:17.679,1425,1557,1445,1565,1545,1686,1377,1047,1524,1443
2025-06-24 14:28:17.779,1430,1648,1494,1681,1584,1639,1185,1139,1531,1443
2025-06-24 14:28:17.879,1427,1743,1497,1709,1545,1581,1089,1291,1522,1435
2025-06-24 14:28:17.979,1439,1819,1509,1805,1505,1827,1133,1472,1526,1441
2025-06-24 14:28:18.079,1451,1787,1499,1899,1546,2087,1261,1751,1520,1439
2025-06-24 14:28:18.179,1443,1699,1523,1956,1559,1917,1264,1893,1522,1440
2025-06-24 14:28:18.279,1456,1543,1523,2027,1551,1680,1296,2169,1525,1435
2025-06-24 14:28:18.378,1470,1466,1503,2119,1520,1489,1414,2372,1520,1437
2025-06-24 14:28:18.477,1466,1547,1472,2176,1522,1359,1427,2215,1520,1437
2025-06-24 14:28:18.577,1473,1665,1497,2139,1530,1263,1437,1967,1530,1439
2025-06-24 14:28:18.677,1479,1777,1510,1919,1552,1255,1423,1727,1529,1441
2025-06-24 14:28:18.777,1467,1919,1488,1682,1503,1455,1293,1622,1520,1434
2025-06-24 14:28:18.877,1483,1983,1562,1563,1487,1648,1365,1589,1527,1445
2025-06-24 14:28:18.976,1483,1953,1516,1472,1559,1572,1520,1475,1535,1446
2025-06-24 14:28:19.076,1478,1848,1490,1435,1591,1430,1487,1406,1533,1427
2025-06-24 14:28:19.176,1488,1669,1469,1333,1549,1408,1435,1345,1525,1443
2025-06-24 14:28:19.275,1492,1407,1442,1354,1486,1362,1462,1171,1531,1443
2025-06-24 14:28:19.375,1488,1195,1461,1408,1415,1297,1507,982,1541,1447
2025-06-24 14:28:19.475,1488,1102,1488,1500,1412,1293,1546,688,1535,1455
2025-06-24 14:28:19.575,1488,1110,1475,1571,1407,1306,1585,334,1535,1453
2025-06-24 14:28:19.675,1481,1193,1487,1648,1370,1346,1611,32,1526,1442
2025-06-24 14:28:19.775,1478,1298,1463,1655,1364,1397,1635,35,1522,1436
2025-06-24 14:28:19.875,1473,1426,1473,1547,1362,1367,1749,209,1526,1441
2025-06-24 14:28:19.975,1472,1525,1484,1591,1398,1402,1723,490,1535,1450
2025-06-24 14:28:20.075,1473,1487,1469,1542,1527,1457,1723,755,1527,1445
2025-06-24 14:28:20.175,1463,1456,1488,1436,1584,1576,1698,1009,1520,1434
2025-06-24 14:28:20.275,1453,1379,1471,1408,1578,1820,1638,1273,1519,1434
2025-06-24 14:28:20.375,1441,1371,1335,1491,1493,1809,1565,1549,1520,1430
2025-06-24 14:28:20.474,1450,1392,1177,1535,1527,1623,1605,1717,1530,1446
2025-06-24 14:28:20.574,1453,1392,1136,1535,1507,1549,1776,1886,1530,1443
2025-06-24 14:28:20.674,1503,1451,1187,1506,1498,1446,1919,2032,1535,1451
2025-06-24 14:28:20.774,1498,1514,1267,1488,1488,1426,1977,2283,1531,1447
2025-06-24 14:28:20.874,1504,1594,1372,1505,1529,1427,1823,2425,1522,1441
2025-06-24 14:28:20.973,1510,1679,1494,1569,1535,1460,1461,2261,1524,1435
2025-06-24 14:28:21.073,1511,1751,1606,1482,1609,1472,1238,1981,1520,1424
2025-06-24 14:28:21.173,1501,1714,1703,1507,1616,1410,1132,1795,1520,1435
2025-06-24 14:28:21.272,1499,1551,1859,1509,1591,1001,1155,1749,1531,1462
2025-06-24 14:28:21.372,1491,1383,1873,1512,1665,137,1119,1921,1531,1451
2025-06-24 14:28:21.472,1484,1343,1855,1526,1680,0,1231,2135,1531,1446
2025-06-24 14:28:21.571,1488,1374,1762,1488,1662,0,1325,2332,1535,1445
2025-06-24 14:28:21.670,1488,1411,1691,1487,1600,0,1398,2406,1519,1433
2025-06-24 14:28:21.770,1488,1515,1593,1568,1520,176,1547,2366,1531,1439
2025-06-24 14:28:21.870,1475,1549,1562,1584,1467,757,1506,2215,1530,1443
2025-06-24 14:28:21.969,1470,1456,1535,1519,1453,1464,1511,1985,1527,1442
2025-06-24 14:28:22.069,1439,1377,1518,1527,1450,2046,1520,1600,1530,1447
2025-06-24 14:28:22.169,1450,1328,1450,1461,1397,2572,1491,1179,1529,1440
2025-06-24 14:28:22.269,1450,1356,1471,1182,1408,3008,1533,1005,1531,1446
2025-06-24 14:28:22.369,1452,1424,1481,900,1487,3937,1680,951,1526,1441
2025-06-24 14:28:22.469,1454,1457,1478,746,1513,4095,1699,962,1520,1435
2025-06-24 14:28:22.569,1458,1533,1483,747,1550,4095,1559,966,1525,1439
2025-06-24 14:28:22.669,1467,1648,1456,773,1542,4079,1585,1046,1528,1442
2025-06-24 14:28:22.769,1472,1749,1483,913,1577,2631,1649,1200,1521,1435
2025-06-24 14:28:22.868,1484,1778,1600,1104,1587,1575,1683,1222,1531,1444
2025-06-24 14:28:22.968,1486,1831,1689,1329,1554,783,1669,1283,1535,1451
2025-06-24 14:28:23.068,1490,1745,1715,1500,1579,443,1714,1337,1544,1451
2025-06-24 14:28:23.168,1474,1616,1577,1583,1577,563,1682,1424,1534,1441
2025-06-24 14:28:23.267,1509,1503,1498,1744,1584,849,1629,1519,1527,1439
2025-06-24 14:28:23.367,1517,1465,1469,1804,1574,1211,1594,1708,1532,1450
2025-06-24 14:28:23.467,1515,1471,1409,1825,1552,1533,1591,1529,1523,1443
2025-06-24 14:28:23.567,1517,1446,1341,1929,1485,1776,1520,1195,1515,1425
2025-06-24 14:28:23.667,1514,1470,1312,2100,1451,1923,1493,1069,1519,1427
2025-06-24 14:28:23.767,1518,1433,1249,2338,1474,1977,1484,1122,1525,1440
2025-06-24 14:28:23.867,1519,1483,1229,2331,1457,1974,1511,1392,1534,1447
2025-06-24 14:28:23.967,1511,1495,1275,2204,1479,1952,1665,1701,1531,1447
2025-06-24 14:28:24.067,1518,1455,1310,2029,1509,1935,1792,1888,1535,1450
2025-06-24 14:28:24.167,1510,1433,1395,1773,1488,1885,1790,1863,1543,1455
2025-06-24 14:28:24.267,1473,1407,1407,1566,1439,1845,1769,1930,1518,1425
2025-06-24 14:28:24.367,1488,1446,1456,1395,1440,1858,1527,1693,1527,1443
2025-06-24 14:28:24.466,1480,1493,1491,1327,1503,1856,1280,1328,1541,1441
2025-06-24 14:28:24.566,1475,1549,1518,1333,1473,1816,1200,939,1533,1441
2025-06-24 14:28:24.666,1469,1659,1522,1376,1535,1766,1147,611,1547,1454
2025-06-24 14:28:24.766,1461,1712,1526,1371,1533,1710,1181,494,1531,1446
2025-06-24 14:28:24.866,1470,1727,1535,1471,1507,1716,1298,640,1520,1424
2025-06-24 14:28:24.965,1472,1790,1520,1612,1481,1699,1456,912,1517,1428
2025-06-24 14:28:25.065,1479,1804,1479,1669,1488,1655,1491,1120,1524,1439
2025-06-24 14:28:25.165,1494,1776,1229,1673,1479,1627,1512,1273,1516,1430
2025-06-24 14:28:25.265,1499,1646,974,1629,1517,1555,1559,1319,1515,1430
2025-06-24 14:28:25.365,1493,1504,816,1633,1491,1532,1546,1339,1520,1435
2025-06-24 14:28:25.465,1505,1521,777,1526,1472,1485,1495,1346,1523,1437
2025-06-24 14:28:25.565,1519,1530,822,1591,1431,1476,1459,1461,1530,1443
2025-06-24 14:28:25.665,1499,1582,931,1584,1403,1450,1451,1638,1529,1444
2025-06-24 14:28:25.769,1493,1601,1068,1570,1408,1489,1469,1796,1541,1449
2025-06-24 14:28:25.869,1488,1616,1232,1583,1351,1501,1584,1565,1535,1446
2025-06-24 14:28:25.969,1489,1637,1398,1563,1335,1429,1691,1023,1525,1439
2025-06-24 14:28:26.069,1489,1630,1551,1499,1337,1412,1709,528,1526,1442
2025-06-24 14:28:26.169,1483,1507,1693,1426,1393,1388,1712,449,1532,1449
2025-06-24 14:28:26.268,1479,1410,1895,1401,1434,1376,1818,621,1534,1441
2025-06-24 14:28:26.368,1479,1375,2082,1376,1440,1329,1837,847,1534,1451
2025-06-24 14:28:26.468,1473,1359,2160,1499,1545,1289,1867,1059,1527,1443
2025-06-24 14:28:26.568,1472,1367,2129,1499,1554,1316,1729,1218,1521,1435
2025-06-24 14:28:26.668,1451,1424,2046,1502,1565,1370,1754,1231,1525,1440
2025-06-24 14:28:26.769,1449,1552,1935,1493,1610,1421,1765,1270,1522,1439
2025-06-24 14:28:26.864,1442,1481,1792,1421,1662,1404,1781,1424,1520,1424
2025-06-24 14:28:26.964,1435,1492,1705,1129,1646,1353,1722,1601,1530,1443
2025-06-24 14:28:27.063,1433,1534,1637,816,1630,1351,1669,1687,1530,1443
2025-06-24 14:28:27.163,1439,1542,1587,688,1561,1397,1682,1770,1533,1446
2025-06-24 14:28:27.263,1447,1424,1579,657,1594,1430,1648,1700,1520,1439
2025-06-24 14:28:27.363,1450,1409,1602,779,1552,1417,1775,1715,1517,1434
2025-06-24 14:28:27.463,1463,1397,1631,1022,1467,1450,1936,1856,1517,1429
2025-06-24 14:28:27.562,1467,1435,1618,1171,1456,1499,2011,1947,1525,1441
2025-06-24 14:28:27.662,1470,1451,1607,1407,1424,1492,2009,1983,1526,1437
2025-06-24 14:28:27.762,1477,1498,1552,1578,1394,1461,1803,1968,1527,1443
2025-06-24 14:28:27.862,1472,1485,1515,1622,1449,1461,1436,1953,1521,1442
2025-06-24 14:28:27.962,1488,1475,1486,1649,1478,1504,1271,1991,1529,1445
2025-06-24 14:28:28.061,1496,1522,1474,1686,1447,1530,1226,2029,1527,1444
2025-06-24 14:28:28.161,1500,1557,1484,1821,1503,1531,1295,2213,1533,1452
2025-06-24 14:28:28.261,1504,1520,1503,1870,1530,1520,1338,2127,1526,1444
2025-06-24 14:28:28.361,1503,1534,1491,2023,1574,1533,1509,1714,1535,1431
2025-06-24 14:28:28.461,1499,1549,1511,2192,1517,1580,1581,1394,1531,1443
2025-06-24 14:28:28.561,1503,1579,1499,2315,1524,1408,1689,1223,1520,1435
2025-06-24 14:28:28.661,1494,1633,1488,2275,1520,946,1636,1534,1520,1433
2025-06-24 14:28:28.761,1497,1791,1479,2006,1503,550,1646,1745,1527,1440
2025-06-24 14:28:28.861,1494,1925,1488,1786,1552,395,1606,1942,1535,1451
2025-06-24 14:28:28.961,1488,1857,1465,1527,1553,449,1657,2112,1522,1438
2025-06-24 14:28:29.061,1476,1843,1461,1347,1595,613,1622,2205,1520,1441
2025-06-24 14:28:29.161,1468,1827,1474,1280,1508,1043,1636,2247,1521,1433
2025-06-24 14:28:29.261,1462,1776,1488,1247,1524,1858,1744,2241,1520,1438
2025-06-24 14:28:29.361,1457,1594,1488,1259,1528,2289,1798,2129,1529,1440
2025-06-24 14:28:29.461,1458,1391,1511,1328,1542,2128,1831,2082,1535,1447
2025-06-24 14:28:29.561,1454,1278,1477,1438,1559,1717,1910,2075,1526,1452
2025-06-24 14:28:29.661,1460,1266,1463,1535,1527,1626,1934,1951,1533,1442
2025-06-24 14:28:29.761,1453,1290,1474,1603,1509,1678,1856,1775,1517,1429
2025-06-24 14:28:29.860,1477,1310,1492,1665,1520,1341,1807,1621,1529,1423
2025-06-24 14:28:29.960,1484,1344,1515,1680,1590,790,1699,1511,1530,1451
2025-06-24 14:28:30.060,1486,1397,1505,1620,1498,306,1742,1413,1535,1447
2025-06-24 14:28:30.160,1487,1479,1498,1562,1493,123,1695,1362,1534,1450
2025-06-24 14:28:30.260,1486,1543,1450,1545,1521,290,1681,1334,1523,1441
2025-06-24 14:28:30.360,1486,1543,1398,1550,1498,624,1675,1413,1522,1435
2025-06-24 14:28:30.460,1486,1522,1398,1575,1531,1185,1553,1343,1531,1445
2025-06-24 14:28:30.560,1482,1575,1421,1532,1493,1312,1262,1265,1522,1440
2025-06-24 14:28:30.660,1458,1574,1459,1545,1487,1354,1011,1325,1533,1445
2025-06-24 14:28:30.760,1475,1616,1481,1488,1527,1887,843,1466,1525,1437
2025-06-24 14:28:30.859,1471,1744,1513,1490,1523,2034,715,1586,1521,1437
2025-06-24 14:28:30.959,1465,1792,1578,1449,1498,1863,784,1415,1522,1441
2025-06-24 14:28:31.058,1455,1725,1631,1466,1488,1601,960,1562,1530,1445
2025-06-24 14:28:31.158,1446,1757,1772,1280,1520,1219,976,1555,1535,1451
2025-06-24 14:28:31.257,1439,1786,1779,979,1498,1030,656,1532,1530,1443
2025-06-24 14:28:31.357,1442,1723,1806,764,1458,1072,478,1603,1535,1450
2025-06-24 14:28:31.457,1447,1568,1775,718,1456,1478,469,1630,1529,1433
2025-06-24 14:28:31.557,1456,1430,1807,752,1475,1555,491,1703,1530,1443
2025-06-24 14:28:31.656,1452,1424,1711,912,1533,1522,724,1735,1529,1441
2025-06-24 14:28:31.756,1458,1443,1488,1088,1563,1520,896,1680,1515,1427
2025-06-24 14:28:31.856,1467,1456,1130,1291,1526,1595,1074,1602,1522,1437
2025-06-24 14:28:31.956,1477,1395,817,1427,1434,1616,1232,1377,1525,1440
2025-06-24 14:28:32.055,1483,1392,647,1499,1366,1696,1328,1131,1532,1459
2025-06-24 14:28:32.155,1489,1472,541,1584,1290,1746,1370,1008,1533,1447
2025-06-24 14:28:32.254,1490,1579,567,1709,1314,1869,1479,1035,1527,1445
2025-06-24 14:28:32.354,1497,1603,688,1811,1330,2122,1531,1226,1526,1440
2025-06-24 14:28:32.454,1497,1584,907,1850,1387,2139,1498,1263,1519,1435
2025-06-24 14:28:32.554,1495,1591,1167,1909,1378,2053,1453,1245,1520,1437
2025-06-24 14:28:32.654,1491,1626,1337,1979,1467,1935,1522,1309,1533,1450
2025-06-24 14:28:32.754,1502,1644,1583,2099,1616,1875,1618,1429,1531,1445
2025-06-24 14:28:32.854,1489,1677,1807,2275,1611,1936,1712,1486,1520,1429
2025-06-24 14:28:32.954,1489,1661,1975,2478,1648,1923,1700,1512,1520,1434
2025-06-24 14:28:33.054,1487,1614,2035,2298,1574,1807,1717,1628,1527,1444
2025-06-24 14:28:33.154,1477,1649,2054,1913,1563,1679,1679,1795,1515,1426
2025-06-24 14:28:33.253,1472,1709,2038,1616,1515,1520,1678,1859,1521,1437
2025-06-24 14:28:33.353,1469,1700,1983,1405,1573,1529,1683,2079,1525,1442
2025-06-24 14:28:33.452,1458,1634,1909,1331,1441,1639,1642,2013,1530,1442
2025-06-24 14:28:33.552,1458,1477,1847,1324,1383,1798,1614,1440,1527,1443
2025-06-24 14:28:33.652,1456,1364,1776,1214,1450,1786,1643,852,1535,1447
2025-06-24 14:28:33.752,1438,1332,1730,1358,1549,1739,1622,433,1543,1449
2025-06-24 14:28:33.851,1457,1339,1680,1366,1520,1712,1552,112,1535,1451
2025-06-24 14:28:33.951,1456,1359,1661,1488,1554,1739,1606,21,1535,1447
2025-06-24 14:28:34.051,1457,1370,1616,1531,1616,1731,1673,114,1533,1447
2025-06-24 14:28:34.151,1467,1428,1589,1566,1619,1717,1783,576,1529,1446
2025-06-24 14:28:34.251,1475,1459,1535,1600,1647,1682,1761,1037,1520,1436
2025-06-24 14:28:34.351,1479,1488,1509,1568,1593,1582,1789,1330,1533,1449
2025-06-24 14:28:34.451,1488,1466,1533,1559,1570,1425,1803,1474,1523,1438
2025-06-24 14:28:34.550,1485,1493,1487,1555,1583,1344,1809,1629,1520,1436
2025-06-24 14:28:34.649,1493,1520,1520,1597,1520,1327,1619,1552,1521,1433
2025-06-24 14:28:34.749,1493,1526,1505,1592,1547,1381,1303,1365,1518,1433
2025-06-24 14:28:34.849,1488,1605,1505,1531,1498,1402,1183,1299,1534,1466
2025-06-24 14:28:34.949,1482,1695,1513,1525,1520,1417,1109,1441,1535,1447
2025-06-24 14:28:35.048,1463,1679,1499,1499,1520,1414,1157,1566,1526,1439
2025-06-24 14:28:35.148,1478,1662,1488,1507,1562,1475,1252,1621,1520,1436
2025-06-24 14:28:35.248,1456,1674,1473,1510,1552,1520,1373,1602,1520,1437
2025-06-24 14:28:35.348,1477,1680,1473,1384,1501,1590,1522,1601,1526,1441
2025-06-24 14:28:35.448,1472,1571,1474,1137,1493,1552,1491,1642,1531,1446
2025-06-24 14:28:35.548,1473,1439,1459,857,1466,1488,1552,1553,1535,1455
2025-06-24 14:28:35.648,1467,1333,1449,685,1485,1458,1514,1458,1531,1442
2025-06-24 14:28:35.748,1455,1345,1440,632,1483,1393,1463,1541,1527,1441
2025-06-24 14:28:35.852,1444,1415,1425,719,1531,1280,1527,1667,1526,1439
2025-06-24 14:28:35.951,1442,1455,1445,891,1559,1255,1579,1306,1522,1433
2025-06-24 14:28:36.051,1442,1488,1414,1125,1587,1258,1517,794,1521,1433
2025-06-24 14:28:36.151,1453,1535,1485,1325,1569,1207,1547,422,1527,1440
2025-06-24 14:28:36.250,1456,1585,1491,1505,1552,1206,1520,357,1526,1445
2025-06-24 14:28:36.350,1461,1602,1483,1655,1531,1125,1424,568,1535,1446
2025-06-24 14:28:36.450,1471,1566,1497,1812,1498,1147,1429,1077,1526,1437
2025-06-24 14:28:36.549,1485,1523,1513,1871,1457,1269,1489,1573,1525,1441
2025-06-24 14:28:36.649,1483,1497,1489,1871,1488,1392,1513,1849,1522,1438
2025-06-24 14:28:36.749,1478,1513,1522,1953,1451,1524,1683,2015,1527,1439
2025-06-24 14:28:36.850,1482,1554,1497,2013,1509,1654,1678,2093,1526,1441
2025-06-24 14:28:36.945,1491,1631,1495,2104,1529,1822,1582,2091,1519,1438
2025-06-24 14:28:37.045,1490,1626,1505,2140,1499,1982,1600,2032,1525,1443
2025-06-24 14:28:37.145,1499,1611,1517,2320,1488,2096,1618,1935,1527,1440
2025-06-24 14:28:37.245,1506,1638,1477,2325,1470,1712,1653,1842,1521,1438
2025-06-24 14:28:37.345,1511,1643,1424,2055,1502,873,1733,1906,1523,1439
2025-06-24 14:28:37.445,1506,1568,1475,1739,1489,229,1837,1989,1531,1456
2025-06-24 14:28:37.545,1509,1490,1505,1465,1488,28,1893,2010,1535,1453
2025-06-24 14:28:37.645,1506,1437,1451,1346,1494,147,1871,2031,1535,1450
2025-06-24 14:28:37.745,1505,1424,1403,1331,1534,439,1869,1963,1523,1437
2025-06-24 14:28:37.845,1505,1484,1362,1265,1483,861,1715,1907,1520,1434
2025-06-24 14:28:37.945,1503,1520,1319,1299,1529,1315,1417,1867,1522,1439
2025-06-24 14:28:38.045,1493,1535,1343,1349,1488,1802,1069,1789,1527,1444
2025-06-24 14:28:38.145,1482,1545,1372,1445,1478,2256,880,1596,1529,1455
2025-06-24 14:28:38.245,1472,1600,1435,1488,1455,2661,899,1421,1535,1449
2025-06-24 14:28:38.345,1456,1586,1449,1475,1429,3123,1035,1103,1548,1456
2025-06-24 14:28:38.445,1463,1506,1250,1529,1473,4095,1145,849,1530,1443
2025-06-24 14:28:38.545,1460,1467,1045,1597,1550,4095,1233,847,1527,1439
2025-06-24 14:28:38.645,1463,1499,1009,1581,1549,4095,1479,1151,1523,1440
2025-06-24 14:28:38.745,1471,1529,1095,1601,1520,3671,1555,1429,1521,1438
2025-06-24 14:28:38.845,1478,1606,1241,1546,1509,2528,1589,1702,1520,1442
2025-06-24 14:28:38.945,1484,1750,1441,1568,1394,1823,1554,1819,1531,1444
2025-06-24 14:28:39.045,1495,1777,1575,1522,1411,1419,1570,1841,1547,1453
2025-06-24 14:28:39.144,1494,1776,1584,1501,1456,1264,1561,1943,1533,1442
2025-06-24 14:28:39.244,1503,1659,1599,1511,1649,1264,1524,2011,1524,1437
2025-06-24 14:28:39.344,1504,1573,1835,1535,1765,1282,1582,1988,1523,1435
2025-06-24 14:28:39.444,1498,1552,2399,1471,1737,1338,1563,1983,1534,1446
2025-06-24 14:28:39.544,1491,1457,2794,1441,1632,1456,1582,1953,1530,1443
2025-06-24 14:28:39.644,1498,1373,2529,1263,1547,1380,1680,1945,1526,1462
2025-06-24 14:28:39.744,1493,1329,1971,944,1421,1077,1755,1868,1523,1438
2025-06-24 14:28:39.844,1490,1311,1459,716,1322,683,1754,1904,1533,1443
2025-06-24 14:28:39.944,1481,1349,1168,656,1228,560,1810,1761,1532,1443
2025-06-24 14:28:40.044,1481,1397,1077,720,1227,790,1783,1662,1520,1437
2025-06-24 14:28:40.144,1479,1487,1121,815,1271,1142,1823,1721,1520,1430
2025-06-24 14:28:40.244,1482,1556,1159,928,1328,1426,1831,1630,1521,1440
2025-06-24 14:28:40.344,1474,1552,1183,1028,1430,1631,1851,1571,1522,1450
2025-06-24 14:28:40.444,1475,1501,1203,1105,1503,1731,1829,1635,1520,1434
2025-06-24 14:28:40.544,1459,1485,1214,1249,1520,1771,1936,1542,1525,1441
2025-06-24 14:28:40.643,1462,1495,1243,1397,1549,1806,2128,1377,1531,1445
2025-06-24 14:28:40.743,1461,1535,1315,1595,1535,1825,2190,1165,1527,1440
2025-06-24 14:28:40.842,1456,1600,1383,1680,1562,1840,2304,1253,1530,1446
2025-06-24 14:28:40.942,1472,1741,1425,1786,1558,1826,2307,1463,1530,1447
2025-06-24 14:28:41.042,1484,1732,1459,1961,1533,1851,2141,1648,1518,1439
2025-06-24 14:28:41.142,1472,1760,1493,2150,1547,1861,1679,1749,1523,1435
2025-06-24 14:28:41.242,1483,1770,1488,2288,1597,1806,1166,1815,1520,1435
2025-06-24 14:28:41.342,1484,1764,1504,2287,1601,1733,991,1958,1533,1450
2025-06-24 14:28:41.442,1488,1664,1556,2423,1563,1795,912,2032,1535,1450
2025-06-24 14:28:41.542,1488,1515,1571,2411,1520,1952,1167,2111,1521,1441
2025-06-24 14:28:41.642,1493,1406,1636,2154,1562,1613,1392,2113,1520,1435
2025-06-24 14:28:41.742,1495,1410,1655,1853,1606,1346,1507,1947,1526,1440
2025-06-24 14:28:41.842,1504,1476,1648,1596,1616,1051,1680,1681,1531,1449
2025-06-24 14:28:41.942,1493,1509,1635,1413,1638,890,1728,1574,1535,1450
2025-06-24 14:28:42.042,1493,1506,1650,1327,1589,831,1590,1412,1531,1446
2025-06-24 14:28:42.142,1488,1566,1678,1333,1514,904,1420,1287,1522,1441
2025-06-24 14:28:42.242,1485,1595,1710,1322,1543,433,1434,1261,1528,1440
2025-06-24 14:28:42.342,1473,1562,1695,1346,1547,0,1456,1230,1527,1441
2025-06-24 14:28:42.442,1479,1509,1667,1374,1526,0,1383,1264,1520,1439
2025-06-24 14:28:42.542,1472,1472,1664,1529,1535,0,1456,1246,1520,1422
2025-06-24 14:28:42.642,1472,1501,1595,1631,1489,0,1499,1408,1523,1442
2025-06-24 14:28:42.742,1462,1497,1567,1690,1499,103,1535,1281,1529,1447
2025-06-24 14:28:42.842,1457,1559,1550,1616,1487,612,1631,999,1531,1449
2025-06-24 14:28:42.942,1463,1664,1459,1617,1545,1121,1623,863,1532,1436
2025-06-24 14:28:43.042,1463,1642,1366,1557,1549,1699,1744,912,1520,1439
2025-06-24 14:28:43.142,1465,1665,1357,1483,1526,2210,1963,1075,1535,1448
2025-06-24 14:28:43.242,1472,1782,1341,1515,1456,2640,1904,1328,1523,1442
2025-06-24 14:28:43.342,1478,1803,1334,1483,1469,3024,1856,1404,1531,1451
2025-06-24 14:28:43.442,1472,1691,1360,1420,1462,4095,1886,1472,1525,1446
2025-06-24 14:28:43.542,1473,1471,1385,1430,1481,4095,1968,1577,1521,1437
2025-06-24 14:28:43.642,1482,1311,1371,1428,1517,4095,1871,1615,1523,1439
2025-06-24 14:28:43.742,1488,1289,1355,1551,1563,3094,1927,1732,1527,1450
2025-06-24 14:28:43.842,1497,1302,1347,1318,1503,2132,2043,1827,1525,1440
2025-06-24 14:28:43.942,1490,1349,1387,1046,1526,1503,2128,1827,1526,1439
2025-06-24 14:28:44.042,1489,1444,1383,774,1489,1203,2117,1711,1527,1437
2025-06-24 14:28:44.142,1484,1542,1437,684,1475,1222,2063,1649,1535,1447
2025-06-24 14:28:44.242,1484,1505,1443,716,1488,1281,1648,1593,1531,1446
2025-06-24 14:28:44.342,1475,1494,1325,847,1531,1058,1229,1645,1535,1447
2025-06-24 14:28:44.442,1467,1459,1120,1007,1567,624,1040,1663,1522,1437
2025-06-24 14:28:44.542,1463,1431,935,1254,1534,387,896,1500,1520,1436
2025-06-24 14:28:44.642,1454,1438,839,1438,1493,557,762,1322,1521,1437
2025-06-24 14:28:44.742,1427,1476,823,1533,1446,867,880,1355,1526,1442
2025-06-24 14:28:44.842,1412,1567,937,1680,1437,1192,1011,1507,1535,1449
2025-06-24 14:28:44.942,1405,1632,1066,1752,1494,1486,1062,1574,1526,1440
2025-06-24 14:28:45.042,1409,1641,1230,1803,1505,1740,1001,1552,1519,1435
2025-06-24 14:28:45.142,1411,1697,1363,1846,1466,1869,895,1398,1521,1435
2025-06-24 14:28:45.242,1447,1733,1580,1926,1534,1901,791,1375,1517,1413
2025-06-24 14:28:45.342,1446,1712,1722,1969,1552,1955,740,1408,1523,1440
2025-06-24 14:28:45.442,1458,1546,1840,1968,1616,1979,752,1517,1520,1434
2025-06-24 14:28:45.542,1466,1426,1893,2065,1658,1950,841,1671,1509,1425
2025-06-24 14:28:45.642,1473,1424,1962,2145,1595,1911,1035,1917,1531,1442
2025-06-24 14:28:45.742,1483,1422,1959,2249,1519,1858,1180,1961,1522,1437
2025-06-24 14:28:45.842,1489,1451,1952,2163,1472,1870,1247,1945,1520,1431
2025-06-24 14:28:45.946,1492,1477,1882,1897,1392,1882,1358,1872,1520,1430
2025-06-24 14:28:46.046,1504,1520,1799,1568,1405,1827,1487,1699,1531,1446
2025-06-24 14:28:46.145,1504,1587,1743,1355,1405,1790,1553,1550,1535,1450
2025-06-24 14:28:46.244,1485,1510,1728,1212,1451,1749,1554,1399,1523,1426
2025-06-24 14:28:46.344,1507,1505,1698,1183,1369,1769,1510,1285,1529,1439
2025-06-24 14:28:46.443,1510,1508,1689,1170,1341,1711,1552,1008,1535,1450
2025-06-24 14:28:46.543,1505,1503,1641,1213,1363,1675,1645,898,1547,1456
2025-06-24 14:28:46.643,1494,1552,1570,1312,1296,1623,1680,879,1547,1456
2025-06-24 14:28:46.743,1488,1519,1535,1409,1265,1636,1680,753,1535,1451
2025-06-24 14:28:46.843,1485,1523,1519,1515,1326,1661,1694,720,1535,1451
2025-06-24 14:28:46.944,1472,1594,1453,1597,1401,1622,1745,871,1535,1446
2025-06-24 14:28:47.039,1479,1558,1398,1689,1482,1185,1746,881,1519,1434
2025-06-24 14:28:47.139,1472,1602,1424,1566,1515,130,1670,1103,1521,1439
2025-06-24 14:28:47.239,1470,1595,1424,1529,1584,0,1630,1225,1524,1442
2025-06-24 14:28:47.339,1467,1543,1413,1535,1585,0,1429,1269,1524,1435
2025-06-24 14:28:47.439,1465,1426,1424,1520,1584,0,1186,1339,1531,1442
2025-06-24 14:28:47.539,1463,1302,1468,1486,1595,38,1037,1480,1520,1435
2025-06-24 14:28:47.639,1476,1310,1573,1541,1550,541,1049,1729,1527,1455
2025-06-24 14:28:47.738,1475,1360,1698,1487,1504,1059,1111,1967,1530,1449
2025-06-24 14:28:47.838,1486,1410,1783,1506,1552,1579,1301,2127,1527,1443
2025-06-24 14:28:47.938,1491,1447,1786,1475,1595,2105,1392,2007,1520,1435
2025-06-24 14:28:48.038,1500,1489,1722,1429,1598,2533,1456,2013,1520,1436
2025-06-24 14:28:48.138,1501,1489,1684,1165,1583,2953,1476,1873,1520,1434
2025-06-24 14:28:48.238,1510,1462,1621,827,1568,4095,1223,1494,1523,1443
2025-06-24 14:28:48.338,1509,1410,1584,813,1583,4095,1233,1237,1520,1438
2025-06-24 14:28:48.438,1509,1415,1477,784,1623,4095,1429,1104,1526,1438
2025-06-24 14:28:48.538,1506,1462,1367,901,1552,3488,1550,982,1531,1443
2025-06-24 14:28:48.638,1505,1471,1285,1078,1599,2320,1575,912,1527,1446
2025-06-24 14:28:48.738,1491,1501,1232,1237,1585,1577,1552,839,1530,1440
2025-06-24 14:28:48.838,1490,1643,1287,1404,1569,1333,1467,763,1535,1449
2025-06-24 14:28:48.938,1483,1698,1299,1613,1551,1231,1486,735,1522,1436
2025-06-24 14:28:49.038,1482,1744,1353,1738,1506,951,1545,980,1527,1438
2025-06-24 14:28:49.138,1481,1789,1401,1826,1491,543,1600,1126,1525,1444
2025-06-24 14:28:49.238,1473,1758,1409,1849,1552,223,1600,1223,1531,1452
2025-06-24 14:28:49.338,1467,1616,1447,1904,1566,281,1634,1243,1535,1451
2025-06-24 14:28:49.438,1456,1473,1488,2023,1533,562,1710,1072,1525,1443
2025-06-24 14:28:49.538,1445,1424,1468,2000,1552,939,1817,991,1520,1440
2025-06-24 14:28:49.637,1450,1456,1350,2047,1565,1233,1984,1019,1520,1439
2025-06-24 14:28:49.737,1456,1484,1120,2047,1545,1497,2067,1135,1525,1440
2025-06-24 14:28:49.837,1456,1526,864,2149,1486,1731,2162,1291,1535,1453
2025-06-24 14:28:49.937,1471,1558,777,2242,1534,1850,2083,1342,1529,1455
2025-06-24 14:28:50.037,1473,1587,759,2119,1573,1829,1966,1418,1534,1447
2025-06-24 14:28:50.137,1486,1531,805,1837,1604,1795,1834,1406,1525,1440
2025-06-24 14:28:50.237,1488,1472,966,1582,1617,1774,1767,1489,1526,1438
2025-06-24 14:28:50.337,1511,1430,1136,1434,1552,1753,1664,1586,1527,1443
2025-06-24 14:28:50.437,1499,1424,1291,1331,1501,1758,1309,1504,1525,1438
2025-06-24 14:28:50.537,1499,1434,1481,1323,1506,1755,1164,1330,1530,1442
2025-06-24 14:28:50.637,1503,1487,1690,1393,1459,1746,1200,1141,1525,1439
2025-06-24 14:28:50.737,1499,1574,1872,1406,1375,1683,1305,1153,1525,1442
2025-06-24 14:28:50.837,1478,1683,2015,1488,1410,1636,1423,1327,1526,1443
2025-06-24 14:28:50.937,1499,1739,2085,1501,1395,1615,1550,1505,1530,1438
2025-06-24 14:28:51.037,1505,1762,2130,1563,1426,1616,1698,1655,1527,1441
2025-06-24 14:28:51.137,1489,1808,2163,1532,1428,1603,1819,1712,1530,1445
2025-06-24 14:28:51.236,1481,1775,2124,1635,1445,1580,1797,1855,1526,1441
2025-06-24 14:28:51.336,1477,1638,2009,1594,1504,1500,1743,1949,1523,1438
2025-06-24 14:28:51.436,1472,1534,1911,1535,1518,1488,1747,1934,1526,1440
2025-06-24 14:28:51.536,1459,1468,1859,1518,1517,1478,1843,1655,1525,1441
2025-06-24 14:28:51.635,1462,1441,1763,1570,1499,1458,1847,1245,1526,1439
2025-06-24 14:28:51.735,1463,1451,1681,1578,1497,1471,1872,914,1526,1441
2025-06-24 14:28:51.835,1451,1472,1669,1510,1483,1477,1844,877,1510,1424
2025-06-24 14:28:51.935,1472,1571,1639,1557,1501,1507,1846,1219,1523,1443
2025-06-24 14:28:52.035,1475,1625,1628,1616,1497,1153,1872,1680,1529,1442
2025-06-24 14:28:52.135,1482,1591,1614,1575,1558,42,1904,1776,1529,1446
2025-06-24 14:28:52.235,1483,1383,1423,1280,1335,0,1785,1765,1529,1445
2025-06-24 14:28:52.335,1484,1417,1453,1408,1290,0,2067,2169,1531,1444
2025-06-24 14:28:52.435,1479,1455,1531,1350,1394,0,2273,2559,1547,1453
2025-06-24 14:28:52.535,1472,1406,1483,935,1444,0,2270,2799,1547,1456
2025-06-24 14:28:52.635,1485,1392,1397,688,1489,368,2192,2731,1530,1442
2025-06-24 14:28:52.735,1488,1575,1458,718,1605,1055,2207,2624,1525,1442
2025-06-24 14:28:52.835,1488,1669,1553,894,1646,1677,2137,2545,1520,1433
2025-06-24 14:28:52.935,1471,1645,1507,927,1484,2125,1990,2338,1525,1441
2025-06-24 14:28:53.035,1483,1671,1462,1017,1393,2597,1808,2231,1515,1430
2025-06-24 14:28:53.135,1475,1740,1476,1296,1424,3003,1711,2263,1515,1430
2025-06-24 14:28:53.235,1471,1730,1522,1495,1433,3905,1443,2181,1524,1440
2025-06-24 14:28:53.335,1483,1533,1440,1589,1387,4095,1129,2000,1531,1445
2025-06-24 14:28:53.435,1467,1366,1374,1623,1350,4095,857,1966,1532,1443
2025-06-24 14:28:53.535,1456,1425,1427,1761,1426,3792,896,2069,1533,1445
2025-06-24 14:28:53.635,1465,1485,1511,1941,1488,2517,1157,2077,1531,1447
2025-06-24 14:28:53.735,1469,1441,1415,1911,1498,1715,1363,1893,1532,1445
2025-06-24 14:28:53.835,1456,1409,1270,1856,1472,1456,1426,1631,1531,1445
2025-06-24 14:28:53.935,1453,1507,1312,2001,1535,1263,1488,1469,1541,1452
2025-06-24 14:28:54.035,1457,1599,1437,2162,1589,816,1462,1408,1526,1441
2025-06-24 14:28:54.135,1456,1534,1441,2018,1535,367,1403,1315,1520,1433
2025-06-24 14:28:54.235,1456,1456,1393,2039,1549,159,1198,1201,1522,1430
2025-06-24 14:28:54.335,1463,1527,1488,2141,1594,352,944,1274,1531,1439
2025-06-24 14:28:54.435,1470,1552,1616,2014,1626,757,784,1255,1533,1448
2025-06-24 14:28:54.535,1474,1519,1601,1677,1597,1111,677,1225,1522,1443
2025-06-24 14:28:54.635,1474,1527,1578,1314,1569,1345,637,1286,1526,1437
2025-06-24 14:28:54.735,1478,1709,1770,1306,1579,1602,714,1415,1525,1435
2025-06-24 14:28:54.835,1485,1735,1840,1327,1609,1779,978,1467,1527,1440
2025-06-24 14:28:54.935,1495,1667,1787,1325,1575,1829,1098,1518,1523,1438
2025-06-24 14:28:55.035,1489,1605,1648,1333,1563,1823,1328,1494,1534,1450
2025-06-24 14:28:55.135,1494,1530,1616,1570,1659,1793,1570,1614,1529,1444
2025-06-24 14:28:55.235,1491,1413,1605,1669,1609,1840,1643,1679,1535,1453
2025-06-24 14:28:55.335,1491,1264,1436,1654,1530,1867,1617,1669,1521,1441
2025-06-24 14:28:55.435,1497,1329,1445,1777,1694,1904,1613,1859,1524,1439
2025-06-24 14:28:55.535,1499,1328,1344,1755,1689,1835,1411,1872,1531,1446
2025-06-24 14:28:55.635,1488,1362,1157,1630,1647,1778,1341,1789,1533,1446
2025-06-24 14:28:55.735,1487,1405,841,1505,1587,1730,1155,1669,1520,1431
2025-06-24 14:28:55.835,1472,1440,613,1488,1504,1702,940,1663,1523,1440
2025-06-24 14:28:55.935,1467,1485,483,1480,1420,1680,782,1605,1531,1447
2025-06-24 14:28:56.039,1467,1455,471,1489,1410,1654,662,1550,1525,1439
2025-06-24 14:28:56.139,1462,1487,541,1491,1375,1602,715,1548,1525,1439
2025-06-24 14:28:56.239,1456,1565,666,1520,1399,1559,846,1469,1522,1441
2025-06-24 14:28:56.339,1456,1610,871,1499,1430,1547,1111,1370,1523,1440
2025-06-24 14:28:56.439,1461,1667,1081,1493,1450,1506,1149,1391,1527,1441
2025-06-24 14:28:56.539,1463,1723,1315,1458,1432,1490,1221,1332,1530,1446
2025-06-24 14:28:56.639,1463,1818,1511,1477,1465,1482,1403,1136,1530,1444
2025-06-24 14:28:56.739,1462,1857,1713,1438,1499,1472,1515,911,1518,1431
2025-06-24 14:28:56.839,1488,1904,1934,1429,1519,1467,1605,880,1523,1448
2025-06-24 14:28:56.939,1503,1894,2131,1485,1501,1505,1585,1071,1529,1443
2025-06-24 14:28:57.040,1493,1818,2179,1519,1502,1486,1618,1208,1525,1443
2025-06-24 14:28:57.135,1491,1693,2166,1379,1504,1482,1542,1392,1531,1445
2025-06-24 14:28:57.235,1499,1505,2119,1037,1506,1509,1615,1456,1533,1459
2025-06-24 14:28:57.335,1503,1410,2041,803,1527,1486,1655,1518,1535,1455
2025-06-24 14:28:57.435,1497,1365,2003,711,1519,1490,1678,1336,1523,1440
2025-06-24 14:28:57.535,1499,1347,1911,714,1553,1009,1757,1090,1522,1450
2025-06-24 14:28:57.635,1494,1347,1827,864,1534,0,1888,995,1529,1447
2025-06-24 14:28:57.735,1474,1390,1798,998,1584,0,1829,963,1535,1450
2025-06-24 14:28:57.834,1486,1379,1769,1157,1490,0,1847,973,1542,1450
2025-06-24 14:28:57.934,1474,1344,1726,1424,1495,0,1799,1039,1535,1445
2025-06-24 14:28:58.034,1463,1325,1697,1527,1472,0,1743,1161,1525,1443
2025-06-24 14:28:58.134,1470,1328,1648,1615,1458,505,1674,1200,1522,1440
2025-06-24 14:28:58.234,1470,1387,1614,1763,1479,1180,1462,1293,1530,1445
2025-06-24 14:28:58.334,1461,1461,1593,1822,1535,1819,1189,1407,1522,1431
2025-06-24 14:28:58.434,1455,1533,1571,1826,1491,2359,985,1486,1519,1431
2025-06-24 14:28:58.534,1456,1629,1475,1872,1481,2820,929,1529,1518,1429
2025-06-24 14:28:58.634,1462,1751,1475,1969,1525,3209,896,1399,1524,1437
2025-06-24 14:28:58.734,1467,1789,1475,2117,1549,4095,994,1261,1523,1440
2025-06-24 14:28:58.834,1463,1831,1499,2177,1532,4095,991,1146,1521,1439
2025-06-24 14:28:58.934,1471,1831,1459,2199,1503,4095,1147,1166,1522,1438
2025-06-24 14:28:59.035,1469,1712,1505,2094,1486,3632,1260,1296,1524,1441
2025-06-24 14:28:59.135,1470,1565,1497,1853,1510,2352,1367,1419,1527,1446
2025-06-24 14:28:59.235,1483,1461,1475,1626,1500,1744,1552,1493,1531,1458
2025-06-24 14:28:59.334,1499,1445,1457,1446,1497,1493,1599,1574,1535,1450
2025-06-24 14:28:59.434,1487,1455,1467,1316,1467,1072,1629,1638,1535,1452
2025-06-24 14:28:59.533,1495,1450,1488,1222,1461,542,1741,1655,1531,1442
2025-06-24 14:28:59.632,1495,1480,1498,1271,1331,179,1675,1629,1523,1440
2025-06-24 14:28:59.731,1500,1520,1499,1351,1369,176,1699,1613,1525,1436
2025-06-24 14:28:59.830,1493,1503,1552,1443,1334,475,1782,1620,1527,1442
2025-06-24 14:28:59.929,1499,1460,1506,1523,1357,880,1919,1618,1523,1440
2025-06-24 14:29:00.027,1499,1463,1484,1614,1377,1211,2059,1622,1523,1440
2025-06-24 14:29:00.133,1485,1488,1473,1574,1401,1504,2021,1508,1520,1431
2025-06-24 14:29:00.227,1466,1531,1460,1584,1550,1649,2086,1257,1533,1446
2025-06-24 14:29:00.326,1455,1594,1437,1598,1552,1767,1968,1152,1521,1438
2025-06-24 14:29:00.426,1446,1663,1471,1513,1602,1764,1603,1047,1519,1434
2025-06-24 14:29:00.525,1441,1762,1491,1454,1587,1781,1289,1008,1525,1440
2025-06-24 14:29:00.625,1447,1757,1547,1415,1565,1827,1146,1253,1526,1444
2025-06-24 14:29:00.725,1450,1806,1519,1469,1569,1840,1140,1200,1522,1443
2025-06-24 14:29:00.825,1452,1835,1518,1461,1560,1840,1259,926,1523,1443
2025-06-24 14:29:00.925,1446,1815,1527,1436,1530,1820,1587,976,1525,1434
2025-06-24 14:29:01.025,1453,1665,1520,1456,1549,1825,1456,1168,1531,1430
2025-06-24 14:29:01.125,1458,1520,1499,1360,1505,1763,1461,1383,1535,1453
2025-06-24 14:29:01.225,1473,1476,1477,1481,1548,1732,1551,1549,1543,1456
2025-06-24 14:29:01.324,1482,1445,1488,1501,1575,1713,1734,1712,1529,1446
2025-06-24 14:29:01.424,1499,1455,1488,1490,1607,1698,1846,1857,1527,1441
2025-06-24 14:29:01.523,1513,1425,1488,1499,1600,1647,1985,1931,1528,1439
2025-06-24 14:29:01.622,1507,1391,1470,1543,1632,1575,2064,1968,1527,1440
2025-06-24 14:29:01.722,1510,1344,1436,1571,1595,1554,1931,1946,1535,1452
2025-06-24 14:29:01.822,1511,1264,1452,1553,1550,1547,1893,1994,1534,1445
2025-06-24 14:29:01.922,1510,1232,1456,1475,1465,1456,1997,1942,1531,1447
2025-06-24 14:29:02.022,1502,1275,1467,1204,1479,1482,1988,1897,1527,1441
2025-06-24 14:29:02.122,1493,1280,1363,963,1506,1521,2266,1879,1520,1435
2025-06-24 14:29:02.221,1474,1334,1154,775,1498,1481,2494,1784,1513,1424
2025-06-24 14:29:02.321,1488,1424,991,775,1611,1493,2594,1754,1531,1444
2025-06-24 14:29:02.421,1485,1584,941,898,1565,1502,2482,1584,1526,1443
2025-06-24 14:29:02.520,1479,1671,940,1057,1545,1457,2158,1119,1530,1444
2025-06-24 14:29:02.620,1458,1729,1039,1228,1552,1498,1744,880,1530,1441
2025-06-24 14:29:02.719,1445,1771,1147,1367,1553,1472,1520,882,1520,1438
2025-06-24 14:29:02.818,1443,1681,1297,1476,1541,1465,1587,963,1525,1441
2025-06-24 14:29:02.918,1431,1547,1478,1626,1552,1470,1806,813,1521,1439
2025-06-24 14:29:03.018,1429,1435,1683,1712,1558,1477,1998,704,1527,1446
2025-06-24 14:29:03.118,1431,1434,1805,1782,1502,1475,1905,783,1523,1439
2025-06-24 14:29:03.218,1430,1501,1893,1843,1491,1530,1798,1047,1525,1443
2025-06-24 14:29:03.318,1441,1530,1898,1856,1447,1522,1731,1309,1535,1451
2025-06-24 14:29:03.418,1425,1552,1854,1947,1459,1335,1711,1519,1530,1440
2025-06-24 14:29:03.517,1462,1565,1823,2031,1464,243,1790,1765,1523,1439
2025-06-24 14:29:03.617,1470,1521,1734,2128,1456,0,1769,1854,1522,1440
2025-06-24 14:29:03.716,1483,1507,1662,2225,1433,0,1584,1895,1521,1433
2025-06-24 14:29:03.816,1488,1470,1616,2143,1439,0,1391,1858,1520,1435
2025-06-24 14:29:03.915,1493,1498,1558,1946,1501,0,1152,1802,1526,1438
2025-06-24 14:29:04.015,1493,1520,1613,1636,1533,123,875,1841,1535,1447
2025-06-24 14:29:04.115,1499,1526,1711,1392,1499,720,663,1731,1533,1449
2025-06-24 14:29:04.215,1504,1578,1673,1376,1454,1406,704,1684,1529,1445
2025-06-24 14:29:04.314,1490,1679,1584,1311,1437,2064,769,1698,1523,1440
2025-06-24 14:29:04.413,1473,1731,1552,1313,1486,2640,734,1680,1519,1434
2025-06-24 14:29:04.512,1433,1741,1494,1316,1520,3117,607,1456,1523,1441
2025-06-24 14:29:04.612,1447,1758,1456,1363,1618,3888,495,1280,1521,1437
2025-06-24 14:29:04.711,1437,1672,1360,1451,1595,4095,498,1296,1534,1450
2025-06-24 14:29:04.811,1438,1514,1294,1578,1531,4095,574,1398,1533,1447
2025-06-24 14:29:04.911,1451,1392,1262,1645,1531,4095,799,1365,1526,1443
2025-06-24 14:29:05.011,1452,1344,1287,1600,1466,2902,1020,1451,1527,1445
2025-06-24 14:29:05.111,1470,1360,1291,1577,1491,2176,1088,1214,1523,1437
2025-06-24 14:29:05.211,1488,1389,1312,1552,1466,1602,1155,914,1534,1445
2025-06-24 14:29:05.310,1493,1424,1360,1562,1463,949,1270,961,1550,1456
2025-06-24 14:29:05.410,1490,1466,1415,1535,1507,482,1312,1190,1533,1450
2025-06-24 14:29:05.510,1504,1465,1472,1572,1523,265,1449,1380,1530,1442
2025-06-24 14:29:05.610,1511,1434,1471,1447,1495,395,1573,1622,1529,1446
2025-06-24 14:29:05.710,1520,1442,1483,1459,1506,721,1776,1673,1534,1435
2025-06-24 14:29:05.810,1527,1458,1511,1456,1511,1086,1830,1650,1531,1447
2025-06-24 14:29:05.909,1530,1479,1535,1501,1494,1427,1872,1579,1524,1438
2025-06-24 14:29:06.009,1530,1508,1507,1595,1568,1625,1969,1585,1517,1437
2025-06-24 14:29:06.113,1522,1567,1530,1596,1542,1776,2128,1678,1520,1440
2025-06-24 14:29:06.213,1518,1685,1520,1595,1452,1828,2176,1548,1520,1441
2025-06-24 14:29:06.312,1517,1755,1328,1555,1395,1857,2123,1420,1523,1439
2025-06-24 14:29:06.412,1511,1811,1050,1554,1402,1886,1951,1477,1525,1440
2025-06-24 14:29:06.512,1520,1851,838,1403,1386,1927,1602,1659,1529,1443
2025-06-24 14:29:06.612,1504,1783,723,1133,1377,1886,1479,1902,1524,1440
2025-06-24 14:29:06.712,1497,1600,678,854,1407,1886,1483,2064,1525,1440
2025-06-24 14:29:06.811,1491,1474,717,766,1374,1813,1553,2282,1523,1439
2025-06-24 14:29:06.911,1486,1417,816,791,1423,1785,1634,2300,1526,1443
2025-06-24 14:29:07.011,1481,1433,1007,945,1488,1781,1567,2067,1526,1439
2025-06-24 14:29:07.112,1472,1466,1191,1090,1499,1685,1387,1753,1526,1439
2025-06-24 14:29:07.207,1474,1520,1382,1163,1569,1646,1247,1663,1520,1438
2025-06-24 14:29:07.307,1472,1557,1616,1292,1549,1550,1206,1677,1523,1441
2025-06-24 14:29:07.407,1467,1594,1806,1424,1529,1486,1136,1797,1526,1444
2025-06-24 14:29:07.507,1450,1584,2003,1625,1563,1473,1037,1709,1534,1449
2025-06-24 14:29:07.606,1445,1554,2155,1815,1627,1457,976,1531,1532,1442
2025-06-24 14:29:07.706,1419,1551,2174,1870,1659,1449,994,1407,1524,1439
2025-06-24 14:29:07.806,1440,1567,2192,1879,1669,1505,1154,1308,1521,1440
2025-06-24 14:29:07.905,1440,1571,2153,1894,1620,1505,1455,1126,1526,1441
2025-06-24 14:29:08.005,1441,1557,2027,1909,1569,1482,1712,1138,1520,1431
2025-06-24 14:29:08.105,1455,1582,1918,1993,1518,1479,1691,1383,1520,1432
2025-06-24 14:29:08.205,1455,1705,1862,1915,1503,1424,1535,1480,1535,1449
2025-06-24 14:29:08.305,1472,1722,1797,2078,1460,1417,1387,1488,1533,1449
2025-06-24 14:29:08.404,1480,1761,1719,1940,1477,1421,1103,1449,1530,1446
2025-06-24 14:29:08.504,1475,1745,1683,1684,1423,1453,926,1469,1535,1442
2025-06-24 14:29:08.604,1459,1681,1681,1436,1483,1410,1076,1590,1526,1444
2025-06-24 14:29:08.704,1453,1545,1626,1243,1457,1418,1286,1729,1529,1445
2025-06-24 14:29:08.804,1439,1425,1616,1120,1392,1476,1455,1853,1531,1450
2025-06-24 14:29:08.903,1424,1419,1600,1046,1503,1461,1495,1823,1531,1443
2025-06-24 14:29:09.002,1424,1424,1584,1090,1502,1485,1490,1716,1527,1443
2025-06-24 14:29:09.102,1425,1461,1561,1191,1519,1515,1519,1621,1535,1446
2025-06-24 14:29:09.202,1456,1477,1516,1353,1609,1515,1622,1612,1535,1447
2025-06-24 14:29:09.301,1446,1488,1498,1472,1595,1462,1744,1580,1519,1440
2025-06-24 14:29:09.400,1451,1493,1457,1609,1599,1440,1806,1403,1517,1427
2025-06-24 14:29:09.500,1469,1450,1447,1650,1534,1482,1857,1406,1529,1443
2025-06-24 14:29:09.600,1487,1423,1472,1645,1542,1393,1909,1310,1525,1440
2025-06-24 14:29:09.700,1501,1419,1472,1616,1525,618,1877,1322,1522,1441
2025-06-24 14:29:09.800,1504,1447,1463,1647,1498,0,2138,1237,1521,1437
2025-06-24 14:29:09.899,1517,1487,1506,1684,1511,0,2189,1008,1522,1437
2025-06-24 14:29:09.999,1524,1507,1534,1719,1488,0,2178,781,1521,1435
2025-06-24 14:29:10.099,1521,1599,1552,1656,1504,0,1907,711,1520,1424
2025-06-24 14:29:10.199,1518,1639,1510,1619,1517,0,1423,1054,1530,1447
2025-06-24 14:29:10.298,1497,1693,1501,1619,1482,322,1200,1520,1534,1445
2025-06-24 14:29:10.397,1520,1694,1555,1680,1531,973,1245,1793,1525,1438
2025-06-24 14:29:10.497,1520,1679,1533,1683,1501,1625,1473,1840,1529,1443
2025-06-24 14:29:10.597,1525,1590,1552,1584,1488,2277,1696,1955,1524,1446
2025-06-24 14:29:10.697,1515,1463,1554,1577,1472,2802,1746,1936,1524,1440
2025-06-24 14:29:10.796,1510,1406,1578,1413,1483,3328,1747,1917,1522,1442
2025-06-24 14:29:10.896,1506,1397,1562,1121,1493,4095,1845,1932,1533,1446
2025-06-24 14:29:10.996,1503,1403,1526,918,1519,4095,1938,1841,1524,1440
2025-06-24 14:29:11.096,1495,1393,1535,798,1514,4095,2043,1684,1526,1441
2025-06-24 14:29:11.196,1494,1408,1507,884,1554,3383,2189,1671,1525,1442
2025-06-24 14:29:11.296,1487,1451,1473,1037,1520,2166,2215,1616,1529,1445
2025-06-24 14:29:11.396,1484,1488,1437,1166,1498,1206,2315,1557,1530,1445
2025-06-24 14:29:11.496,1479,1482,1385,1338,1521,549,2381,1476,1529,1444
2025-06-24 14:29:11.596,1467,1419,1428,1456,1498,233,2528,1616,1526,1441
2025-06-24 14:29:11.696,1453,1455,1390,1641,1510,354,2638,1600,1529,1441
2025-06-24 14:29:11.796,1447,1481,1552,1702,1463,653,2514,1511,1530,1445
2025-06-24 14:29:11.895,1444,1519,1715,1728,1442,986,1981,1439,1530,1441
2025-06-24 14:29:11.995,1431,1555,1748,1775,1488,1317,1177,1008,1533,1443
2025-06-24 14:29:12.095,1435,1621,1735,1793,1523,1632,488,655,1523,1438
2025-06-24 14:29:12.195,1441,1664,1710,1835,1481,1810,121,580,1526,1443
2025-06-24 14:29:12.294,1450,1665,1631,1854,1473,1915,204,810,1525,1439
2025-06-24 14:29:12.394,1456,1685,1530,1989,1531,1936,367,1104,1531,1447
2025-06-24 14:29:12.494,1465,1660,1427,2064,1546,1951,466,1367,1524,1442
2025-06-24 14:29:12.594,1472,1585,1118,2128,1502,1968,598,1637,1523,1439
2025-06-24 14:29:12.694,1474,1439,768,2234,1529,1936,693,1756,1541,1451
2025-06-24 14:29:12.794,1478,1365,483,2011,1543,1872,863,1801,1533,1450
2025-06-24 14:29:12.894,1473,1385,320,1715,1584,1859,908,1841,1526,1444
2025-06-24 14:29:12.994,1456,1441,299,1471,1559,1807,1058,1897,1525,1440
2025-06-24 14:29:13.094,1440,1499,426,1299,1515,1793,1155,1879,1525,1440
2025-06-24 14:29:13.194,1405,1520,608,1255,1393,1796,1297,1773,1520,1431
2025-06-24 14:29:13.294,1424,1586,859,1270,1397,1727,1514,1758,1535,1447
2025-06-24 14:29:13.393,1424,1630,1106,1277,1360,1691,1734,1755,1542,1455
2025-06-24 14:29:13.493,1437,1578,1364,1280,1282,1627,1840,1685,1529,1447
2025-06-24 14:29:13.593,1456,1506,1611,1390,1298,1567,1747,1680,1526,1442
2025-06-24 14:29:13.693,1473,1483,1833,1443,1370,1547,1442,1467,1520,1437
2025-06-24 14:29:13.792,1488,1518,2034,1530,1342,1531,1280,1424,1520,1435
2025-06-24 14:29:13.891,1501,1556,2206,1575,1431,1502,1257,1360,1520,1429
2025-06-24 14:29:13.991,1506,1591,2286,1605,1439,1532,1286,1262,1520,1433
2025-06-24 14:29:14.091,1507,1692,2217,1586,1711,1506,1594,1323,1525,1440
2025-06-24 14:29:14.191,1514,1707,2159,1555,1724,1447,1799,1191,1520,1435
2025-06-24 14:29:14.291,1520,1744,2058,1526,1712,1455,1869,944,1523,1443
2025-06-24 14:29:14.391,1513,1773,1980,1527,1621,1458,1829,880,1535,1451
2025-06-24 14:29:14.491,1520,1699,1907,1581,1582,1456,1696,1003,1535,1449
2025-06-24 14:29:14.591,1522,1520,1859,1567,1506,1477,1648,1230,1522,1438
2025-06-24 14:29:14.691,1519,1381,1799,1552,1421,1510,1722,1490,1520,1434
2025-06-24 14:29:14.790,1521,1328,1776,1393,1466,1483,1755,1649,1524,1439
2025-06-24 14:29:14.889,1524,1323,1759,1221,1482,1470,1710,1680,1520,1434
2025-06-24 14:29:14.989,1512,1366,1706,939,1531,1477,1758,1643,1525,1455
2025-06-24 14:29:15.089,1507,1423,1674,734,1488,1471,1942,1579,1535,1449
2025-06-24 14:29:15.189,1506,1450,1616,730,1511,1472,1969,1357,1533,1450
2025-06-24 14:29:15.289,1495,1405,1615,865,1522,1507,1977,1264,1529,1443
2025-06-24 14:29:15.388,1489,1428,1564,995,1482,1543,1878,1167,1526,1443
2025-06-24 14:29:15.488,1484,1451,1521,1161,1474,1574,1414,1085,1531,1446
2025-06-24 14:29:15.588,1472,1490,1472,1301,1543,1574,1103,1133,1526,1442
2025-06-24 14:29:15.688,1466,1520,1456,1503,1561,1565,1163,1065,1531,1446
2025-06-24 14:29:15.788,1446,1530,1426,1582,1600,1558,1447,906,1523,1439
2025-06-24 14:29:15.887,1431,1596,1401,1660,1573,1506,1673,965,1520,1435
2025-06-24 14:29:15.987,1433,1669,1409,1757,1551,1456,1521,1201,1523,1440
2025-06-24 14:29:16.087,1434,1723,1387,1823,1542,784,1383,1374,1526,1442
2025-06-24 14:29:16.191,1440,1749,1391,1842,1488,0,1383,1565,1534,1449
2025-06-24 14:29:16.290,1453,1750,1438,1875,1507,0,1424,1258,1533,1443
2025-06-24 14:29:16.389,1469,1683,1423,1950,1520,0,1391,1094,1530,1447
2025-06-24 14:29:16.489,1472,1531,1391,2115,1554,0,1360,1152,1534,1449
2025-06-24 14:29:16.588,1488,1425,1374,2129,1550,0,1455,1316,1527,1442
2025-06-24 14:29:16.687,1479,1415,1414,2189,1547,323,1567,1363,1521,1435
2025-06-24 14:29:16.786,1469,1430,1439,2208,1522,1010,1760,1482,1520,1433
2025-06-24 14:29:16.885,1442,1463,1437,2011,1535,1776,2023,1596,1520,1438
2025-06-24 14:29:16.985,1439,1495,1442,1815,1535,2399,1980,1556,1521,1441
2025-06-24 14:29:17.085,1424,1504,1485,1561,1504,2943,1838,1653,1524,1442
2025-06-24 14:29:17.186,1438,1515,1458,1453,1506,3520,1399,1610,1523,1441
2025-06-24 14:29:17.281,1447,1523,1435,1370,1502,4095,1174,1485,1527,1437
2025-06-24 14:29:17.381,1456,1523,1434,1336,1520,4095,1253,1451,1531,1447
2025-06-24 14:29:17.480,1467,1498,1461,1351,1543,4095,1417,1435,1530,1441
2025-06-24 14:29:17.580,1475,1510,1485,1368,1558,3677,1569,1434,1534,1441
2025-06-24 14:29:17.679,1486,1552,1488,1392,1510,2605,1415,1350,1526,1441
2025-06-24 14:29:17.779,1488,1587,1461,1387,1483,1695,1207,1183,1525,1440
2025-06-24 14:29:17.878,1485,1678,1456,1493,1470,933,1129,1137,1533,1442
2025-06-24 14:29:17.977,1484,1725,1459,1569,1520,386,1189,1322,1531,1443
2025-06-24 14:29:18.077,1483,1757,1488,1616,1531,231,1407,1547,1527,1443
2025-06-24 14:29:18.177,1499,1712,1520,1558,1525,431,1681,1717,1519,1430
2025-06-24 14:29:18.276,1510,1600,1497,1557,1447,774,1794,1682,1525,1442
2025-06-24 14:29:18.376,1518,1467,1520,1552,1472,1123,2101,1491,1535,1445
2025-06-24 14:29:18.476,1527,1365,1523,1533,1511,1414,2364,1510,1526,1439
2025-06-24 14:29:18.576,1523,1328,1533,1553,1514,1666,2665,1731,1520,1424
2025-06-24 14:29:18.676,1502,1335,1549,1490,1502,1858,2881,1963,1510,1427
2025-06-24 14:29:18.776,1520,1392,1525,1565,1549,1911,2879,2153,1525,1445
2025-06-24 14:29:18.876,1520,1424,1462,1535,1535,1883,2482,2224,1520,1438
2025-06-24 14:29:18.976,1508,1474,1307,1547,1498,1879,2177,2224,1525,1435
2025-06-24 14:29:19.076,1485,1456,1129,1360,1479,1838,1927,2335,1534,1450
2025-06-24 14:29:19.176,1474,1421,976,1098,1511,1849,1552,2352,1529,1440
2025-06-24 14:29:19.276,1456,1441,926,819,1477,1807,1254,2480,1535,1454
2025-06-24 14:29:19.376,1459,1459,978,689,1489,1815,702,2489,1534,1452
2025-06-24 14:29:19.476,1458,1488,1104,695,1465,1801,208,2491,1527,1441
2025-06-24 14:29:19.576,1471,1531,1232,855,1479,1728,0,2410,1533,1445
2025-06-24 14:29:19.675,1478,1599,1419,1007,1517,1697,38,2355,1531,1444
2025-06-24 14:29:19.775,1483,1719,1553,1139,1510,1681,133,2208,1529,1447
2025-06-24 14:29:19.875,1485,1728,1721,1367,1472,1631,415,1967,1520,1439
2025-06-24 14:29:19.975,1484,1758,1885,1598,1503,1616,623,1913,1520,1436
2025-06-24 14:29:20.075,1472,1744,1919,1726,1550,1598,833,1946,1518,1433
2025-06-24 14:29:20.175,1462,1631,1858,1811,1507,1503,1225,2010,1510,1424
2025-06-24 14:29:20.274,1456,1485,1846,1843,1523,1443,1535,2096,1526,1441
2025-06-24 14:29:20.374,1457,1407,1782,1866,1504,1477,1794,2334,1527,1441
2025-06-24 14:29:20.474,1456,1424,1712,1937,1550,1547,1559,2666,1533,1449
2025-06-24 14:29:20.574,1463,1456,1674,1962,1556,1506,1194,2451,1535,1463
2025-06-24 14:29:20.674,1475,1459,1637,2055,1555,1472,1072,1895,1535,1446
2025-06-24 14:29:20.774,1483,1487,1645,2089,1556,1456,1146,1296,1526,1447
2025-06-24 14:29:20.874,1479,1511,1606,2130,1515,1427,1300,802,1529,1441
2025-06-24 14:29:20.974,1481,1577,1586,2163,1611,1409,1417,714,1527,1442
2025-06-24 14:29:21.074,1473,1565,1567,1999,1663,1431,1332,789,1532,1445
2025-06-24 14:29:21.174,1483,1527,1523,1810,1685,1428,1200,898,1532,1450
2025-06-24 14:29:21.274,1498,1502,1527,1579,1651,1423,1216,1152,1525,1439
2025-06-24 14:29:21.374,1508,1522,1509,1358,1497,1414,1277,1479,1532,1443
2025-06-24 14:29:21.473,1520,1570,1457,1331,1379,1463,1421,1600,1530,1443
2025-06-24 14:29:21.573,1517,1619,1349,1363,1283,1471,1607,1523,1521,1441
2025-06-24 14:29:21.673,1512,1749,1344,1391,1231,1446,1679,1372,1530,1441
2025-06-24 14:29:21.773,1505,1827,1353,1438,1251,1447,1757,1163,1533,1447
2025-06-24 14:29:21.873,1485,1813,1355,1488,1260,1462,1841,1162,1522,1439
2025-06-24 14:29:21.972,1463,1787,1496,1554,1308,1492,2003,1136,1526,1441
2025-06-24 14:29:22.071,1446,1745,1665,1604,1350,1471,1953,1175,1523,1441
2025-06-24 14:29:22.171,1446,1600,1710,1642,1398,1509,1883,1050,1520,1435
2025-06-24 14:29:22.271,1455,1446,1701,1671,1474,1503,1651,913,1520,1437
2025-06-24 14:29:22.370,1456,1398,1679,1653,1487,1483,1369,928,1521,1457
2025-06-24 14:29:22.470,1463,1392,1670,1654,1488,1325,1315,1093,1528,1458
2025-06-24 14:29:22.570,1474,1402,1616,1611,1520,407,1487,1269,1530,1441
2025-06-24 14:29:22.669,1488,1439,1517,1541,1488,0,1708,1265,1534,1443
2025-06-24 14:29:22.768,1473,1444,1415,1505,1506,0,1703,1112,1527,1442
2025-06-24 14:29:22.867,1489,1457,1328,1470,1546,0,1697,1045,1527,1445
2025-06-24 14:29:22.966,1488,1501,1269,1491,1581,0,1720,1103,1533,1447
2025-06-24 14:29:23.066,1484,1488,1302,1482,1602,0,1813,1185,1528,1440
2025-06-24 14:29:23.166,1458,1463,1261,1499,1617,502,1781,1233,1527,1442
2025-06-24 14:29:23.265,1457,1446,1321,1458,1558,1255,1837,1341,1529,1445
2025-06-24 14:29:23.365,1458,1456,1310,1415,1542,1959,1859,1328,1531,1453
2025-06-24 14:29:23.465,1456,1443,1330,1465,1581,2558,1814,1363,1520,1442
2025-06-24 14:29:23.565,1463,1535,1401,1547,1552,3085,1925,1263,1520,1440
2025-06-24 14:29:23.665,1459,1676,1390,1473,1590,3909,2153,1221,1523,1442
2025-06-24 14:29:23.765,1472,1713,1170,1392,1593,4095,2217,1221,1527,1440
2025-06-24 14:29:23.864,1469,1737,923,1198,1584,4095,1962,1133,1522,1439
2025-06-24 14:29:23.963,1472,1709,758,955,1582,4095,1597,881,1519,1430
2025-06-24 14:29:24.062,1469,1710,665,816,1534,3102,1324,845,1522,1444
2025-06-24 14:29:24.162,1475,1590,686,816,1516,2187,1249,892,1531,1442
2025-06-24 14:29:24.262,1473,1408,747,787,1465,1290,1347,987,1521,1431
2025-06-24 14:29:24.361,1507,1365,926,886,1533,622,1503,944,1527,1440
2025-06-24 14:29:24.460,1511,1362,1059,1089,1475,245,1718,1033,1521,1439
2025-06-24 14:29:24.560,1504,1343,1278,1296,1513,224,1775,1092,1530,1444
2025-06-24 14:29:24.660,1494,1360,1440,1446,1520,496,1775,1181,1526,1438
2025-06-24 14:29:24.760,1475,1378,1625,1613,1488,839,1658,1279,1521,1440
2025-06-24 14:29:24.859,1458,1411,1822,1776,1494,1157,1503,1374,1525,1447
2025-06-24 14:29:24.958,1449,1482,2059,1814,1535,1446,1443,1397,1535,1452
2025-06-24 14:29:25.057,1453,1472,2190,1836,1495,1646,1424,1505,1546,1450
2025-06-24 14:29:25.157,1457,1453,2189,1936,1523,1717,1470,1669,1530,1446
2025-06-24 14:29:25.257,1462,1456,2197,1940,1515,1805,1596,1818,1531,1451
2025-06-24 14:29:25.357,1482,1472,2153,2000,1491,1809,1806,1925,1529,1442
2025-06-24 14:29:25.456,1477,1493,2089,2032,1501,1824,1840,1731,1528,1442
2025-06-24 14:29:25.556,1492,1556,2000,2066,1488,1808,1584,1633,1523,1424
2025-06-24 14:29:25.656,1489,1655,1906,2130,1529,1795,1238,1524,1526,1440
2025-06-24 14:29:25.756,1495,1682,1840,2086,1488,1803,1008,1581,1524,1442
2025-06-24 14:29:25.856,1478,1717,1801,1816,1511,1787,1058,1590,1533,1442
2025-06-24 14:29:25.955,1465,1747,1712,1601,1499,1825,1227,1465,1530,1440
2025-06-24 14:29:26.054,1461,1680,1680,1418,1488,1740,1316,1439,1522,1439
2025-06-24 14:29:26.154,1457,1562,1634,1298,1549,1701,1452,1575,1520,1435
2025-06-24 14:29:26.258,1461,1454,1591,1277,1584,1640,1471,1515,1522,1440
2025-06-24 14:29:26.358,1470,1396,1558,1306,1556,1638,1546,1360,1522,1436
2025-06-24 14:29:26.457,1472,1417,1577,1373,1531,1602,1503,1594,1534,1445
2025-06-24 14:29:26.557,1474,1449,1551,1426,1561,1616,1475,1489,1530,1441
2025-06-24 14:29:26.657,1472,1457,1551,1551,1533,1575,1651,1438,1521,1439
2025-06-24 14:29:26.757,1483,1440,1520,1575,1493,1554,1875,1503,1519,1438
2025-06-24 14:29:26.857,1481,1477,1477,1559,1488,1552,1973,1555,1531,1445
2025-06-24 14:29:26.957,1498,1530,1452,1617,1469,1505,2198,1727,1535,1451
2025-06-24 14:29:27.057,1511,1514,1443,1595,1498,1460,2640,1882,1529,1450
2025-06-24 14:29:27.157,1495,1518,1468,1593,1479,1482,2903,1904,1526,1442
2025-06-24 14:29:27.258,1509,1530,1455,1546,1457,1462,2613,1913,1531,1443
2025-06-24 14:29:27.353,1495,1533,1466,1535,1519,1498,2288,1917,1525,1441
2025-06-24 14:29:27.453,1475,1563,1456,1558,1559,1497,2109,1771,1529,1445
2025-06-24 14:29:27.552,1454,1614,1412,1488,1518,1515,2064,1681,1530,1442
2025-06-24 14:29:27.651,1442,1722,1442,1510,1491,1527,2064,1558,1527,1442
2025-06-24 14:29:27.750,1435,1694,1445,1552,1486,1581,1728,1473,1527,1442
2025-06-24 14:29:27.849,1451,1684,1449,1571,1519,1478,1360,1223,1527,1440
2025-06-24 14:29:27.948,1469,1711,1486,1602,1509,1449,1014,1082,1531,1443
2025-06-24 14:29:28.047,1483,1661,1503,1555,1525,1474,623,903,1522,1439
2025-06-24 14:29:28.147,1467,1585,1491,1521,1572,1487,466,982,1520,1435
2025-06-24 14:29:28.246,1498,1456,1504,1502,1562,1451,422,1087,1520,1437
2025-06-24 14:29:28.345,1490,1375,1493,1456,1520,1501,564,1300,1529,1446
2025-06-24 14:29:28.445,1491,1360,1487,1469,1552,1523,727,1675,1530,1446
2025-06-24 14:29:28.545,1493,1380,1488,1471,1484,1503,826,1413,1526,1443
2025-06-24 14:29:28.645,1475,1419,1479,1530,1455,1454,959,1101,1523,1442
2025-06-24 14:29:28.745,1469,1443,1456,1491,1469,1455,1232,1249,1527,1442
2025-06-24 14:29:28.844,1456,1478,1483,1393,1403,1462,1423,1479,1520,1435
2025-06-24 14:29:28.944,1457,1550,1490,1458,1386,865,1232,1709,1520,1439
2025-06-24 14:29:29.044,1467,1590,1510,1574,1327,0,1002,1683,1525,1441
2025-06-24 14:29:29.144,1459,1588,1514,1472,1291,0,864,1787,1527,1444
2025-06-24 14:29:29.244,1455,1577,1489,1474,1274,0,979,1695,1524,1429
2025-06-24 14:29:29.344,1454,1546,1495,1552,1296,0,1325,1581,1527,1441
2025-06-24 14:29:29.444,1458,1514,1488,1524,1311,0,1451,1599,1520,1435
2025-06-24 14:29:29.544,1472,1552,1488,1488,1283,173,1399,1413,1531,1445
2025-06-24 14:29:29.644,1491,1648,1481,1488,1379,816,1351,1212,1534,1445
2025-06-24 14:29:29.744,1492,1561,1495,1226,1475,1517,1345,1193,1521,1431
2025-06-24 14:29:29.843,1520,1550,1506,946,1543,2256,1346,1369,1533,1443
2025-06-24 14:29:29.943,1513,1552,1513,793,1584,2926,1441,1326,1532,1441
2025-06-24 14:29:30.043,1488,1535,1424,706,1590,3566,1575,1246,1523,1442
2025-06-24 14:29:30.143,1459,1445,1189,845,1646,4095,1607,1232,1533,1446
2025-06-24 14:29:30.243,1456,1344,981,997,1654,4095,1705,1366,1523,1442
2025-06-24 14:29:30.343,1452,1311,917,1123,1618,4095,1867,1646,1527,1445
2025-06-24 14:29:30.443,1457,1350,931,1328,1563,3676,2176,2181,1526,1439
2025-06-24 14:29:30.542,1467,1392,1039,1459,1587,2644,1994,2114,1533,1449
2025-06-24 14:29:30.642,1489,1424,1179,1591,1621,1977,1634,1769,1527,1439
2025-06-24 14:29:30.742,1501,1469,1316,1674,1605,1293,1362,1630,1540,1454
2025-06-24 14:29:30.842,1505,1528,1509,1778,1563,698,1389,1703,1531,1446
2025-06-24 14:29:30.941,1505,1584,1680,1823,1582,358,1523,1898,1535,1443
2025-06-24 14:29:31.041,1503,1563,1845,1878,1591,327,1569,2089,1524,1437
2025-06-24 14:29:31.141,1501,1543,1919,2043,1585,587,1598,2122,1522,1441
2025-06-24 14:29:31.241,1500,1520,1885,2167,1564,899,1447,2099,1524,1435
2025-06-24 14:29:31.341,1482,1541,1803,2285,1631,1239,1315,2096,1534,1451
2025-06-24 14:29:31.440,1465,1579,1728,2259,1600,1467,1273,1983,1529,1444
2025-06-24 14:29:31.539,1468,1642,1650,2101,1552,1698,1332,1898,1526,1440
2025-06-24 14:29:31.639,1471,1743,1613,1844,1502,1808,1388,1808,1521,1439
2025-06-24 14:29:31.739,1469,1753,1580,1600,1502,1842,1557,1678,1526,1438
2025-06-24 14:29:31.838,1472,1744,1677,1332,1486,1803,1546,1648,1526,1443
2025-06-24 14:29:31.937,1475,1735,1784,1230,1535,1809,1687,1584,1522,1435
2025-06-24 14:29:32.037,1483,1665,1777,1236,1530,1839,1975,1534,1520,1439
2025-06-24 14:29:32.137,1484,1573,1690,1226,1487,1808,2159,1364,1523,1435
2025-06-24 14:29:32.237,1504,1462,1631,1280,1478,1799,1904,1210,1520,1437
2025-06-24 14:29:32.336,1505,1438,1573,1369,1556,1756,1589,1199,1529,1443
2025-06-24 14:29:32.436,1495,1411,1488,1487,1499,1770,1338,1226,1532,1446
2025-06-24 14:29:32.535,1475,1433,1360,1561,1462,1745,1394,1361,1528,1442
2025-06-24 14:29:32.634,1447,1431,1282,1600,1524,1704,1510,1377,1522,1438
2025-06-24 14:29:32.733,1424,1434,1216,1623,1553,1664,1457,1103,1527,1440
2025-06-24 14:29:32.832,1421,1483,1198,1601,1525,1610,1350,1055,1535,1446
2025-06-24 14:29:32.932,1430,1552,1168,1594,1455,1595,1407,1290,1543,1454
2025-06-24 14:29:33.032,1446,1518,1200,1571,1500,1552,1397,1494,1549,1472
2025-06-24 14:29:33.132,1471,1515,1216,1584,1522,1583,1457,1711,1523,1446
2025-06-24 14:29:33.231,1488,1534,1269,1565,1472,1552,1503,1808,1523,1456
2025-06-24 14:29:33.330,1503,1547,1341,1581,1483,1515,1523,1703,1522,1435
2025-06-24 14:29:33.430,1509,1570,1421,1531,1438,1549,1666,1669,1518,1436
2025-06-24 14:29:33.529,1510,1605,1469,1498,1474,1493,1708,1575,1523,1438
2025-06-24 14:29:33.629,1515,1751,1523,1547,1561,1434,1884,1543,1523,1438
2025-06-24 14:29:33.729,1520,1744,1587,1490,1535,1441,2195,1646,1525,1445
2025-06-24 14:29:33.829,1520,1712,1625,1455,1600,1457,2261,1552,1526,1437
2025-06-24 14:29:33.929,1505,1681,1607,1510,1580,1510,2029,1535,1529,1433
2025-06-24 14:29:34.029,1490,1647,1616,1559,1603,1552,1794,1287,1535,1447
2025-06-24 14:29:34.129,1487,1562,1594,1501,1531,1520,1738,1050,1527,1446
2025-06-24 14:29:34.229,1483,1494,1598,1482,1548,1463,1936,1125,1530,1454
2025-06-24 14:29:34.328,1470,1486,1598,1473,1466,1489,1949,1121,1543,1452
2025-06-24 14:29:34.428,1457,1468,1501,1447,1375,1458,1649,1282,1526,1438
2025-06-24 14:29:34.527,1477,1475,1287,1520,1328,1475,1464,1456,1531,1443
2025-06-24 14:29:34.626,1466,1504,1035,1505,1415,1552,1367,1210,1521,1433
2025-06-24 14:29:34.725,1469,1511,785,1559,1474,1543,1328,1060,1520,1431
2025-06-24 14:29:34.825,1477,1534,701,1583,1487,1520,1250,1123,1527,1441
2025-06-24 14:29:34.924,1483,1551,702,1513,1534,1503,1232,1169,1532,1446
2025-06-24 14:29:35.024,1469,1481,782,1546,1500,1483,1191,1363,1523,1440
2025-06-24 14:29:35.124,1427,1441,919,1482,1458,1477,847,1521,1531,1447
2025-06-24 14:29:35.224,1387,1374,1068,1451,1475,1490,571,1541,1510,1424
2025-06-24 14:29:35.324,1411,1365,1248,1465,1520,1520,478,1520,1533,1450
2025-06-24 14:29:35.424,1408,1403,1454,1479,1558,939,702,1511,1533,1447
2025-06-24 14:29:35.524,1423,1493,1631,1457,1524,0,829,1472,1526,1445
2025-06-24 14:29:35.624,1448,1597,1824,1509,1526,0,659,1506,1551,1456
2025-06-24 14:29:35.723,1482,1555,2036,1554,1559,0,610,1424,1530,1444
2025-06-24 14:29:35.823,1489,1518,2221,1547,1567,0,733,1229,1525,1439
2025-06-24 14:29:35.922,1497,1507,2250,1552,1522,0,875,1347,1521,1436
2025-06-24 14:29:36.022,1514,1499,2202,1386,1494,129,958,1525,1519,1430
2025-06-24 14:29:36.122,1517,1434,2127,1169,1468,841,1041,1710,1519,1429
2025-06-24 14:29:36.222,1511,1421,2019,915,1472,1593,1232,1855,1524,1443
2025-06-24 14:29:36.326,1534,1436,1919,823,1423,2263,1392,2239,1529,1443
2025-06-24 14:29:36.425,1551,1450,1839,849,1306,2866,1521,2398,1520,1431
2025-06-24 14:29:36.524,1529,1472,1776,875,1350,3470,1766,2370,1518,1433
2025-06-24 14:29:36.623,1518,1509,1731,1049,1372,4095,1931,2198,1522,1442
2025-06-24 14:29:36.722,1498,1548,1679,1201,1344,4095,1972,1499,1520,1436
2025-06-24 14:29:36.821,1471,1602,1643,1328,1350,4095,2027,926,1524,1441
2025-06-24 14:29:36.920,1456,1671,1602,1475,1399,3910,2023,783,1523,1439
2025-06-24 14:29:37.019,1444,1651,1568,1631,1482,2739,2121,953,1531,1447
2025-06-24 14:29:37.119,1446,1638,1526,1746,1562,2053,2096,1154,1535,1446
2025-06-24 14:29:37.219,1459,1643,1491,1818,1584,1377,1919,1454,1534,1447
2025-06-24 14:29:37.320,1472,1689,1472,1858,1590,753,1648,2032,1543,1450
2025-06-24 14:29:37.415,1467,1706,1463,1984,1629,319,1450,2417,1527,1444
2025-06-24 14:29:37.515,1455,1757,1470,2160,1580,267,1397,2542,1521,1438
2025-06-24 14:29:37.615,1450,1810,1479,2290,1610,502,1377,2432,1526,1446
2025-06-24 14:29:37.715,1423,1747,1489,2271,1601,831,1457,2274,1522,1421
2025-06-24 14:29:37.814,1411,1723,1470,2198,1584,1187,1551,2199,1520,1434
2025-06-24 14:29:37.914,1416,1687,1494,1920,1585,1453,1522,2112,1534,1451
2025-06-24 14:29:38.014,1425,1669,1475,1633,1607,1653,1513,1967,1535,1452
2025-06-24 14:29:38.113,1441,1587,1450,1377,1600,1733,1597,1835,1529,1442
2025-06-24 14:29:38.213,1458,1513,1495,1243,1575,1761,1753,1787,1527,1446
2025-06-24 14:29:38.313,1483,1489,1458,1184,1549,1776,1825,1723,1525,1439
2025-06-24 14:29:38.412,1487,1436,1474,1158,1514,1783,1808,1603,1527,1443
2025-06-24 14:29:38.512,1488,1435,1482,1199,1506,1799,1793,1347,1549,1456
2025-06-24 14:29:38.612,1488,1430,1471,1295,1487,1821,1914,1330,1525,1435
2025-06-24 14:29:38.712,1509,1442,1450,1427,1530,1840,1951,1212,1525,1439
2025-06-24 14:29:38.811,1520,1497,1478,1450,1531,1750,1792,1099,1525,1424
2025-06-24 14:29:38.911,1529,1521,1545,1581,1582,1707,1490,1063,1521,1442
2025-06-24 14:29:39.010,1552,1472,1511,1597,1577,1633,1331,1158,1522,1439
2025-06-24 14:29:39.109,1531,1462,1552,1599,1534,1630,1377,1300,1527,1445
2025-06-24 14:29:39.209,1519,1520,1567,1616,1531,1617,1418,1493,1523,1435
2025-06-24 14:29:39.308,1483,1503,1558,1626,1535,1599,1485,1582,1523,1434
2025-06-24 14:29:39.407,1450,1561,1548,1616,1559,1631,1459,1669,1522,1438
2025-06-24 14:29:39.507,1424,1653,1550,1570,1569,1647,1463,1657,1529,1453
2025-06-24 14:29:39.606,1422,1665,1565,1530,1584,1558,1550,1770,1533,1449
2025-06-24 14:29:39.706,1438,1683,1552,1488,1584,1466,1602,1786,1526,1440
2025-06-24 14:29:39.805,1467,1680,1513,1552,1607,1481,1547,1710,1518,1432
2025-06-24 14:29:39.905,1488,1649,1479,1634,1565,1484,1485,1653,1529,1442
2025-06-24 14:29:40.004,1488,1582,1459,1568,1522,1519,1567,1627,1522,1439
2025-06-24 14:29:40.104,1467,1486,1455,1505,1443,1531,1669,1584,1535,1447
2025-06-24 14:29:40.204,1451,1424,1503,1491,1393,1494,1849,1535,1529,1444
2025-06-24 14:29:40.303,1435,1386,1450,1490,1360,1446,2064,1584,1522,1443
2025-06-24 14:29:40.402,1436,1363,1445,1519,1387,1456,2021,1530,1524,1441
2025-06-24 14:29:40.501,1439,1392,1469,1575,1361,1444,1723,1380,1522,1440
2025-06-24 14:29:40.601,1456,1447,1520,1577,1439,1458,1463,1309,1524,1441
2025-06-24 14:29:40.701,1454,1487,1520,1514,1482,1465,1407,1050,1520,1434
2025-06-24 14:29:40.800,1488,1543,1514,1527,1542,1473,1572,847,1535,1435
2025-06-24 14:29:40.900,1501,1520,1521,1495,1525,1501,1594,781,1535,1453
2025-06-24 14:29:40.999,1507,1496,1455,1527,1520,1519,1614,1019,1534,1443
2025-06-24 14:29:41.099,1510,1519,1280,1552,1552,1477,1522,1287,1523,1442
2025-06-24 14:29:41.199,1511,1547,1121,1549,1595,1501,1587,1505,1527,1445
2025-06-24 14:29:41.299,1520,1566,1072,1491,1518,1565,1597,1627,1520,1409
2025-06-24 14:29:41.399,1532,1626,1123,1510,1546,1543,1706,1744,1525,1440
2025-06-24 14:29:41.499,1551,1673,1229,1487,1534,1517,1789,1667,1523,1441
2025-06-24 14:29:41.598,1552,1616,1344,1487,1491,1545,1843,1581,1522,1435
2025-06-24 14:29:41.698,1529,1607,1463,1480,1521,1487,1963,1565,1526,1443
2025-06-24 14:29:41.797,1493,1581,1615,1467,1471,1451,2059,1531,1535,1442
2025-06-24 14:29:41.896,1456,1551,1781,1457,1430,535,2156,1486,1534,1447
2025-06-24 14:29:41.995,1434,1470,1915,1488,1446,0,2341,1434,1531,1447
2025-06-24 14:29:42.094,1433,1438,1984,1558,1473,0,2320,1377,1542,1453
2025-06-24 14:29:42.194,1456,1438,1988,1550,1520,0,1972,1408,1535,1444
2025-06-24 14:29:42.294,1478,1469,1920,1333,1554,0,1685,1598,1532,1445
2025-06-24 14:29:42.393,1491,1453,1868,1105,1486,0,1442,1744,1526,1429
2025-06-24 14:29:42.493,1485,1472,1799,890,1472,358,1115,1888,1522,1439
2025-06-24 14:29:42.592,1456,1520,1789,783,1520,1088,879,1822,1520,1433
2025-06-24 14:29:42.692,1438,1575,1803,816,1528,1822,681,1581,1521,1434
2025-06-24 14:29:42.791,1430,1529,1785,976,1515,2469,621,1434,1525,1438
2025-06-24 14:29:42.891,1444,1511,1786,1167,1494,3079,709,1595,1520,1433
2025-06-24 14:29:42.990,1427,1558,1781,1296,1493,3722,810,1849,1523,1441
2025-06-24 14:29:43.089,1452,1566,1767,1451,1525,4095,1067,2208,1524,1435
2025-06-24 14:29:43.189,1468,1623,1738,1571,1561,4095,1143,2157,1520,1441
2025-06-24 14:29:43.289,1481,1693,1714,1617,1482,4095,1349,2003,1522,1440
2025-06-24 14:29:43.388,1488,1831,1665,1680,1422,3481,1489,1840,1532,1447
2025-06-24 14:29:43.488,1493,1756,1618,1712,1334,2421,1622,1717,1535,1451
2025-06-24 14:29:43.588,1504,1680,1535,1907,1309,1881,1831,1579,1535,1450
2025-06-24 14:29:43.688,1515,1623,1370,2175,1280,1309,2005,1376,1523,1440
2025-06-24 14:29:43.788,1521,1532,1317,2320,1275,784,1911,1200,1525,1438
2025-06-24 14:29:43.888,1549,1423,1232,2289,1312,503,1631,1104,1525,1442
2025-06-24 14:29:43.987,1558,1392,1042,2206,1393,381,1478,1073,1531,1448
2025-06-24 14:29:44.086,1552,1360,720,2034,1467,592,1479,991,1546,1453
2025-06-24 14:29:44.186,1520,1392,98,1783,1550,881,1477,944,1534,1445
2025-06-24 14:29:44.286,1477,1397,0,1495,1583,1177,1394,975,1520,1438
2025-06-24 14:29:44.385,1440,1435,0,1290,1613,1435,1328,832,1510,1427
2025-06-24 14:29:44.485,1422,1455,0,1206,1587,1603,1337,1008,1525,1444
2025-06-24 14:29:44.584,1435,1491,87,1136,1600,1776,1331,1039,1527,1445
2025-06-24 14:29:44.684,1457,1495,611,1153,1600,1809,1302,987,1529,1447
2025-06-24 14:29:44.783,1490,1520,1091,1206,1591,1813,1263,1055,1519,1430
2025-06-24 14:29:44.882,1504,1568,1459,1337,1571,1815,1343,1296,1521,1435
2025-06-24 14:29:44.981,1477,1591,1757,1426,1559,1818,1392,1361,1535,1446
2025-06-24 14:29:45.080,1456,1621,1984,1472,1506,1792,1521,1520,1529,1446
2025-06-24 14:29:45.180,1426,1683,2112,1584,1438,1778,1711,1648,1520,1435
2025-06-24 14:29:45.280,1424,1772,2169,1591,1520,1762,1745,1680,1525,1441
2025-06-24 14:29:45.380,1435,1716,2129,1651,1556,1762,1739,1683,1520,1433
2025-06-24 14:29:45.480,1453,1711,2153,1648,1577,1741,1477,1575,1527,1444
2025-06-24 14:29:45.579,1461,1666,2083,1610,1603,1745,1386,1477,1534,1447
2025-06-24 14:29:45.679,1485,1552,2034,1612,1584,1662,1459,1428,1534,1446
2025-06-24 14:29:45.778,1494,1461,1979,1605,1606,1605,1602,1378,1535,1445
2025-06-24 14:29:45.877,1508,1409,1906,1523,1586,1549,1529,1406,1526,1441
2025-06-24 14:29:45.976,1518,1404,1833,1520,1590,1562,1425,1342,1520,1424
2025-06-24 14:29:46.076,1520,1402,1793,1573,1585,1543,1360,1280,1522,1437
2025-06-24 14:29:46.176,1501,1403,1759,1599,1556,1479,1431,1185,1523,1438
2025-06-24 14:29:46.276,1520,1433,1749,1650,1567,1475,1407,961,1524,1443
2025-06-24 14:29:46.380,1531,1457,1702,1622,1557,1478,1360,999,1532,1447
2025-06-24 14:29:46.479,1548,1456,1616,1573,1522,1482,1317,915,1531,1447
2025-06-24 14:29:46.578,1518,1475,1600,1487,1585,1473,1317,572,1534,1447
2025-06-24 14:29:46.677,1493,1492,1559,1520,1600,1519,1515,509,1531,1442
2025-06-24 14:29:46.776,1459,1511,1551,1521,1490,1488,1614,786,1525,1440
2025-06-24 14:29:46.875,1450,1550,1520,1531,1431,1461,1584,1233,1521,1436
2025-06-24 14:29:46.974,1441,1603,1520,1573,1392,1461,1386,1566,1526,1443
2025-06-24 14:29:47.074,1458,1735,1519,1515,1420,1477,1040,1708,1535,1450
2025-06-24 14:29:47.174,1481,1744,1503,1504,1476,1468,960,1891,1527,1449
2025-06-24 14:29:47.274,1490,1673,1409,1522,1462,1501,1099,1886,1526,1437
2025-06-24 14:29:47.375,1486,1674,1234,1472,1501,1488,1327,1808,1535,1446
2025-06-24 14:29:47.470,1456,1646,1114,1483,1483,1497,1334,1716,1520,1435
2025-06-24 14:29:47.570,1407,1584,1037,1552,1556,1472,1350,1392,1520,1438
2025-06-24 14:29:47.669,1391,1495,1049,1543,1663,1520,1319,1235,1535,1447
2025-06-24 14:29:47.769,1391,1431,1136,1488,1543,1575,1403,1022,1534,1455
2025-06-24 14:29:47.869,1401,1423,1261,1507,1397,1547,1575,958,1532,1445
2025-06-24 14:29:47.969,1422,1424,1392,1505,1445,1488,1680,913,1527,1442
2025-06-24 14:29:48.068,1442,1437,1551,1498,1510,1471,1686,1151,1523,1438
2025-06-24 14:29:48.167,1471,1443,1696,1362,1495,1473,1693,1456,1520,1435
2025-06-24 14:29:48.266,1487,1486,1808,1079,1526,1485,1863,1842,1529,1445
2025-06-24 14:29:48.366,1487,1475,1840,876,1535,1456,2142,2386,1531,1447
2025-06-24 14:29:48.466,1493,1497,1861,773,1520,640,2255,2289,1527,1443
2025-06-24 14:29:48.566,1510,1529,1811,821,1475,0,1978,1838,1529,1442
2025-06-24 14:29:48.665,1520,1551,1777,969,1501,0,1712,1646,1527,1442
2025-06-24 14:29:48.765,1535,1602,1741,1121,1472,0,1609,1872,1520,1438
2025-06-24 14:29:48.865,1543,1648,1679,1269,1487,0,1664,2291,1531,1445
2025-06-24 14:29:48.965,1528,1699,1665,1392,1542,0,1867,2427,1531,1444
2025-06-24 14:29:49.065,1525,1747,1645,1547,1531,340,1922,2453,1533,1447
2025-06-24 14:29:49.165,1483,1684,1642,1645,1487,1083,1814,2293,1527,1450
2025-06-24 14:29:49.265,1456,1671,1567,1621,1534,1859,1851,2198,1533,1447
2025-06-24 14:29:49.365,1444,1633,1587,1709,1470,2484,1915,2135,1520,1433
2025-06-24 14:29:49.465,1447,1552,1585,1885,1471,3040,2028,2021,1522,1441
2025-06-24 14:29:49.565,1466,1456,1618,2141,1475,3680,2109,2008,1519,1429
2025-06-24 14:29:49.664,1494,1426,1663,2286,1495,4095,2160,1657,1518,1428
2025-06-24 14:29:49.764,1497,1439,1593,2354,1527,4095,2126,1504,1529,1447
2025-06-24 14:29:49.864,1498,1438,1551,2311,1521,4095,2173,1453,1524,1437
2025-06-24 14:29:49.964,1470,1435,1534,2092,1584,3259,2302,1385,1524,1439
2025-06-24 14:29:50.064,1455,1456,1562,1725,1555,2267,2334,1398,1523,1435
2025-06-24 14:29:50.163,1408,1510,1553,1469,1517,1863,2064,1463,1533,1442
2025-06-24 14:29:50.263,1408,1493,1488,1354,1534,1472,1488,1473,1527,1445
2025-06-24 14:29:50.363,1405,1534,1493,1238,1542,998,941,1535,1533,1447
2025-06-24 14:29:50.463,1419,1591,1493,1190,1495,645,624,1412,1533,1446
2025-06-24 14:29:50.562,1429,1647,1499,1152,1381,429,531,1168,1525,1451
2025-06-24 14:29:50.662,1445,1685,1482,1239,1338,560,451,983,1530,1440
2025-06-24 14:29:50.762,1460,1684,1501,1300,1312,851,491,1177,1526,1444
2025-06-24 14:29:50.861,1472,1742,1519,1383,1270,1153,574,1377,1527,1441
2025-06-24 14:29:50.961,1488,1803,1490,1510,1295,1376,735,1616,1530,1442
2025-06-24 14:29:51.060,1505,1719,1523,1565,1335,1574,1011,1673,1531,1446
2025-06-24 14:29:51.159,1520,1630,1522,1585,1404,1721,1219,1712,1526,1443
2025-06-24 14:29:51.259,1530,1567,1481,1602,1472,1791,1365,1721,1521,1438
2025-06-24 14:29:51.358,1550,1488,1476,1573,1556,1792,1517,1778,1522,1434
2025-06-24 14:29:51.457,1551,1392,1466,1613,1595,1763,1696,1712,1520,1431
2025-06-24 14:29:51.557,1521,1366,1487,1569,1597,1789,1859,1522,1519,1434
2025-06-24 14:29:51.657,1472,1365,1517,1515,1587,1849,1968,1386,1520,1437
2025-06-24 14:29:51.757,1456,1429,1585,1579,1590,1915,1875,1280,1533,1446
2025-06-24 14:29:51.857,1445,1415,1427,1619,1623,1877,1559,1267,1546,1456
2025-06-24 14:29:51.957,1451,1461,1603,1559,1645,1813,1330,1104,1546,1455
2025-06-24 14:29:52.057,1463,1527,1755,1524,1616,1869,1409,1090,1533,1445
2025-06-24 14:29:52.156,1477,1615,1632,1552,1596,1855,1543,1117,1520,1431
2025-06-24 14:29:52.255,1488,1570,1529,1557,1523,1815,1344,1249,1522,1437
2025-06-24 14:29:52.355,1501,1570,1490,1566,1528,1725,1335,1476,1523,1437
2025-06-24 14:29:52.455,1498,1561,1389,1521,1585,1670,1316,1152,1523,1441
2025-06-24 14:29:52.555,1472,1604,1296,1510,1552,1583,1299,958,1532,1442
2025-06-24 14:29:52.654,1439,1609,1280,1494,1530,1579,1359,1040,1523,1441
2025-06-24 14:29:52.754,1424,1651,1259,1511,1616,1558,1377,1186,1526,1441
2025-06-24 14:29:52.853,1424,1776,1265,1459,1690,1513,1375,1281,1521,1438
2025-06-24 14:29:52.953,1443,1737,1414,1283,1575,1467,1473,1517,1525,1438
2025-06-24 14:29:53.052,1462,1717,1493,916,1549,1423,1434,1662,1535,1449
2025-06-24 14:29:53.151,1488,1680,1525,675,1456,1367,1599,1639,1527,1441
2025-06-24 14:29:53.251,1507,1635,1602,589,1453,1389,1719,1667,1527,1445
2025-06-24 14:29:53.351,1506,1570,1607,629,1467,1395,1530,1535,1529,1445
2025-06-24 14:29:53.451,1548,1543,1552,755,1405,1367,1193,1366,1529,1440
2025-06-24 14:29:53.550,1558,1574,1391,982,1441,1333,1157,1326,1520,1437
2025-06-24 14:29:53.649,1563,1553,1216,1222,1521,1373,1160,1298,1520,1432
2025-06-24 14:29:53.749,1573,1531,1046,1328,1571,1371,1318,1312,1524,1440
2025-06-24 14:29:53.849,1577,1527,931,1552,1552,1368,1430,1275,1530,1449
2025-06-24 14:29:53.949,1571,1516,1008,1672,1483,1360,1441,1127,1529,1447
2025-06-24 14:29:54.048,1535,1583,1040,1691,1509,1353,1399,1286,1523,1438
2025-06-24 14:29:54.147,1493,1521,1155,1744,1562,1375,1345,1487,1525,1440
2025-06-24 14:29:54.247,1469,1493,1281,1859,1555,1408,1452,1615,1530,1447
2025-06-24 14:29:54.347,1460,1494,1397,1854,1551,1446,1552,1331,1531,1442
2025-06-24 14:29:54.447,1468,1544,1548,1959,1513,1457,1487,1154,1535,1451
2025-06-24 14:29:54.547,1476,1615,1648,2047,1510,1429,1482,1150,1531,1442
2025-06-24 14:29:54.646,1478,1691,1675,2439,1470,1427,1566,1264,1519,1429
2025-06-24 14:29:54.746,1457,1824,1655,2534,1520,1459,1789,1405,1521,1435
2025-06-24 14:29:54.846,1425,1859,1610,2277,1530,1445,1882,1557,1527,1441
2025-06-24 14:29:54.946,1391,1798,1566,1967,1493,1103,1784,2000,1525,1442
2025-06-24 14:29:55.045,1406,1728,1526,1681,1465,200,1551,2386,1520,1438
2025-06-24 14:29:55.144,1375,1628,1476,1403,1495,0,1359,2969,1531,1444
2025-06-24 14:29:55.243,1391,1479,1472,1321,1520,0,1292,2241,1545,1450
2025-06-24 14:29:55.342,1406,1354,1488,1232,1519,0,1441,118,1535,1447
2025-06-24 14:29:55.441,1469,1328,1505,1228,1552,0,1621,0,1535,1436
2025-06-24 14:29:55.540,1456,1324,1502,1325,1519,74,1507,0,1531,1445
2025-06-24 14:29:55.640,1476,1301,1483,1383,1483,735,1545,0,1524,1437
2025-06-24 14:29:55.740,1483,1292,1483,1471,1431,1462,1701,0,1520,1438
2025-06-24 14:29:55.840,1494,1316,1456,1603,1457,2045,1776,0,1523,1439
2025-06-24 14:29:55.940,1519,1342,1452,1590,1485,2570,1836,354,1525,1440
2025-06-24 14:29:56.039,1522,1328,1456,1616,1494,3055,1856,975,1519,1433
2025-06-24 14:29:56.138,1530,1355,1467,1562,1460,4095,1809,1191,1525,1441
2025-06-24 14:29:56.238,1530,1387,1504,1558,1471,4095,1807,1481,1532,1453
2025-06-24 14:29:56.338,1510,1438,1487,1501,1542,4095,1948,1533,1534,1456
2025-06-24 14:29:56.442,1475,1478,1503,1514,1552,3770,2202,1691,1519,1434
2025-06-24 14:29:56.542,1454,1517,1477,1550,1489,2709,2339,1920,1515,1425
2025-06-24 14:29:56.642,1472,1632,1519,1542,1456,1902,2259,2259,1542,1451
2025-06-24 14:29:56.741,1485,1661,1531,1544,1531,1007,1984,2677,1535,1445
2025-06-24 14:29:56.841,1490,1707,1613,1616,1522,450,1887,2962,1535,1439
2025-06-24 14:29:56.940,1502,1693,1616,1600,1510,240,1969,3157,1530,1452
2025-06-24 14:29:57.040,1510,1619,1648,1589,1445,419,2126,3230,1545,1449
2025-06-24 14:29:57.139,1491,1479,1659,1612,1507,746,1928,3123,1526,1442
2025-06-24 14:29:57.239,1450,1397,1665,1499,1513,1088,1887,2964,1523,1440
2025-06-24 14:29:57.339,1424,1391,1689,1236,1487,1366,1762,2448,1523,1442
2025-06-24 14:29:57.440,1417,1389,1712,911,1517,1609,1505,2068,1527,1441
2025-06-24 14:29:57.535,1419,1389,1722,739,1501,1770,1227,1721,1531,1439
2025-06-24 14:29:57.635,1429,1388,1718,768,1506,1810,720,1501,1535,1447
2025-06-24 14:29:57.735,1445,1400,1721,967,1471,1862,409,1493,1532,1458
2025-06-24 14:29:57.835,1470,1362,1722,1101,1443,1903,196,1849,1527,1442
2025-06-24 14:29:57.934,1486,1379,1664,1200,1431,1915,11,2137,1531,1448
2025-06-24 14:29:58.034,1488,1405,1674,1367,1424,1904,144,2032,1526,1443
2025-06-24 14:29:58.133,1500,1475,1631,1573,1358,1879,481,2057,1534,1446
2025-06-24 14:29:58.233,1514,1526,1648,1681,1307,1806,637,1881,1533,1445
2025-06-24 14:29:58.332,1522,1531,1623,1672,1314,1776,667,1683,1524,1441
2025-06-24 14:29:58.432,1550,1600,1578,1792,1360,1723,832,1680,1519,1438
2025-06-24 14:29:58.531,1553,1680,1526,1856,1390,1679,1233,1853,1527,1442
2025-06-24 14:29:58.631,1553,1658,1553,1894,1451,1618,1569,1851,1519,1433
2025-06-24 14:29:58.731,1527,1645,1523,1925,1525,1641,1735,1744,1518,1433
2025-06-24 14:29:58.831,1484,1654,1515,2017,1642,1599,1747,1823,1523,1439
2025-06-24 14:29:58.930,1456,1593,1523,2091,1628,1562,1845,1824,1520,1434
2025-06-24 14:29:59.031,1453,1456,1484,2254,1654,1549,1982,1817,1522,1445
2025-06-24 14:29:59.130,1459,1354,1499,2339,1589,1481,2059,1647,1521,1435
2025-06-24 14:29:59.229,1475,1344,1476,2178,1585,1502,2113,1326,1523,1440
2025-06-24 14:29:59.329,1486,1361,1498,1893,1572,1472,1963,1040,1522,1438
2025-06-24 14:29:59.428,1490,1381,1445,1600,1595,1482,1920,816,1533,1450
2025-06-24 14:29:59.528,1479,1397,1412,1394,1629,1486,1809,779,1522,1436
2025-06-24 14:29:59.628,1445,1362,1403,1224,1621,1456,1837,831,1527,1438
2025-06-24 14:29:59.728,1406,1351,1315,1175,1616,1483,1920,954,1535,1439
2025-06-24 14:29:59.828,1415,1278,1150,1187,1572,1502,1739,1232,1526,1447
2025-06-24 14:29:59.927,1411,1200,1088,1247,1552,1513,1445,1614,1535,1446
2025-06-24 14:30:00.025,1424,1155,1078,1353,1551,1522,1392,1824,1523,1438
2025-06-24 14:30:00.130,1439,1139,1179,1399,1546,1549,1398,1451,1523,1433
2025-06-24 14:30:00.224,1463,1136,1266,1511,1489,1518,1484,1465,1525,1441
2025-06-24 14:30:00.323,1479,1200,1362,1566,1521,1491,1552,1776,1527,1445
2025-06-24 14:30:00.423,1488,1342,1457,1534,1535,1515,1411,2195,1525,1442
2025-06-24 14:30:00.522,1493,1530,1563,1562,1562,1520,1365,2457,1527,1440
2025-06-24 14:30:00.622,1505,1713,1616,1625,1523,1516,1408,2587,1520,1435
2025-06-24 14:30:00.721,1505,1779,1680,1583,1471,1552,1472,2575,1519,1433
2025-06-24 14:30:00.821,1523,1727,1679,1627,1495,1545,1534,2368,1530,1447
2025-06-24 14:30:00.920,1505,1589,1635,1551,1520,1530,1599,2047,1535,1451
2025-06-24 14:30:01.019,1535,1483,1601,1569,1486,1535,1573,1817,1532,1446
2025-06-24 14:30:01.118,1520,1488,1553,1565,1503,1514,1547,1611,1534,1442
2025-06-24 14:30:01.217,1488,1587,1502,1552,1453,1491,1723,1298,1535,1448
2025-06-24 14:30:01.316,1456,1687,1529,1518,1488,1474,1834,1315,1526,1443
2025-06-24 14:30:01.415,1441,1787,1534,1535,1520,1488,1792,1264,1525,1441
2025-06-24 14:30:01.514,1445,1866,1517,1473,1475,1468,1456,1302,1527,1456
2025-06-24 14:30:01.614,1456,1908,1547,1249,1437,775,1331,1636,1531,1444
2025-06-24 14:30:01.713,1472,1930,1520,943,1472,0,1280,1995,1532,1435
2025-06-24 14:30:01.813,1486,1923,1445,816,1505,0,1393,2325,1529,1442
2025-06-24 14:30:01.913,1489,1925,1434,747,1505,0,1493,2640,1525,1440
2025-06-24 14:30:02.013,1475,1931,1437,757,1496,0,1361,2481,1520,1434
2025-06-24 14:30:02.113,1491,1959,1488,935,1535,0,1392,2087,1525,1437
2025-06-24 14:30:02.212,1471,1984,1555,1153,1489,326,1474,1712,1525,1439
2025-06-24 14:30:02.311,1445,2005,1569,1344,1479,1083,1593,1682,1541,1440
2025-06-24 14:30:02.410,1429,1979,1552,1431,1542,1831,1616,1831,1520,1433
2025-06-24 14:30:02.509,1413,1851,1530,1496,1482,2498,1621,1983,1498,1390
2025-06-24 14:30:02.608,1439,1876,1578,1650,1469,3098,1409,2026,1519,1426
2025-06-24 14:30:02.707,1456,1679,1632,1854,1493,3664,1355,1981,1527,1441
2025-06-24 14:30:02.806,1478,1486,1691,1904,1488,4095,1545,2029,1532,1445
2025-06-24 14:30:02.905,1490,1329,1680,1941,1519,4095,1648,1967,1532,1452
2025-06-24 14:30:03.004,1507,1270,1627,1947,1481,4095,1616,1811,1535,1451
2025-06-24 14:30:03.103,1515,1297,1535,2060,1520,4095,1375,1438,1532,1450
2025-06-24 14:30:03.203,1526,1289,1506,2071,1511,2641,1330,1378,1522,1439
2025-06-24 14:30:03.302,1535,1303,1453,2132,1435,1840,1439,1295,1529,1455
2025-06-24 14:30:03.402,1549,1276,1423,2249,1421,1707,1620,1296,1527,1447
2025-06-24 14:30:03.501,1548,1194,1379,2253,1565,1552,1829,1435,1523,1440
2025-06-24 14:30:03.601,1552,1232,1386,1951,1558,1104,1899,1360,1527,1443
2025-06-24 14:30:03.701,1521,1254,1365,1662,1513,670,1782,1285,1527,1445
2025-06-24 14:30:03.801,1477,1323,1326,1474,1563,380,1758,1472,1530,1446
2025-06-24 14:30:03.900,1457,1343,1309,1203,1513,447,1984,1489,1527,1445
2025-06-24 14:30:03.999,1456,1364,1343,1113,1497,720,2109,1200,1529,1456
2025-06-24 14:30:04.100,1467,1451,1391,1219,1499,1071,2134,1257,1531,1441
2025-06-24 14:30:04.200,1485,1526,1445,1292,1520,1350,2036,1456,1530,1441
2025-06-24 14:30:04.299,1499,1613,1454,1361,1522,1520,2031,1587,1530,1443
2025-06-24 14:30:04.398,1509,1609,1356,1402,1520,1666,1954,1722,1526,1442
2025-06-24 14:30:04.497,1520,1518,1207,1511,1482,1742,1984,1872,1526,1443
2025-06-24 14:30:04.597,1520,1287,1069,1545,1456,1742,1885,1959,1526,1440
2025-06-24 14:30:04.697,1503,1043,999,1627,1485,1748,1599,2052,1520,1437
2025-06-24 14:30:04.797,1462,912,1034,1649,1507,1754,1185,1966,1529,1441
2025-06-24 14:30:04.896,1450,928,1170,1640,1523,1761,919,1792,1547,1455
2025-06-24 14:30:04.996,1440,1011,1290,1571,1531,1727,816,1782,1534,1445
2025-06-24 14:30:05.096,1447,1153,1422,1535,1504,1716,729,1677,1529,1446
2025-06-24 14:30:05.196,1454,1270,1559,1565,1483,1674,741,1673,1525,1439
2025-06-24 14:30:05.295,1472,1343,1647,1545,1485,1632,768,1714,1521,1436
2025-06-24 14:30:05.394,1470,1390,1690,1542,1547,1633,877,1754,1515,1429
2025-06-24 14:30:05.494,1472,1465,1791,1521,1526,1609,870,1549,1520,1434
2025-06-24 14:30:05.594,1485,1521,1836,1507,1534,1618,1001,1552,1519,1434
2025-06-24 14:30:05.694,1503,1589,1824,1482,1529,1593,1279,1839,1527,1437
2025-06-24 14:30:05.794,1518,1632,1795,1518,1472,1590,1444,1719,1524,1445
2025-06-24 14:30:05.893,1531,1734,1789,1534,1409,1535,1605,1421,1526,1438
2025-06-24 14:30:05.993,1525,1872,1757,1492,1335,1507,1683,1401,1521,1439
2025-06-24 14:30:06.093,1501,2061,1677,1431,1298,1494,1691,1462,1530,1441
2025-06-24 14:30:06.192,1458,2226,1686,1369,1282,1485,1840,1410,1533,1447
2025-06-24 14:30:06.291,1429,2293,1630,1072,1363,1543,1945,1382,1522,1439
2025-06-24 14:30:06.391,1423,2313,1616,769,1431,1509,1895,1390,1527,1443
2025-06-24 14:30:06.495,1442,2176,1594,654,1530,1444,1696,1405,1525,1457
2025-06-24 14:30:06.594,1461,1909,1485,656,1597,1422,1435,1438,1526,1438
2025-06-24 14:30:06.693,1488,1738,1526,832,1631,1469,1498,1183,1529,1434
2025-06-24 14:30:06.792,1494,1709,1527,948,1631,1483,1488,943,1527,1442
2025-06-24 14:30:06.892,1487,1692,1522,1181,1650,1476,1431,793,1527,1443
2025-06-24 14:30:06.992,1456,1728,1498,1347,1690,1502,1501,638,1530,1442
2025-06-24 14:30:07.091,1428,1700,1514,1472,1645,1519,1438,641,1526,1437
2025-06-24 14:30:07.190,1421,1651,1424,1605,1591,1520,1410,711,1533,1447
2025-06-24 14:30:07.290,1423,1600,1418,1703,1614,1507,1513,838,1526,1449
2025-06-24 14:30:07.390,1438,1533,1472,1756,1512,1456,1579,817,1534,1447
2025-06-24 14:30:07.491,1415,1496,1447,1817,1418,1476,1598,906,1517,1431
2025-06-24 14:30:07.585,1450,1495,1405,1853,1454,1492,1566,1100,1533,1443
2025-06-24 14:30:07.685,1461,1489,1424,1950,1458,1519,1613,1087,1534,1453
2025-06-24 14:30:07.784,1465,1473,1455,2029,1503,1491,1689,906,1535,1448
2025-06-24 14:30:07.884,1478,1442,1456,2058,1493,1451,1766,978,1535,1449
2025-06-24 14:30:07.984,1503,1551,1443,2171,1549,1509,1661,1214,1530,1440
2025-06-24 14:30:08.083,1494,1633,1509,2303,1522,1549,1600,1318,1521,1437
2025-06-24 14:30:08.183,1507,1712,1510,2116,1520,1567,1411,1408,1525,1439
2025-06-24 14:30:08.282,1535,1733,1531,1790,1570,1522,1259,1531,1524,1441
2025-06-24 14:30:08.381,1535,1622,1503,1520,1543,1531,1314,1695,1527,1441
2025-06-24 14:30:08.481,1509,1466,1494,1329,1520,1503,1427,1742,1526,1445
2025-06-24 14:30:08.580,1472,1323,1516,1217,1520,949,1445,1371,1524,1440
2025-06-24 14:30:08.679,1456,1286,1567,1132,1462,0,1351,981,1529,1440
2025-06-24 14:30:08.778,1457,1266,1639,1045,1463,0,1379,896,1520,1438
2025-06-24 14:30:08.878,1475,1288,1694,1158,1502,0,1488,843,1524,1439
2025-06-24 14:30:08.977,1495,1316,1648,1317,1489,0,1533,950,1525,1441
2025-06-24 14:30:09.076,1518,1344,1578,1408,1516,0,1593,1019,1519,1427
2025-06-24 14:30:09.175,1495,1374,1545,1470,1520,253,1634,1122,1526,1447
2025-06-24 14:30:09.274,1462,1341,1494,1559,1533,963,1677,1088,1535,1452
2025-06-24 14:30:09.373,1454,1322,1437,1599,1515,1754,1651,1402,1529,1446
2025-06-24 14:30:09.473,1424,1334,1392,1584,1525,2467,1675,1601,1530,1445
2025-06-24 14:30:09.572,1418,1351,1362,1590,1545,2962,1775,1360,1525,1438
2025-06-24 14:30:09.672,1425,1381,1326,1618,1548,3495,1749,1155,1517,1435
2025-06-24 14:30:09.772,1441,1442,1325,1600,1548,4095,1643,1273,1520,1434
2025-06-24 14:30:09.871,1451,1584,1292,1601,1594,4095,1638,1402,1521,1437
2025-06-24 14:30:09.971,1461,1709,1201,1586,1581,4095,1657,1633,1521,1440
2025-06-24 14:30:10.070,1486,1754,1092,1633,1565,4095,1709,1769,1522,1438
2025-06-24 14:30:10.169,1490,1786,1087,1574,1574,2688,1706,1799,1530,1446
2025-06-24 14:30:10.268,1497,1712,1088,1530,1545,1869,1776,1876,1535,1450
2025-06-24 14:30:10.368,1513,1581,1143,1591,1547,1565,1715,1681,1545,1455
2025-06-24 14:30:10.467,1520,1426,1264,1616,1561,1426,1633,1110,1527,1442
2025-06-24 14:30:10.567,1503,1287,1403,1658,1566,1124,1632,929,1531,1442
2025-06-24 14:30:10.666,1519,1035,1473,1582,1563,740,1756,802,1535,1455
2025-06-24 14:30:10.765,1495,1034,1585,1585,1535,505,1813,895,1535,1452
2025-06-24 14:30:10.864,1458,1053,1686,1491,1473,545,1904,1029,1530,1444
2025-06-24 14:30:10.963,1422,908,1728,1174,1465,768,1962,1296,1525,1442
2025-06-24 14:30:11.062,1418,726,1757,912,1488,1062,1969,1488,1523,1439
2025-06-24 14:30:11.162,1441,751,1780,855,1498,1275,2005,1444,1535,1450
2025-06-24 14:30:11.261,1469,810,1789,891,1571,1445,1997,1493,1526,1440
2025-06-24 14:30:11.360,1482,926,1719,1039,1522,1585,2012,1605,1519,1437
2025-06-24 14:30:11.460,1486,1042,1674,1183,1473,1671,1759,1412,1521,1434
2025-06-24 14:30:11.560,1498,1001,1651,1298,1466,1737,1520,1297,1522,1438
2025-06-24 14:30:11.659,1456,1061,1623,1449,1472,1776,1553,1433,1527,1440
2025-06-24 14:30:11.758,1431,1139,1584,1530,1467,1758,1584,1754,1542,1457
2025-06-24 14:30:11.857,1411,1157,1459,1572,1367,1659,1139,2006,1527,1443
2025-06-24 14:30:11.956,1409,1472,1423,1559,1278,1613,861,2256,1531,1444
2025-06-24 14:30:12.056,1417,1751,1585,1782,1447,1706,1175,2577,1521,1437
2025-06-24 14:30:12.156,1456,1882,1664,1984,1571,1777,1280,2662,1517,1437
2025-06-24 14:30:12.255,1449,1759,1496,1951,1489,1616,784,2554,1521,1443
2025-06-24 14:30:12.354,1475,1610,1426,1909,1418,1603,809,2103,1522,1437
2025-06-24 14:30:12.453,1481,1529,1584,2097,1523,1673,1296,1788,1525,1439
2025-06-24 14:30:12.553,1490,1493,1632,2145,1578,1744,1470,1616,1531,1443
2025-06-24 14:30:12.652,1501,1408,1456,2109,1456,1573,1072,1535,1531,1445
2025-06-24 14:30:12.752,1520,1498,1479,2147,1552,1502,1101,1647,1526,1440
2025-06-24 14:30:12.851,1535,1697,1632,2104,1639,1627,1645,1747,1523,1439
2025-06-24 14:30:12.951,1519,1648,1602,1840,1585,1601,1600,1793,1521,1431
2025-06-24 14:30:13.051,1534,1584,1435,1358,1488,1431,1197,1781,1527,1443
2025-06-24 14:30:13.151,1510,1549,1459,1263,1455,1469,1248,1819,1535,1451
2025-06-24 14:30:13.250,1474,1559,1598,1289,1605,1618,1535,1986,1528,1446
2025-06-24 14:30:13.349,1449,1563,1504,1232,1553,1557,1358,1440,1530,1447
2025-06-24 14:30:13.448,1440,1505,1407,1193,1472,1392,1184,1043,1528,1441
2025-06-24 14:30:13.548,1459,1648,1547,1354,1507,1454,1443,1194,1523,1415
2025-06-24 14:30:13.647,1478,1826,1619,1482,1563,1590,1669,1522,1535,1449
2025-06-24 14:30:13.746,1487,1954,1550,1552,1489,1564,1593,1918,1523,1437
2025-06-24 14:30:13.845,1494,2122,1483,1541,1509,1520,1296,2176,1523,1441
2025-06-24 14:30:13.945,1505,2224,1347,1427,1413,1419,874,2227,1535,1445
2025-06-24 14:30:14.045,1501,2385,1418,1471,1361,1433,1131,2320,1533,1449
2025-06-24 14:30:14.145,1488,2531,1573,1616,1406,1545,1706,2449,1534,1450
2025-06-24 14:30:14.245,1459,2431,1555,1599,1461,1514,1742,2036,1531,1446
2025-06-24 14:30:14.345,1447,2181,1504,1577,1469,1471,1705,1584,1527,1436
2025-06-24 14:30:14.444,1439,1872,1313,1435,1495,1394,1347,1433,1521,1440
2025-06-24 14:30:14.544,1438,1750,1294,1415,1616,1425,1488,1406,1535,1445
2025-06-24 14:30:14.644,1450,1773,1431,1586,1741,1621,1962,1411,1527,1443
2025-06-24 14:30:14.744,1459,1782,1502,1583,1728,1585,1942,1181,1533,1443
2025-06-24 14:30:14.843,1477,1747,1551,1584,1555,1517,1760,1029,1522,1436
2025-06-24 14:30:14.942,1480,1669,1383,1435,1375,1371,1280,969,1532,1450
2025-06-24 14:30:15.042,1491,1707,1425,1441,1280,1387,1258,919,1531,1444
2025-06-24 14:30:15.142,1507,1840,1600,1594,1359,1552,1803,1200,1522,1438
2025-06-24 14:30:15.241,1520,1857,1616,1585,1356,1578,1834,2064,1523,1439
2025-06-24 14:30:15.341,1535,1755,1559,1503,1333,1527,1697,1763,1520,1420
2025-06-24 14:30:15.440,1526,1654,1402,1472,1285,1463,1195,470,1525,1441
2025-06-24 14:30:15.540,1498,1617,1380,1290,1324,1444,1035,0,1526,1440
2025-06-24 14:30:15.639,1491,1631,1561,1117,1474,1500,1472,0,1526,1441
2025-06-24 14:30:15.739,1456,1613,1660,938,1520,688,1737,0,1527,1442
2025-06-24 14:30:15.838,1437,1710,1646,819,1517,0,1776,0,1533,1442
2025-06-24 14:30:15.937,1403,1769,1399,700,1472,0,1374,107,1526,1441
2025-06-24 14:30:16.036,1424,1834,1227,821,1468,0,1306,0,1525,1437
2025-06-24 14:30:16.136,1442,1979,1297,1127,1567,0,1881,0,1521,1435
2025-06-24 14:30:16.235,1457,1963,1345,1337,1568,0,2101,0,1521,1441
2025-06-24 14:30:16.334,1470,1753,1363,1497,1577,486,1995,0,1526,1438
2025-06-24 14:30:16.433,1474,1479,1343,1493,1559,1168,1647,0,1521,1438
2025-06-24 14:30:16.537,1488,1375,1478,1545,1543,1840,1197,0,1529,1442
2025-06-24 14:30:16.636,1486,1395,1933,1792,1573,2551,1360,466,1523,1436
2025-06-24 14:30:16.735,1502,1522,2337,1936,1629,3216,1645,1456,1520,1437
2025-06-24 14:30:16.834,1477,1665,2419,1975,1594,3842,1680,2250,1525,1439
2025-06-24 14:30:16.933,1447,1838,2273,2018,1581,4095,1609,3006,1527,1441
2025-06-24 14:30:17.032,1427,1852,1814,1997,1575,4095,1568,4095,1523,1440
2025-06-24 14:30:17.131,1424,1717,1229,1947,1487,4095,1245,4095,1521,1439
2025-06-24 14:30:17.231,1449,1601,944,1914,1472,3644,1152,3107,1526,1441
2025-06-24 14:30:17.331,1462,1547,976,2132,1567,2513,1680,2480,1527,1446
2025-06-24 14:30:17.431,1478,1488,990,2242,1573,1806,1760,2387,1529,1449
2025-06-24 14:30:17.532,1499,1450,1003,2075,1542,1664,1769,2443,1531,1445
2025-06-24 14:30:17.627,1515,1458,1072,1795,1515,1513,1714,2332,1534,1445
2025-06-24 14:30:17.727,1526,1435,1136,1513,1491,1136,1766,2224,1534,1439
2025-06-24 14:30:17.826,1532,1407,1088,1280,1459,603,1417,1844,1529,1438
2025-06-24 14:30:17.926,1535,1600,1206,1230,1475,465,1392,1309,1527,1442
2025-06-24 14:30:18.026,1516,1774,1486,1303,1627,619,1761,1104,1541,1450
2025-06-24 14:30:18.126,1495,1815,1520,1328,1605,865,1724,1090,1529,1442
2025-06-24 14:30:18.225,1478,1763,1550,1340,1510,1127,1582,1220,1520,1437
2025-06-24 14:30:18.324,1465,1616,1567,1373,1485,1328,1686,1307,1522,1439
2025-06-24 14:30:18.424,1430,1351,1457,1360,1423,1415,1548,1353,1520,1430
2025-06-24 14:30:18.524,1447,1200,1461,1407,1455,1525,1412,1581,1522,1437
2025-06-24 14:30:18.624,1459,1245,1627,1604,1487,1715,1798,2051,1521,1443
2025-06-24 14:30:18.724,1469,1289,1707,1648,1575,1770,1958,2320,1530,1441
2025-06-24 14:30:18.824,1463,1306,1667,1611,1543,1778,1758,2385,1535,1450
2025-06-24 14:30:18.924,1447,1303,1616,1572,1516,1776,1664,2222,1524,1446
2025-06-24 14:30:19.023,1437,1342,1552,1542,1452,1706,1716,1567,1527,1435
2025-06-24 14:30:19.123,1431,1328,1429,1423,1405,1552,1361,994,1523,1442
2025-06-24 14:30:19.222,1439,1370,1437,1424,1456,1575,1376,964,1526,1445
2025-06-24 14:30:19.321,1466,1408,1654,1568,1583,1714,1818,1173,1521,1453
2025-06-24 14:30:19.420,1480,1363,1663,1638,1600,1735,1940,1381,1519,1433
2025-06-24 14:30:19.520,1485,1361,1590,1583,1584,1689,1834,1629,1525,1441
2025-06-24 14:30:19.620,1487,1378,1584,1504,1594,1671,1781,1855,1533,1450
2025-06-24 14:30:19.719,1493,1417,1530,1488,1552,1639,1629,2018,1535,1447
2025-06-24 14:30:19.819,1507,1430,1387,1438,1471,1486,1208,2012,1535,1451
2025-06-24 14:30:19.919,1521,1644,1392,1488,1489,1554,1230,1843,1549,1455
2025-06-24 14:30:20.018,1543,1773,1557,1645,1507,1641,1562,1519,1524,1434
2025-06-24 14:30:20.118,1546,1776,1564,1637,1526,1566,1614,1245,1526,1442
2025-06-24 14:30:20.218,1552,1706,1526,1597,1521,1552,1618,1074,1527,1459
2025-06-24 14:30:20.318,1550,1584,1520,1535,1494,1561,1742,1091,1527,1440
2025-06-24 14:30:20.418,1557,1391,1374,1481,1460,1474,1230,1199,1527,1440
2025-06-24 14:30:20.518,1551,1319,1266,1424,1505,1425,850,1395,1521,1439
2025-06-24 14:30:20.617,1531,1399,1492,1444,1575,1515,1139,1789,1526,1442
2025-06-24 14:30:20.716,1515,1456,1627,1266,1605,1577,1311,2111,1519,1431
2025-06-24 14:30:20.815,1475,1478,1627,941,1577,1559,1186,2260,1515,1430
2025-06-24 14:30:20.915,1440,1507,1602,713,1488,1542,1141,2069,1526,1440
2025-06-24 14:30:21.014,1424,1519,1578,718,1475,1487,1193,1681,1535,1441
2025-06-24 14:30:21.114,1427,1445,1424,734,1446,1353,865,1611,1531,1446
2025-06-24 14:30:21.214,1442,1411,1427,913,1451,1391,1049,1809,1534,1451
2025-06-24 14:30:21.313,1461,1498,1621,1280,1500,1559,1647,2123,1532,1445
2025-06-24 14:30:21.412,1456,1488,1584,1413,1534,1561,1796,2334,1527,1444
2025-06-24 14:30:21.512,1439,1488,1552,1599,1533,1527,1523,2405,1530,1449
2025-06-24 14:30:21.611,1418,1517,1550,1699,1516,1506,1341,2325,1535,1446
2025-06-24 14:30:21.711,1395,1563,1424,1751,1510,1478,1325,2179,1535,1456
2025-06-24 14:30:21.810,1402,1648,1262,1823,1472,1477,1290,1981,1520,1436
2025-06-24 14:30:21.910,1413,1747,1169,1872,1460,1487,1296,1854,1520,1440
2025-06-24 14:30:22.010,1437,1804,1167,1891,1490,1520,1389,1568,1525,1438
2025-06-24 14:30:22.110,1454,1743,1154,1866,1471,1516,1234,1241,1520,1433
2025-06-24 14:30:22.209,1471,1511,1095,1917,1409,1397,845,1057,1530,1443
2025-06-24 14:30:22.308,1490,1351,1271,1999,1424,1408,1089,1277,1531,1446
2025-06-24 14:30:22.407,1511,1294,1550,2225,1521,1546,1584,1722,1523,1438
2025-06-24 14:30:22.507,1515,1266,1630,2255,1583,1520,1761,1998,1514,1441
2025-06-24 14:30:22.607,1529,1274,1680,2058,1558,1526,1711,2035,1521,1455
2025-06-24 14:30:22.706,1519,1301,1712,1729,1518,1552,1695,2032,1532,1431
2025-06-24 14:30:22.805,1518,1303,1744,1488,1529,1598,1818,1776,1527,1440
2025-06-24 14:30:22.905,1502,1280,1699,1303,1513,1359,1869,1584,1533,1459
2025-06-24 14:30:23.004,1472,1295,1648,1152,1501,246,1856,1408,1525,1440
2025-06-24 14:30:23.104,1442,1187,1527,1188,1456,0,1687,1616,1533,1445
2025-06-24 14:30:23.204,1428,1111,1418,1107,1382,0,1232,1714,1533,1445
2025-06-24 14:30:23.303,1441,1191,1344,1216,1442,0,1054,1830,1529,1445
2025-06-24 14:30:23.402,1472,1355,1486,1435,1629,0,1421,1955,1520,1442
2025-06-24 14:30:23.501,1488,1488,1589,1689,1831,106,1671,2055,1518,1437
2025-06-24 14:30:23.600,1491,1565,1581,1616,1840,752,1733,2038,1515,1441
2025-06-24 14:30:23.700,1503,1680,1575,1645,1765,1499,1534,1967,1510,1422
2025-06-24 14:30:23.800,1490,1742,1554,1628,1648,2199,1474,1648,1514,1428
2025-06-24 14:30:23.900,1439,1763,1521,1600,1456,2763,1479,1349,1513,1424
2025-06-24 14:30:23.999,1430,1715,1551,1607,1345,3245,1574,1359,1531,1446
2025-06-24 14:30:24.100,1422,1567,1534,1555,1251,3834,1671,1410,1546,1456
2025-06-24 14:30:24.200,1424,1488,1519,1550,1203,4095,1658,1593,1529,1445
2025-06-24 14:30:24.300,1431,1444,1377,1385,1146,4095,1306,1691,1525,1441
2025-06-24 14:30:24.400,1437,1487,1402,1437,1206,4095,1376,1716,1525,1436
2025-06-24 14:30:24.500,1469,1623,1587,1600,1344,3217,1988,1783,1531,1446
2025-06-24 14:30:24.599,1482,1667,1584,1613,1393,2250,2127,1872,1534,1447
2025-06-24 14:30:24.699,1488,1648,1558,1610,1473,1641,1938,1633,1522,1441
2025-06-24 14:30:24.798,1498,1585,1526,1555,1527,1545,1744,1392,1526,1439
2025-06-24 14:30:24.898,1519,1514,1503,1511,1505,1393,1626,1407,1541,1451
2025-06-24 14:30:24.997,1529,1501,1484,1569,1545,1005,1569,1499,1543,1454
2025-06-24 14:30:25.096,1550,1535,1518,1512,1580,660,1568,1514,1527,1441
2025-06-24 14:30:25.196,1551,1616,1525,1520,1600,534,1540,1638,1535,1450
2025-06-24 14:30:25.296,1520,1679,1500,1520,1597,629,1330,1694,1525,1441
2025-06-24 14:30:25.395,1475,1728,1381,1366,1529,735,798,1503,1527,1430
2025-06-24 14:30:25.494,1453,1825,1395,1434,1484,1075,967,1424,1533,1447
2025-06-24 14:30:25.593,1456,1962,1567,1614,1581,1455,1626,1105,1525,1444
2025-06-24 14:30:25.693,1467,1947,1578,1613,1635,1633,1705,898,1522,1439
2025-06-24 14:30:25.793,1483,1813,1586,1554,1603,1801,1717,907,1530,1431
2025-06-24 14:30:25.893,1488,1608,1696,1517,1616,1771,1668,1015,1527,1441
2025-06-24 14:30:25.992,1494,1441,1750,1525,1659,1727,1712,1187,1525,1439
2025-06-24 14:30:26.092,1499,1374,1771,1524,1616,1746,1907,1335,1521,1438
2025-06-24 14:30:26.192,1505,1351,1699,1499,1611,1742,1968,1488,1519,1437
2025-06-24 14:30:26.291,1505,1379,1584,1503,1648,1741,1809,1360,1525,1434
2025-06-24 14:30:26.391,1491,1328,1361,1373,1520,1655,1294,1392,1520,1437
2025-06-24 14:30:26.491,1465,1301,1227,1105,1456,1569,1063,1283,1530,1444
2025-06-24 14:30:26.594,1457,1380,1294,985,1518,1629,1367,1101,1531,1446
2025-06-24 14:30:26.694,1461,1379,1346,883,1615,1648,1751,1040,1531,1442
2025-06-24 14:30:26.794,1450,1352,1361,854,1602,1664,1785,1056,1530,1443
2025-06-24 14:30:26.893,1458,1392,1354,889,1594,1659,1750,1029,1535,1451
2025-06-24 14:30:26.992,1479,1458,1367,1043,1523,1633,1648,1103,1532,1450
2025-06-24 14:30:27.091,1488,1567,1395,1276,1565,1626,1472,1245,1532,1439
2025-06-24 14:30:27.190,1508,1622,1447,1446,1562,1601,1367,1270,1535,1449
2025-06-24 14:30:27.289,1503,1708,1467,1472,1507,1522,1260,1392,1527,1445
2025-06-24 14:30:27.389,1517,1866,1426,1603,1486,1456,1275,1238,1523,1439
2025-06-24 14:30:27.489,1521,1938,1290,1611,1426,1385,995,740,1530,1447
2025-06-24 14:30:27.590,1535,1975,1179,1659,1486,1401,1104,595,1525,1435
2025-06-24 14:30:27.685,1553,1967,1282,1821,1613,1562,1735,735,1520,1437
2025-06-24 14:30:27.785,1535,1774,1264,1980,1648,1600,2041,896,1520,1440
2025-06-24 14:30:27.884,1488,1552,1239,1974,1648,1546,1937,1073,1527,1443
2025-06-24 14:30:27.983,1453,1434,1231,1997,1566,1519,1707,1345,1530,1443
2025-06-24 14:30:28.082,1440,1424,1262,2045,1520,1507,1488,1630,1535,1452
2025-06-24 14:30:28.182,1444,1391,1382,2239,1525,1480,1478,1617,1530,1444
2025-06-24 14:30:28.282,1470,1409,1526,2179,1521,1472,1472,1770,1520,1431
2025-06-24 14:30:28.381,1479,1424,1678,1891,1519,1463,1418,1613,1509,1424
2025-06-24 14:30:28.481,1494,1424,1781,1635,1507,1475,1398,1342,1520,1435
2025-06-24 14:30:28.580,1504,1392,1706,1344,1483,1381,965,1140,1534,1447
2025-06-24 14:30:28.679,1518,1482,1717,1205,1530,1408,953,1290,1546,1453
2025-06-24 14:30:28.779,1519,1648,1842,1302,1545,1563,1520,1643,1535,1453
2025-06-24 14:30:28.879,1463,1613,1726,1277,1570,1523,1587,1872,1525,1441
2025-06-24 14:30:28.978,1459,1669,1707,1281,1577,1504,1600,2001,1526,1445
2025-06-24 14:30:29.078,1443,1706,1674,1376,1553,1515,1533,2054,1520,1435
2025-06-24 14:30:29.178,1439,1712,1573,1431,1521,1526,1454,2026,1519,1436
2025-06-24 14:30:29.278,1455,1768,1542,1479,1531,1527,1686,1872,1519,1433
2025-06-24 14:30:29.378,1449,1769,1517,1466,1519,1515,1806,1569,1520,1432
2025-06-24 14:30:29.478,1481,1755,1525,1522,1585,1488,1858,1328,1522,1439
2025-06-24 14:30:29.578,1486,1655,1456,1456,1493,1446,1680,1230,1524,1442
2025-06-24 14:30:29.678,1493,1435,1373,1409,1444,1389,1295,1172,1523,1449
2025-06-24 14:30:29.777,1515,1312,1487,1614,1509,1549,1502,1285,1527,1440
2025-06-24 14:30:29.876,1531,1281,1623,1709,1567,1659,1825,1543,1530,1445
2025-06-24 14:30:29.975,1527,1303,1606,1599,1552,1617,1771,1621,1533,1447
2025-06-24 14:30:30.075,1527,1313,1552,1511,1525,1571,1711,1413,1531,1446
2025-06-24 14:30:30.175,1488,1361,1559,1447,1527,1511,1584,1317,1543,1457
2025-06-24 14:30:30.274,1472,1291,1575,1523,1570,1365,1374,1326,1533,1447
2025-06-24 14:30:30.373,1450,1222,1526,1547,1461,467,1311,1057,1523,1441
2025-06-24 14:30:30.472,1461,1253,1499,1583,1477,0,1311,996,1529,1439
2025-06-24 14:30:30.571,1486,1296,1514,1606,1514,0,1344,1152,1532,1446
2025-06-24 14:30:30.670,1499,1295,1369,1498,1418,0,1063,1399,1523,1441
2025-06-24 14:30:30.769,1507,1370,1311,1446,1449,0,1068,1686,1528,1443
2025-06-24 14:30:30.868,1511,1552,1533,1639,1504,0,1578,2000,1530,1444
2025-06-24 14:30:30.968,1488,1685,1552,1651,1510,592,1936,2148,1525,1440
2025-06-24 14:30:31.067,1465,1786,1581,1633,1579,1324,2063,2206,1523,1437
2025-06-24 14:30:31.167,1455,1843,1549,1638,1545,2064,1983,2240,1522,1442
2025-06-24 14:30:31.267,1459,1875,1521,1561,1487,2688,1842,2229,1521,1438
2025-06-24 14:30:31.367,1463,1776,1470,1518,1434,3239,1648,1904,1520,1433
2025-06-24 14:30:31.467,1475,1622,1480,1510,1390,3846,1619,1676,1524,1437
2025-06-24 14:30:31.566,1466,1553,1495,1523,1389,4095,1567,1629,1521,1437
2025-06-24 14:30:31.665,1488,1572,1494,1490,1389,4095,1509,1591,1523,1437
2025-06-24 14:30:31.764,1488,1543,1328,1393,1291,4095,1066,1533,1523,1439
2025-06-24 14:30:31.864,1488,1605,1389,1435,1309,3477,1088,1551,1530,1441
2025-06-24 14:30:31.964,1507,1718,1621,1574,1367,2429,1431,1493,1530,1442
2025-06-24 14:30:32.063,1499,1674,1625,1587,1296,1685,1462,1491,1527,1441
2025-06-24 14:30:32.163,1507,1646,1573,1584,1214,1489,1488,1699,1535,1456
2025-06-24 14:30:32.262,1499,1591,1569,1503,1195,1422,1512,1719,1543,1450
2025-06-24 14:30:32.361,1507,1531,1518,1423,1299,1190,1478,1367,1530,1442
2025-06-24 14:30:32.460,1487,1489,1518,1486,1482,852,1404,1277,1525,1442
2025-06-24 14:30:32.559,1459,1456,1489,1503,1621,576,1510,1549,1516,1429
2025-06-24 14:30:32.658,1451,1455,1483,1422,1766,526,1708,1759,1524,1438
2025-06-24 14:30:32.757,1455,1413,1418,1354,1721,678,1578,1877,1532,1445
2025-06-24 14:30:32.856,1471,1439,1425,1395,1591,933,1249,2102,1524,1439
2025-06-24 14:30:32.955,1484,1530,1504,1520,1485,1281,1438,2273,1520,1431
2025-06-24 14:30:33.055,1478,1647,1434,1580,1441,1598,1680,2373,1526,1442
2025-06-24 14:30:33.155,1475,1649,1349,1508,1345,1706,1687,2393,1520,1447
2025-06-24 14:30:33.255,1444,1535,1232,1483,1279,1734,1600,1973,1524,1441
2025-06-24 14:30:33.354,1426,1366,1235,1489,1285,1744,1520,1614,1527,1444
2025-06-24 14:30:33.453,1415,1311,1301,1521,1281,1792,1489,1454,1529,1443
2025-06-24 14:30:33.552,1429,1370,1354,1565,1353,1808,1369,1477,1531,1446
2025-06-24 14:30:33.651,1428,1429,1457,1585,1400,1936,1354,1424,1542,1451
2025-06-24 14:30:33.751,1441,1470,1514,1566,1489,1922,1360,1360,1532,1445
2025-06-24 14:30:33.850,1454,1340,1457,1454,1451,1682,1039,1219,1521,1438
2025-06-24 14:30:33.949,1472,1280,1519,1424,1424,1552,944,1154,1524,1438
2025-06-24 14:30:34.048,1483,1383,1727,1552,1588,1815,1578,1378,1531,1447
2025-06-24 14:30:34.148,1495,1419,1734,1549,1776,1840,1850,1486,1519,1435
2025-06-24 14:30:34.247,1503,1454,1641,1523,1810,1728,1994,1074,1514,1421
2025-06-24 14:30:34.347,1507,1501,1468,1591,1747,1594,2061,1021,1518,1431
2025-06-24 14:30:34.446,1517,1530,1403,1552,1702,1488,1955,1149,1521,1437
2025-06-24 14:30:34.546,1520,1592,1392,1509,1648,1439,1651,1376,1531,1446
2025-06-24 14:30:34.646,1501,1674,1403,1511,1601,1407,1502,1742,1531,1440
2025-06-24 14:30:34.745,1461,1766,1443,1509,1595,1403,1488,2141,1525,1444
2025-06-24 14:30:34.845,1414,1777,1489,1459,1581,1379,1359,2236,1532,1447
2025-06-24 14:30:34.945,1417,1677,1360,1360,1455,1269,976,2002,1534,1451
2025-06-24 14:30:35.045,1437,1568,1431,1433,1550,1317,1078,1482,1535,1453
2025-06-24 14:30:35.145,1443,1502,1635,1600,1719,1478,1437,1005,1545,1455
2025-06-24 14:30:35.245,1453,1419,1675,1612,1781,1504,1548,722,1547,1457
2025-06-24 14:30:35.344,1457,1391,1629,1535,1745,1515,1481,638,1522,1439
2025-06-24 14:30:35.444,1472,1411,1715,1506,1661,1472,1479,825,1521,1431
2025-06-24 14:30:35.543,1465,1460,1818,1497,1601,1466,1533,955,1520,1431
2025-06-24 14:30:35.642,1454,1498,1821,1565,1544,1639,1610,1040,1521,1441
2025-06-24 14:30:35.742,1446,1419,1750,1543,1525,1633,1683,1187,1524,1439
2025-06-24 14:30:35.841,1444,1375,1671,1479,1498,1574,1799,1238,1523,1441
2025-06-24 14:30:35.941,1456,1337,1515,1409,1434,1464,1726,1365,1522,1441
2025-06-24 14:30:36.041,1456,1338,1265,1323,1414,1425,1462,1532,1531,1445
2025-06-24 14:30:36.141,1472,1399,1263,1491,1485,1429,1683,1370,1525,1447
2025-06-24 14:30:36.241,1487,1494,1314,1549,1632,1484,1802,1396,1525,1438
2025-06-24 14:30:36.340,1488,1568,1325,1584,1618,1469,1682,1590,1524,1443
2025-06-24 14:30:36.440,1498,1646,1294,1491,1595,1461,1572,1823,1531,1446
2025-06-24 14:30:36.540,1514,1798,1275,1549,1581,1465,1426,2000,1521,1438
2025-06-24 14:30:36.644,1525,1933,1269,1486,1552,1479,1442,2185,1520,1432
2025-06-24 14:30:36.743,1533,2014,1296,1533,1603,1471,1360,2169,1534,1448
2025-06-24 14:30:36.843,1549,1968,1310,1532,1674,1455,1249,1674,1543,1453
2025-06-24 14:30:36.942,1545,1766,1345,1490,1647,1443,1247,1231,1523,1438
2025-06-24 14:30:37.042,1503,1582,1268,1379,1609,1354,945,854,1521,1438
2025-06-24 14:30:37.141,1456,1478,1263,1390,1635,1339,998,731,1529,1439
2025-06-24 14:30:37.240,1456,1509,1458,1590,1654,1525,1616,841,1519,1435
2025-06-24 14:30:37.340,1481,1502,1559,1739,1643,1568,1727,906,1522,1437
2025-06-24 14:30:37.440,1506,1455,1589,1718,1583,1568,1808,1114,1532,1447
2025-06-24 14:30:37.540,1518,1451,1589,1750,1541,1591,1895,1351,1531,1451
2025-06-24 14:30:37.641,1519,1399,1581,1722,1478,1570,1799,1557,1530,1445
2025-06-24 14:30:37.736,1507,1342,1583,1616,1519,1520,1713,1515,1533,1446
2025-06-24 14:30:37.836,1468,1306,1586,1520,1394,1501,1399,1495,1535,1449
2025-06-24 14:30:37.935,1443,1322,1629,1424,1394,1494,1344,1327,1527,1446
2025-06-24 14:30:38.035,1441,1365,1531,1331,1430,840,1345,945,1529,1443
2025-06-24 14:30:38.135,1447,1330,1120,1226,1351,0,996,838,1530,1441
2025-06-24 14:30:38.235,1433,1463,943,1234,1345,0,958,1014,1523,1445
2025-06-24 14:30:38.334,1447,1623,1030,1193,1456,0,1573,1200,1531,1450
2025-06-24 14:30:38.433,1455,1749,999,1007,1526,0,1585,1325,1520,1434
2025-06-24 14:30:38.532,1465,1823,1045,800,1477,0,1563,1472,1517,1429
2025-06-24 14:30:38.632,1465,1841,1130,809,1465,530,1410,1697,1520,1450
2025-06-24 14:30:38.732,1475,1795,1259,767,1489,1222,1405,1584,1520,1438
2025-06-24 14:30:38.832,1484,1694,1410,859,1502,1937,1456,1296,1526,1438
2025-06-24 14:30:38.932,1487,1600,1530,978,1531,2551,1501,1088,1526,1441
2025-06-24 14:30:39.032,1490,1565,1725,1177,1518,3041,1481,1181,1525,1439
2025-06-24 14:30:39.132,1491,1535,1799,1295,1488,3435,1456,1308,1530,1444
2025-06-24 14:30:39.232,1462,1510,1810,1354,1438,4095,1357,1244,1526,1445
2025-06-24 14:30:39.331,1429,1553,1916,1622,1429,4095,1707,1394,1530,1441
2025-06-24 14:30:39.430,1425,1607,2055,1809,1515,4095,1875,1671,1520,1430
2025-06-24 14:30:39.530,1437,1519,1952,1850,1520,3749,1614,1900,1521,1439
2025-06-24 14:30:39.630,1460,1462,1793,1890,1553,2497,1485,1891,1535,1450
2025-06-24 14:30:39.729,1457,1430,1702,1924,1535,1734,1513,2046,1535,1447
2025-06-24 14:30:39.829,1471,1418,1630,2014,1499,1456,1421,1479,1545,1456
2025-06-24 14:30:39.928,1446,1424,1635,2254,1467,1387,1358,1107,1535,1456
2025-06-24 14:30:40.027,1399,1455,1611,2359,1457,1122,1488,1054,1520,1427
2025-06-24 14:30:40.127,1379,1495,1571,2321,1448,752,1425,1191,1520,1435
2025-06-24 14:30:40.226,1371,1486,1412,2046,1401,455,1046,1359,1523,1437
2025-06-24 14:30:40.326,1371,1623,1387,1978,1542,416,977,1558,1520,1430
2025-06-24 14:30:40.425,1396,1806,1599,2017,1792,799,1557,1729,1530,1446
2025-06-24 14:30:40.525,1411,1862,1648,1881,1776,1119,1759,1918,1530,1442
2025-06-24 14:30:40.624,1422,1776,1600,1680,1742,1330,1789,1904,1526,1449
2025-06-24 14:30:40.723,1436,1557,1554,1454,1556,1530,1714,1877,1531,1445
2025-06-24 14:30:40.822,1456,1392,1568,1169,1348,1730,1901,1673,1531,1446
2025-06-24 14:30:40.921,1478,1355,1552,1117,1177,1771,1926,1276,1526,1441
2025-06-24 14:30:41.020,1511,1405,1551,1108,1087,1789,1763,1200,1531,1443
2025-06-24 14:30:41.120,1531,1430,1542,1105,1013,1761,1472,1196,1530,1443
2025-06-24 14:30:41.219,1556,1430,1568,1202,1079,1718,1394,1307,1520,1435
2025-06-24 14:30:41.318,1581,1388,1401,1156,1109,1584,941,1347,1533,1445
2025-06-24 14:30:41.417,1512,1365,1392,1235,1230,1600,970,1620,1541,1454
2025-06-24 14:30:41.516,1467,1419,1597,1501,1461,1748,1634,1946,1533,1444
2025-06-24 14:30:41.615,1451,1393,1607,1583,1527,1765,1792,2172,1524,1431
2025-06-24 14:30:41.714,1463,1392,1569,1632,1552,1719,1655,2123,1524,1443
2025-06-24 14:30:41.814,1489,1423,1558,1634,1635,1682,1520,1745,1525,1443
2025-06-24 14:30:41.913,1510,1461,1559,1669,1649,1634,1312,1467,1531,1445
2025-06-24 14:30:42.012,1520,1499,1546,1651,1675,1586,1266,1440,1522,1440
2025-06-24 14:30:42.112,1494,1616,1506,1601,1630,1542,1356,1493,1520,1424
2025-06-24 14:30:42.212,1455,1759,1492,1574,1619,1519,1429,1648,1520,1433
2025-06-24 14:30:42.311,1424,1808,1445,1511,1569,1476,1250,1834,1532,1441
2025-06-24 14:30:42.410,1413,1801,1340,1376,1510,1377,1210,1905,1541,1449
2025-06-24 14:30:42.509,1430,1771,1428,1168,1739,1456,1779,1947,1526,1441
2025-06-24 14:30:42.609,1447,1630,1609,1088,1809,1555,2221,2018,1523,1438
2025-06-24 14:30:42.708,1468,1474,1584,949,1700,1554,2096,1872,1517,1431
2025-06-24 14:30:42.807,1465,1438,1549,887,1569,1584,1802,1638,1520,1436
2025-06-24 14:30:42.907,1489,1472,1547,899,1461,1546,1665,1357,1530,1443
2025-06-24 14:30:43.007,1505,1456,1514,1049,1441,1507,1680,1194,1521,1437
2025-06-24 14:30:43.106,1523,1456,1511,1211,1408,1454,1778,1131,1525,1439
2025-06-24 14:30:43.206,1535,1463,1503,1392,1405,1469,1744,757,1531,1446
2025-06-24 14:30:43.306,1535,1461,1499,1514,1414,1495,1682,0,1523,1438
2025-06-24 14:30:43.406,1535,1371,1405,1558,1334,1373,1738,0,1520,1432
2025-06-24 14:30:43.506,1517,1362,1351,1612,1477,1345,1900,0,1532,1433
2025-06-24 14:30:43.605,1473,1423,1488,1791,1679,1489,2286,0,1530,1443
2025-06-24 14:30:43.704,1454,1478,1580,1942,1748,1562,2212,0,1533,1445
2025-06-24 14:30:43.803,1434,1518,1451,1936,1731,1555,1898,0,1531,1447
2025-06-24 14:30:43.902,1445,1569,1232,1946,1645,1555,1653,0,1531,1447
2025-06-24 14:30:44.002,1465,1615,1109,1988,1435,1509,1580,0,1529,1441
2025-06-24 14:30:44.101,1493,1734,1077,2017,1364,1491,1587,235,1531,1443
2025-06-24 14:30:44.201,1505,1809,1133,2128,1345,1530,1459,1861,1529,1441
2025-06-24 14:30:44.300,1506,1809,1232,2192,1359,1558,1193,3435,1520,1436
2025-06-24 14:30:44.400,1491,1805,1345,2122,1379,1551,999,4095,1520,1433
2025-06-24 14:30:44.499,1451,1616,1357,1949,1281,1472,562,4095,1529,1444
2025-06-24 14:30:44.598,1423,1438,1535,1730,1260,1392,667,4095,1527,1441
2025-06-24 14:30:44.697,1417,1471,1787,1602,1361,1588,1303,4095,1530,1443
2025-06-24 14:30:44.797,1422,1500,1841,1411,1376,1627,1451,4095,1531,1446
2025-06-24 14:30:44.896,1428,1498,1823,1282,1351,1601,1395,4095,1527,1443
2025-06-24 14:30:44.996,1445,1514,1745,1203,1370,1502,1305,4095,1522,1437
2025-06-24 14:30:45.095,1456,1513,1575,1200,1368,1542,1282,4095,1521,1438
2025-06-24 14:30:45.195,1473,1516,1599,1275,1484,1551,1296,3801,1523,1439
2025-06-24 14:30:45.294,1466,1468,1597,1389,1507,1517,1323,3611,1534,1451
2025-06-24 14:30:45.393,1517,1393,1579,1474,1519,1495,1312,3575,1526,1443
2025-06-24 14:30:45.492,1533,1378,1558,1513,1520,1514,1267,3662,1520,1437
2025-06-24 14:30:45.591,1535,1380,1442,1409,1490,1429,1260,3343,1522,1435
2025-06-24 14:30:45.691,1546,1439,1504,1518,1485,1488,1678,2685,1527,1441
2025-06-24 14:30:45.791,1503,1599,1705,1655,1594,1545,2160,2353,1522,1438
2025-06-24 14:30:45.891,1514,1664,1733,1625,1546,779,1935,2287,1543,1454
2025-06-24 14:30:45.991,1482,1781,1684,1571,1488,0,1682,2493,1543,1456
2025-06-24 14:30:46.090,1467,1856,1617,1515,1460,0,1601,2598,1535,1439
2025-06-24 14:30:46.190,1472,1893,1567,1477,1492,0,1530,2621,1520,1449
2025-06-24 14:30:46.289,1477,1855,1555,1552,1534,0,1604,2607,1518,1433
2025-06-24 14:30:46.389,1477,1702,1519,1588,1491,10,1505,2512,1527,1441
2025-06-24 14:30:46.489,1486,1503,1509,1511,1520,610,1479,1923,1531,1434
2025-06-24 14:30:46.589,1483,1392,1428,1232,1463,1264,1168,1295,1531,1443
2025-06-24 14:30:46.693,1482,1381,1412,935,1466,1905,947,1438,1526,1437
2025-06-24 14:30:46.793,1487,1523,1562,895,1531,2605,1355,1902,1527,1439
2025-06-24 14:30:46.892,1492,1567,1630,962,1581,3179,1579,2163,1523,1441
2025-06-24 14:30:46.992,1496,1543,1597,1039,1558,3696,1558,2228,1516,1426
2025-06-24 14:30:47.092,1507,1535,1557,1126,1593,4095,1549,2256,1518,1435
2025-06-24 14:30:47.191,1495,1471,1549,1282,1609,4095,1767,2145,1534,1450
2025-06-24 14:30:47.290,1471,1383,1459,1454,1613,4095,1949,1857,1522,1447
2025-06-24 14:30:47.389,1453,1366,1406,1598,1600,3484,1867,1511,1523,1435
2025-06-24 14:30:47.489,1455,1413,1380,1638,1579,2329,1742,880,1527,1443
2025-06-24 14:30:47.589,1463,1455,1379,1756,1567,1651,1591,518,1529,1435
2025-06-24 14:30:47.690,1463,1413,1296,1680,1523,1403,1113,479,1533,1439
2025-06-24 14:30:47.785,1476,1453,1322,1730,1528,1339,1163,944,1535,1447
2025-06-24 14:30:47.885,1481,1582,1567,1838,1574,1208,1659,1585,1520,1437
2025-06-24 14:30:47.985,1511,1697,1677,1856,1440,848,1713,1297,1525,1441
2025-06-24 14:30:48.084,1520,1742,1760,1949,1121,654,1598,0,1526,1446
2025-06-24 14:30:48.184,1505,1757,1840,2022,942,656,1345,0,1534,1450
2025-06-24 14:30:48.284,1488,1654,1872,2069,773,850,949,0,1535,1451
2025-06-24 14:30:48.383,1469,1523,1855,2187,622,1103,633,0,1534,1446
2025-06-24 14:30:48.482,1429,1472,1806,2045,567,1350,583,0,1531,1447
2025-06-24 14:30:48.582,1393,1543,1751,1634,695,1570,578,0,1522,1435
2025-06-24 14:30:48.681,1405,1597,1629,1410,852,1695,619,0,1520,1434
2025-06-24 14:30:48.781,1419,1564,1413,1152,913,1712,685,0,1520,1430
2025-06-24 14:30:48.880,1445,1638,1365,1054,1093,1782,1280,0,1522,1437
2025-06-24 14:30:48.979,1472,1648,1195,1168,1411,1920,1863,1071,1542,1451
2025-06-24 14:30:49.078,1488,1547,773,1105,1606,1954,1881,2407,1521,1439
2025-06-24 14:30:49.178,1517,1507,437,1171,1742,1909,1751,4095,1524,1443
2025-06-24 14:30:49.277,1520,1505,238,1280,1811,1931,1632,4095,1520,1440
2025-06-24 14:30:49.377,1534,1488,209,1321,1919,1946,1664,4095,1523,1438
2025-06-24 14:30:49.476,1488,1498,350,1391,2065,1935,1634,4095,1533,1441
2025-06-24 14:30:49.575,1461,1530,563,1530,2073,1897,1648,4095,1527,1440
2025-06-24 14:30:49.674,1443,1591,826,1590,2047,1840,1677,4095,1522,1438
2025-06-24 14:30:49.773,1446,1681,1043,1505,1998,1634,1343,4095,1523,1437
2025-06-24 14:30:49.873,1456,1682,1271,1509,1942,1362,1216,4095,1521,1439
2025-06-24 14:30:49.972,1463,1743,1648,1579,1909,1328,1566,4095,1542,1451
2025-06-24 14:30:50.072,1472,1744,1989,1739,1918,1325,1967,4095,1535,1451
2025-06-24 14:30:50.172,1483,1581,2192,1741,1819,1184,1936,4095,1523,1441
2025-06-24 14:30:50.272,1493,1463,2234,1658,1684,1200,1853,4095,1520,1435
2025-06-24 14:30:50.371,1545,1424,2223,1582,1677,1136,1762,4019,1520,1434
2025-06-24 14:30:50.470,1523,1425,2138,1552,1659,974,1905,3107,1522,1441
2025-06-24 14:30:50.570,1545,1471,2099,1408,1634,958,2033,2015,1535,1452
2025-06-24 14:30:50.669,1534,1552,1990,1088,1651,1055,1889,1520,1530,1443
2025-06-24 14:30:50.769,1491,1557,1915,857,1601,1103,1699,1567,1531,1443
2025-06-24 14:30:50.868,1452,1431,1737,682,1472,778,1245,1790,1529,1442
2025-06-24 14:30:50.967,1442,1335,1705,740,1541,576,1247,1999,1525,1451
2025-06-24 14:30:51.067,1453,1392,1835,1040,1571,623,1675,2208,1523,1439
2025-06-24 14:30:51.167,1472,1424,1851,1233,1454,679,1815,2466,1535,1443
2025-06-24 14:30:51.266,1481,1472,1744,1317,1365,936,1707,2512,1527,1443
2025-06-24 14:30:51.366,1474,1535,1684,1442,1370,1164,1658,2471,1510,1424
2025-06-24 14:30:51.465,1489,1634,1680,1562,1377,1170,1584,2225,1529,1447
2025-06-24 14:30:51.565,1503,1744,1667,1696,1426,1173,1641,2090,1535,1446
2025-06-24 14:30:51.665,1491,1904,1686,1742,1552,1305,1737,2179,1521,1431
2025-06-24 14:30:51.765,1456,1963,1679,1829,1606,1351,1854,2235,1520,1440
2025-06-24 14:30:51.864,1433,1954,1617,1865,1571,1397,1734,2195,1529,1444
2025-06-24 14:30:51.963,1417,1778,1360,1805,1531,1243,1504,1971,1533,1446
2025-06-24 14:30:52.062,1422,1648,1286,1899,1517,1142,1815,1877,1535,1451
2025-06-24 14:30:52.162,1450,1662,1478,2143,1604,1520,2244,1990,1533,1446
2025-06-24 14:30:52.261,1458,1669,1517,2246,1661,1911,2015,1958,1521,1439
2025-06-24 14:30:52.360,1478,1658,1471,2275,1616,1991,1679,1637,1527,1443
2025-06-24 14:30:52.459,1487,1618,1465,2229,1611,1560,1575,992,1545,1451
2025-06-24 14:30:52.558,1501,1478,1424,2107,1601,1559,1577,960,1532,1447
2025-06-24 14:30:52.658,1526,1324,1422,1841,1664,2091,1531,1273,1523,1438
2025-06-24 14:30:52.757,1553,1246,1392,1582,1613,2483,1586,1621,1522,1435
2025-06-24 14:30:52.856,1567,1201,1386,1355,1483,2743,1440,1979,1520,1439
2025-06-24 14:30:52.955,1556,1154,1375,1274,1385,2864,1443,2303,1526,1441
2025-06-24 14:30:53.055,1520,1145,1441,1285,1414,2798,1372,2571,1530,1445
2025-06-24 14:30:53.155,1483,1060,1188,1073,1342,2417,1037,2463,1527,1451
2025-06-24 14:30:53.254,1478,1130,1265,1151,1392,2179,1328,2279,1531,1442
2025-06-24 14:30:53.354,1486,1199,1399,1323,1439,1911,1474,2210,1525,1437
2025-06-24 14:30:53.454,1503,1403,1548,1562,1520,1600,1849,2117,1535,1452
2025-06-24 14:30:53.553,1513,1498,1546,1600,1584,1422,1974,2017,1524,1443
2025-06-24 14:30:53.652,1520,1631,1570,1645,1580,1569,2064,2042,1520,1434
2025-06-24 14:30:53.752,1517,1675,1542,1655,1584,1947,1959,1959,1526,1439
2025-06-24 14:30:53.852,1525,1646,1562,1649,1549,2365,1683,1846,1523,1437
2025-06-24 14:30:53.951,1521,1648,1485,1568,1551,2530,1479,1840,1531,1443
2025-06-24 14:30:54.051,1477,1543,1500,1488,1518,2379,1507,1904,1531,1445
2025-06-24 14:30:54.151,1453,1376,1423,1421,1554,1795,1479,1970,1523,1439
2025-06-24 14:30:54.250,1429,1330,1393,1456,1554,1181,1522,1763,1527,1441
2025-06-24 14:30:54.349,1435,1398,1408,1515,1584,899,1533,1265,1527,1446
2025-06-24 14:30:54.449,1445,1481,1437,1513,1556,806,1424,1207,1531,1446
2025-06-24 14:30:54.548,1455,1607,1407,1507,1585,912,1453,1429,1526,1429
2025-06-24 14:30:54.647,1467,1709,1363,1472,1621,1087,1600,1835,1520,1437
2025-06-24 14:30:54.747,1471,1659,1162,1437,1609,1283,1605,2118,1527,1446
2025-06-24 14:30:54.846,1490,1598,985,1469,1603,1423,1534,2261,1528,1440
2025-06-24 14:30:54.945,1515,1554,923,1441,1535,1586,1365,2382,1525,1437
2025-06-24 14:30:55.044,1526,1518,942,1231,1526,1770,1572,2342,1523,1419
2025-06-24 14:30:55.144,1526,1490,1061,985,1527,1936,1721,2032,1525,1425
2025-06-24 14:30:55.244,1520,1485,1237,801,1545,2031,1638,2017,1522,1437
2025-06-24 14:30:55.343,1485,1501,1412,768,1577,2902,1384,2147,1520,1433
2025-06-24 14:30:55.442,1443,1612,1632,889,1535,3977,1249,2325,1525,1437
2025-06-24 14:30:55.541,1431,1747,1802,1076,1577,3125,1234,2394,1523,1447
2025-06-24 14:30:55.640,1446,1780,1851,1301,1582,2151,1264,2466,1535,1445
2025-06-24 14:30:55.739,1467,1729,1858,1435,1497,1221,1275,2405,1534,1447
2025-06-24 14:30:55.838,1483,1758,1858,1485,1437,645,1316,2306,1532,1442
2025-06-24 14:30:55.937,1488,1680,1791,1651,1414,438,1313,2088,1533,1443
2025-06-24 14:30:56.036,1488,1506,1758,1734,1393,478,1265,1584,1530,1441
2025-06-24 14:30:56.136,1460,1399,1710,1847,1411,528,1234,1216,1529,1443
2025-06-24 14:30:56.236,1414,1389,1694,1840,1392,669,1223,943,1531,1443
2025-06-24 14:30:56.336,1423,1449,1696,1923,1408,837,1263,1018,1535,1446
2025-06-24 14:30:56.435,1426,1499,1653,1975,1441,1136,1270,1136,1523,1437
2025-06-24 14:30:56.535,1434,1543,1619,2067,1474,1157,1275,1275,1523,1438
2025-06-24 14:30:56.635,1449,1506,1598,2080,1610,897,1532,1363,1526,1443
2025-06-24 14:30:56.739,1463,1457,1585,2042,1635,679,1742,1447,1522,1437
2025-06-24 14:30:56.838,1467,1407,1551,2001,1642,711,1776,1346,1525,1443
2025-06-24 14:30:56.938,1483,1391,1556,1967,1648,916,1488,1250,1520,1434
2025-06-24 14:30:57.037,1507,1419,1542,1775,1678,1192,1312,1175,1522,1436
2025-06-24 14:30:57.136,1519,1417,1520,1587,1684,1424,1244,1349,1519,1436
2025-06-24 14:30:57.236,1525,1472,1547,1367,1689,1622,1299,1435,1522,1436
2025-06-24 14:30:57.335,1549,1563,1567,1271,1693,1760,1301,1636,1535,1447
2025-06-24 14:30:57.434,1549,1711,1510,1250,1697,1804,1345,1630,1535,1455
2025-06-24 14:30:57.534,1526,1822,1525,1150,1728,1809,1353,1626,1531,1447
2025-06-24 14:30:57.634,1458,1847,1587,1209,1739,1809,1351,1642,1527,1440
2025-06-24 14:30:57.735,1462,1795,1734,1342,1743,1865,1389,1411,1526,1439
2025-06-24 14:30:57.830,1466,1630,1808,1427,1794,1915,1403,963,1535,1449
2025-06-24 14:30:57.930,1481,1392,1763,1458,1716,1931,1383,766,1541,1433
2025-06-24 14:30:58.029,1490,1316,1705,1517,1547,1906,1437,676,1526,1446
2025-06-24 14:30:58.129,1495,1357,1607,1632,1488,1833,1547,673,1526,1439
2025-06-24 14:30:58.229,1505,1455,1520,1667,1509,1776,1874,773,1533,1451
2025-06-24 14:30:58.329,1507,1485,1323,1563,1522,1683,2018,941,1535,1451
2025-06-24 14:30:58.429,1503,1520,1184,1579,1495,1680,1990,1115,1527,1441
2025-06-24 14:30:58.528,1491,1559,1179,1585,1479,1698,1872,1240,1520,1435
2025-06-24 14:30:58.628,1463,1491,1143,1501,1451,1625,1799,1344,1520,1435
2025-06-24 14:30:58.728,1453,1446,1115,1589,1550,1659,1782,1229,1523,1431
2025-06-24 14:30:58.828,1445,1435,1118,1603,1547,1675,1774,1195,1531,1445
2025-06-24 14:30:58.928,1455,1440,1194,1559,1533,1635,1760,1276,1529,1441
2025-06-24 14:30:59.028,1467,1472,1271,1568,1476,1583,1661,1596,1520,1441
2025-06-24 14:30:59.128,1477,1486,1397,1588,1501,1430,1676,1792,1523,1437
2025-06-24 14:30:59.228,1488,1550,1434,1571,1520,1280,1527,1876,1524,1441
2025-06-24 14:30:59.328,1498,1638,1506,1600,1520,1242,1525,2016,1523,1437
2025-06-24 14:30:59.427,1519,1757,1471,1615,1522,1313,1511,1987,1515,1429
2025-06-24 14:30:59.527,1524,1803,1205,1520,1549,1417,1507,1854,1517,1431
2025-06-24 14:30:59.627,1535,1840,879,1503,1547,1450,1552,1405,1529,1442
2025-06-24 14:30:59.726,1547,1783,662,1476,1472,1552,1795,816,1535,1450
2025-06-24 14:30:59.826,1523,1562,530,1201,1472,1552,2076,527,1524,1443
2025-06-24 14:30:59.926,1471,1402,606,944,1513,1609,2081,578,1531,1445
2025-06-24 14:31:00.025,1453,1363,737,769,1485,1674,1904,752,1525,1442
2025-06-24 14:31:00.131,1447,1393,959,816,1435,1682,1597,1046,1525,1442
2025-06-24 14:31:00.225,1458,1426,1193,880,1423,1663,1267,1170,1523,1441
2025-06-24 14:31:00.325,1458,1506,1405,1033,1394,1645,1066,1360,1522,1437
2025-06-24 14:31:00.425,1474,1531,1655,1248,1449,1600,1099,1808,1524,1435
2025-06-24 14:31:00.524,1479,1448,1886,1423,1461,1407,1148,1907,1517,1434
2025-06-24 14:31:00.624,1483,1360,2143,1573,1503,1292,1231,1734,1520,1435
2025-06-24 14:31:00.724,1490,1309,2251,1711,1424,1280,1077,1664,1525,1447
2025-06-24 14:31:00.824,1506,1347,2252,1744,1408,1287,955,1920,1523,1440
2025-06-24 14:31:00.923,1502,1381,2201,1808,1408,1316,982,2149,1534,1443
2025-06-24 14:31:01.022,1476,1401,2128,1865,1427,1353,1034,2330,1531,1442
2025-06-24 14:31:01.122,1458,1466,2059,1966,1406,1392,1019,2348,1524,1441
2025-06-24 14:31:01.222,1450,1520,1968,2027,1395,1392,1099,2406,1525,1444
2025-06-24 14:31:01.321,1456,1619,1933,2067,1322,1471,1516,2240,1530,1445
2025-06-24 14:31:01.421,1477,1707,1863,1985,1332,1513,1776,1853,1533,1445
2025-06-24 14:31:01.520,1492,1735,1842,1950,1264,1551,1957,1277,1535,1451
2025-06-24 14:31:01.620,1502,1667,1787,2021,1223,1591,1864,815,1531,1445
2025-06-24 14:31:01.720,1503,1495,1711,1846,1225,1600,1697,656,1520,1430
2025-06-24 14:31:01.819,1535,1429,1679,1659,1329,1622,1519,782,1535,1450
2025-06-24 14:31:01.919,1552,1426,1631,1456,1326,1605,1482,1069,1543,1450
2025-06-24 14:31:02.018,1549,1520,1558,1363,1319,1585,1347,1366,1531,1449
2025-06-24 14:31:02.118,1535,1574,1558,1309,1289,1574,1340,1584,1531,1456
2025-06-24 14:31:02.218,1515,1614,1552,1327,1325,1591,1455,1844,1534,1451
2025-06-24 14:31:02.318,1456,1526,1492,1338,1360,1609,1405,2254,1523,1437
2025-06-24 14:31:02.418,1411,1414,1469,1346,1322,1639,1293,2138,1528,1445
2025-06-24 14:31:02.517,1406,1397,1482,1403,1345,1607,1282,1993,1519,1435
2025-06-24 14:31:02.617,1434,1414,1453,1472,1372,1584,1408,2011,1526,1440
2025-06-24 14:31:02.717,1455,1456,1446,1488,1392,1564,1433,2203,1524,1439
2025-06-24 14:31:02.816,1468,1487,1472,1535,1500,1599,1514,2389,1527,1445
2025-06-24 14:31:02.916,1467,1546,1472,1545,1714,1604,1858,2514,1534,1450
2025-06-24 14:31:03.016,1463,1602,1481,1557,1921,1573,2149,2551,1532,1442
2025-06-24 14:31:03.116,1435,1680,1456,1556,1961,1555,2109,2358,1525,1439
2025-06-24 14:31:03.216,1408,1773,1450,1599,1805,1217,1963,2133,1525,1443
2025-06-24 14:31:03.316,1395,1815,1450,1606,1551,223,1683,1470,1521,1439
2025-06-24 14:31:03.416,1403,1823,1479,1613,1403,0,1520,859,1527,1431
2025-06-24 14:31:03.515,1414,1694,1472,1596,1175,0,1552,637,1530,1445
2025-06-24 14:31:03.615,1425,1489,1482,1555,944,0,1521,650,1533,1447
2025-06-24 14:31:03.715,1439,1424,1482,1499,518,0,1567,812,1534,1446
2025-06-24 14:31:03.814,1457,1445,1499,1497,369,507,1690,976,1526,1442
2025-06-24 14:31:03.914,1467,1500,1527,1543,304,1152,1668,1243,1531,1446
2025-06-24 14:31:04.014,1488,1546,1522,1577,368,1797,1457,1573,1530,1443
2025-06-24 14:31:04.114,1499,1558,1445,1568,619,2318,1460,1838,1530,1446
2025-06-24 14:31:04.214,1514,1556,1455,1569,925,2736,1413,2064,1527,1443
2025-06-24 14:31:04.314,1523,1450,1485,1552,1275,3071,1522,1857,1517,1440
2025-06-24 14:31:04.414,1521,1407,1458,1552,1488,3627,1605,1627,1523,1435
2025-06-24 14:31:04.514,1481,1411,1437,1597,1647,4095,1890,1669,1524,1441
2025-06-24 14:31:04.614,1444,1445,1477,1578,1761,4095,2087,1871,1520,1435
2025-06-24 14:31:04.714,1425,1493,1456,1583,1904,3933,1903,2035,1520,1437
2025-06-24 14:31:04.814,1439,1586,1468,1408,1936,2624,1734,2116,1525,1440
2025-06-24 14:31:04.914,1468,1699,1472,1042,1872,1808,1487,2128,1525,1439
2025-06-24 14:31:05.013,1477,1801,1487,756,1873,1325,1364,2004,1531,1446
2025-06-24 14:31:05.113,1489,1936,1383,784,1925,1381,1387,1512,1531,1444
2025-06-24 14:31:05.213,1467,1994,1183,881,2009,1418,1372,839,1533,1456
2025-06-24 14:31:05.313,1499,1937,970,1048,1973,1180,1438,399,1533,1453
2025-06-24 14:31:05.412,1487,1728,857,1200,1847,785,1431,421,1533,1445
2025-06-24 14:31:05.512,1457,1566,867,1375,1733,603,1402,593,1535,1454
2025-06-24 14:31:05.612,1430,1553,976,1523,1707,603,1319,895,1530,1444
2025-06-24 14:31:05.712,1449,1574,1182,1674,1659,794,1239,1315,1523,1443
2025-06-24 14:31:05.812,1439,1570,1403,1803,1622,1052,1280,1666,1515,1424
2025-06-24 14:31:05.912,1447,1569,1587,1791,1535,1296,1304,1735,1525,1441
2025-06-24 14:31:06.012,1452,1582,1781,1792,1561,1497,1410,1958,1521,1438
2025-06-24 14:31:06.112,1455,1505,1840,1847,1597,1659,1745,1715,1526,1444
2025-06-24 14:31:06.212,1463,1424,1850,1920,1577,1712,1985,1603,1527,1446
2025-06-24 14:31:06.312,1485,1378,1810,1878,1594,1742,1969,1661,1535,1450
2025-06-24 14:31:06.412,1506,1381,1779,1872,1565,1725,1747,1852,1524,1429
2025-06-24 14:31:06.511,1525,1424,1716,1985,1616,1730,1573,2080,1521,1438
2025-06-24 14:31:06.611,1535,1488,1713,2112,1651,1753,1427,2159,1527,1441
2025-06-24 14:31:06.711,1505,1535,1695,1915,1645,1691,1476,2031,1517,1429
2025-06-24 14:31:06.815,1482,1603,1659,1671,1605,1669,1471,1725,1520,1429
2025-06-24 14:31:06.914,1443,1707,1677,1452,1601,1645,1397,1067,1521,1438
2025-06-24 14:31:07.013,1438,1751,1676,1366,1616,1638,1360,561,1524,1440
2025-06-24 14:31:07.113,1455,1772,1616,1339,1606,1615,1226,269,1533,1442
2025-06-24 14:31:07.213,1443,1729,1583,1292,1543,1606,1175,113,1522,1441
2025-06-24 14:31:07.313,1474,1587,1553,1298,1535,1598,1227,199,1535,1445
2025-06-24 14:31:07.412,1488,1412,1605,1315,1551,1663,1258,290,1530,1442
2025-06-24 14:31:07.511,1488,1434,1666,1355,1616,1679,1162,496,1533,1447
2025-06-24 14:31:07.611,1492,1456,1737,1431,1660,1616,1157,720,1532,1451
2025-06-24 14:31:07.711,1501,1494,1750,1584,1600,1566,1296,733,1534,1456
2025-06-24 14:31:07.812,1493,1473,1713,1616,1526,1566,1429,705,1528,1443
2025-06-24 14:31:07.907,1456,1367,1600,1599,1435,1534,1469,479,1531,1446
2025-06-24 14:31:08.007,1447,1296,1503,1584,1421,1463,1203,545,1522,1436
2025-06-24 14:31:08.106,1455,1276,1440,1591,1444,1516,854,847,1530,1447
2025-06-24 14:31:08.206,1470,1299,1346,1648,1398,1527,801,1439,1535,1455
2025-06-24 14:31:08.305,1473,1323,1286,1512,1349,1513,910,1914,1530,1441
2025-06-24 14:31:08.405,1497,1376,1246,1527,1267,1514,1173,2118,1520,1433
2025-06-24 14:31:08.504,1505,1435,1271,1527,1243,1501,1344,2290,1519,1420
2025-06-24 14:31:08.603,1525,1520,1264,1506,1277,1455,1523,1887,1527,1449
2025-06-24 14:31:08.702,1547,1647,1287,1564,1289,1440,1342,1482,1525,1431
2025-06-24 14:31:08.801,1551,1691,1351,1584,1328,1462,1417,1330,1523,1440
2025-06-24 14:31:08.901,1532,1678,1438,1530,1386,1471,1561,1423,1520,1439
2025-06-24 14:31:08.999,1494,1590,1470,1550,1470,1447,1666,1513,1525,1438
2025-06-24 14:31:09.100,1452,1454,1488,1557,1611,1453,1749,1575,1526,1438
2025-06-24 14:31:09.200,1424,1338,1484,1554,1713,1499,1794,1716,1534,1446
2025-06-24 14:31:09.299,1424,1349,1328,1567,1767,1529,1851,1801,1529,1440
2025-06-24 14:31:09.399,1436,1451,1015,1458,1744,1490,2124,1856,1522,1438
2025-06-24 14:31:09.498,1447,1549,743,1245,1761,1472,2315,1842,1527,1443
2025-06-24 14:31:09.598,1456,1458,604,1005,1708,1472,2160,1689,1531,1444
2025-06-24 14:31:09.697,1458,1389,573,885,1578,1469,1895,1335,1520,1439
2025-06-24 14:31:09.797,1437,1328,646,861,1511,1421,1677,1153,1525,1426
2025-06-24 14:31:09.896,1421,1310,784,870,1517,1487,1584,1259,1521,1439
2025-06-24 14:31:09.995,1423,1307,1019,1037,1497,1481,1574,1567,1526,1441
2025-06-24 14:31:10.094,1450,1357,1269,1243,1558,1566,1677,1936,1522,1437
2025-06-24 14:31:10.194,1471,1417,1517,1387,1648,1583,1600,2172,1521,1451
2025-06-24 14:31:10.293,1482,1469,1735,1486,1648,1583,1358,2231,1526,1445
2025-06-24 14:31:10.393,1498,1542,1971,1578,1596,1546,1232,1958,1530,1444
2025-06-24 14:31:10.492,1510,1651,2189,1677,1552,1509,1237,1322,1525,1440
2025-06-24 14:31:10.591,1530,1739,2285,1741,1535,1586,1259,1074,1534,1445
2025-06-24 14:31:10.690,1535,1756,2320,1805,1481,1644,1387,1104,1535,1447
2025-06-24 14:31:10.790,1551,1680,2245,1885,1545,1648,1583,1261,1519,1434
2025-06-24 14:31:10.889,1530,1526,2177,1922,1577,1659,1518,1291,1523,1429
2025-06-24 14:31:10.988,1527,1451,2099,1990,1502,1659,1909,1283,1522,1436
2025-06-24 14:31:11.089,1498,1488,1990,1950,1443,1698,2082,1392,1523,1449
2025-06-24 14:31:11.189,1476,1544,1943,2062,1434,1680,2000,1495,1534,1455
2025-06-24 14:31:11.288,1463,1598,1877,2109,1474,1673,1676,1354,1520,1438
2025-06-24 14:31:11.388,1463,1616,1791,1858,1542,1665,1504,1220,1523,1438
2025-06-24 14:31:11.488,1469,1590,1744,1630,1573,1670,1442,967,1522,1437
2025-06-24 14:31:11.588,1474,1501,1696,1458,1547,1661,1373,588,1532,1437
2025-06-24 14:31:11.687,1472,1458,1655,1247,1535,1647,1367,604,1530,1441
2025-06-24 14:31:11.787,1474,1445,1620,1227,1581,1275,1317,906,1530,1441
2025-06-24 14:31:11.887,1473,1482,1587,1232,1621,381,1193,1270,1526,1439
2025-06-24 14:31:11.987,1456,1546,1549,1320,1660,0,1136,1668,1535,1451
2025-06-24 14:31:12.085,1441,1572,1505,1373,1613,0,1161,2003,1525,1440
2025-06-24 14:31:12.185,1447,1617,1494,1491,1533,0,1242,2226,1525,1438
2025-06-24 14:31:12.285,1456,1691,1488,1502,1504,325,1408,2144,1524,1440
2025-06-24 14:31:12.385,1477,1798,1472,1639,1584,877,1534,1731,1529,1439
2025-06-24 14:31:12.484,1510,1849,1446,1653,1520,1474,1615,1390,1533,1446
2025-06-24 14:31:12.583,1502,1798,1424,1658,1487,2046,1963,1163,1525,1440
2025-06-24 14:31:12.683,1497,1648,1381,1642,1535,2434,2135,1167,1517,1431
2025-06-24 14:31:12.782,1530,1472,1392,1658,1588,2761,1919,1260,1535,1453
2025-06-24 14:31:12.882,1552,1403,1402,1653,1541,3015,1666,1413,1526,1446
2025-06-24 14:31:12.982,1556,1403,1371,1601,1463,3270,1552,1632,1529,1439
2025-06-24 14:31:13.082,1568,1469,1362,1531,1552,4095,1602,1858,1517,1433
2025-06-24 14:31:13.182,1552,1507,1361,1488,1502,4095,1630,1949,1518,1435
2025-06-24 14:31:13.282,1503,1520,1403,1453,1600,3357,1567,1874,1524,1437
2025-06-24 14:31:13.381,1475,1533,1397,1565,1635,2442,1471,1479,1527,1439
2025-06-24 14:31:13.481,1456,1534,1403,1587,1659,1943,1297,1120,1542,1450
2025-06-24 14:31:13.580,1458,1510,1420,1584,1616,1662,1287,1051,1541,1451
2025-06-24 14:31:13.680,1460,1478,1429,1521,1545,1210,1325,1248,1521,1436
2025-06-24 14:31:13.780,1456,1466,1454,1315,1509,797,1388,1661,1520,1437
2025-06-24 14:31:13.880,1462,1469,1470,1051,1422,528,1522,1936,1525,1450
2025-06-24 14:31:13.980,1458,1463,1459,914,1362,504,1710,2103,1530,1445
2025-06-24 14:31:14.079,1469,1488,1443,790,1331,711,1936,2256,1525,1441
2025-06-24 14:31:14.179,1443,1528,1473,912,1373,999,2171,2353,1530,1447
2025-06-24 14:31:14.279,1427,1612,1434,1072,1360,1269,2161,2158,1529,1453
2025-06-24 14:31:14.379,1443,1657,1471,1323,1366,1438,1861,1862,1533,1445
2025-06-24 14:31:14.479,1457,1685,1491,1466,1425,1614,1578,1750,1527,1442
2025-06-24 14:31:14.578,1457,1631,1454,1571,1506,1775,1474,1627,1522,1439
2025-06-24 14:31:14.678,1472,1515,1465,1642,1549,1826,1521,1603,1520,1437
2025-06-24 14:31:14.778,1483,1371,1463,1653,1587,1765,1545,1591,1535,1431
2025-06-24 14:31:14.878,1492,1353,1456,1662,1719,1746,1423,1527,1526,1444
2025-06-24 14:31:14.978,1506,1372,1469,1687,1807,1664,1245,1553,1522,1440
2025-06-24 14:31:15.077,1515,1360,1210,1568,1726,1549,1094,1284,1531,1447
2025-06-24 14:31:15.177,1515,1344,912,1475,1687,1457,448,1270,1535,1451
2025-06-24 14:31:15.277,1501,1403,810,1798,1650,1479,793,1200,1547,1472
2025-06-24 14:31:15.377,1472,1497,898,2013,1543,1502,1472,1137,1535,1451
2025-06-24 14:31:15.477,1437,1425,954,2054,1436,1423,1678,1216,1521,1436
2025-06-24 14:31:15.576,1414,1361,1065,2081,1461,1367,1805,1585,1523,1440
2025-06-24 14:31:15.676,1421,1391,1264,2011,1593,1388,2149,2017,1520,1437
2025-06-24 14:31:15.776,1430,1447,1478,1811,1625,1395,2235,2250,1520,1438
2025-06-24 14:31:15.876,1442,1472,1645,1488,1614,1359,2044,2229,1520,1432
2025-06-24 14:31:15.976,1452,1507,1706,772,1441,1296,1689,2123,1522,1439
2025-06-24 14:31:16.076,1431,1578,1623,723,1392,1212,409,1947,1521,1430
2025-06-24 14:31:16.176,1444,1743,1813,1189,1522,1306,1036,1428,1530,1443
2025-06-24 14:31:16.276,1418,1778,1588,944,1216,1067,618,829,1533,1445
2025-06-24 14:31:16.376,1411,1747,1211,623,1072,768,0,560,1535,1453
2025-06-24 14:31:16.476,1433,1857,1434,1297,1344,1108,880,720,1525,1446
2025-06-24 14:31:16.575,1469,1882,1986,2021,1665,1519,2112,1040,1529,1446
2025-06-24 14:31:16.675,1469,1615,1813,1701,1570,1379,1503,1173,1520,1435
2025-06-24 14:31:16.775,1459,1452,1456,1224,1457,1157,595,1359,1521,1434
2025-06-24 14:31:16.879,1498,1574,1728,1701,1596,1434,1652,1623,1521,1443
2025-06-24 14:31:16.978,1512,1754,2063,2189,1722,1755,2774,1750,1523,1439
2025-06-24 14:31:17.077,1518,1632,1853,1708,1519,1454,1763,1730,1533,1446
2025-06-24 14:31:17.177,1503,1494,1615,1313,1354,1193,1034,1561,1523,1438
2025-06-24 14:31:17.276,1520,1670,1871,1810,1549,1441,2394,1199,1526,1442
2025-06-24 14:31:17.375,1543,1743,2105,2206,1753,1753,3551,1137,1520,1438
2025-06-24 14:31:17.474,1494,1533,1691,1679,1559,1419,2220,1351,1527,1438
2025-06-24 14:31:17.573,1446,1373,1296,1278,1360,1264,1046,1644,1524,1441
2025-06-24 14:31:17.673,1443,1484,1515,1687,1611,1584,1727,1953,1523,1439
2025-06-24 14:31:17.773,1461,1617,1744,1968,1755,1752,2457,2269,1520,1437
2025-06-24 14:31:17.874,1455,1526,1327,1233,1603,1488,1334,2289,1520,1431
2025-06-24 14:31:17.969,1447,1451,1009,601,1488,1325,509,2085,1520,1435
2025-06-24 14:31:18.069,1465,1616,1307,919,1600,1584,1593,1925,1525,1441
2025-06-24 14:31:18.169,1460,1808,1586,1334,1666,1808,2192,1629,1530,1449
2025-06-24 14:31:18.268,1475,1700,1279,976,1447,1541,971,1408,1547,1456
2025-06-24 14:31:18.368,1461,1566,1023,696,1254,1318,199,1313,1533,1450
2025-06-24 14:31:18.467,1457,1597,1424,1264,1456,1631,1259,1354,1529,1444
2025-06-24 14:31:18.567,1454,1554,1763,1743,1698,1885,2227,1491,1549,1456
2025-06-24 14:31:18.667,1437,1342,1473,1424,1520,1647,1413,1399,1535,1451
2025-06-24 14:31:18.767,1452,1237,1242,1260,1351,1217,827,1442,1523,1434
2025-06-24 14:31:18.867,1474,1386,1571,1785,1561,933,2359,1590,1520,1431
2025-06-24 14:31:18.967,1498,1521,1792,2203,1744,658,3373,1600,1523,1437
2025-06-24 14:31:19.066,1494,1470,1343,1840,1622,341,2421,1361,1524,1439
2025-06-24 14:31:19.166,1515,1309,866,1705,1427,193,1728,880,1521,1438
2025-06-24 14:31:19.266,1534,1306,850,2101,1559,585,2259,832,1526,1440
2025-06-24 14:31:19.365,1543,1449,785,2279,1551,870,2348,1246,1527,1437
2025-06-24 14:31:19.465,1547,1333,609,2130,1441,1136,1965,1648,1525,1440
2025-06-24 14:31:19.565,1535,1533,583,1951,1364,1449,1703,1887,1522,1436
2025-06-24 14:31:19.664,1509,1643,743,2084,1414,1894,1653,2038,1527,1437
2025-06-24 14:31:19.763,1474,1669,1011,2102,1437,2196,1243,2141,1527,1441
2025-06-24 14:31:19.863,1455,1684,1163,1723,1367,2386,1002,1867,1535,1449
2025-06-24 14:31:19.962,1463,1735,1331,1391,1342,2571,912,1475,1531,1446
2025-06-24 14:31:20.062,1474,1805,1622,1354,1360,3755,1171,1357,1526,1442
2025-06-24 14:31:20.161,1477,1791,1949,1322,1372,4095,1392,1249,1527,1441
2025-06-24 14:31:20.261,1471,1685,2133,1133,1401,3514,1328,1170,1531,1451
2025-06-24 14:31:20.361,1473,1456,2207,1086,1413,2490,1613,1153,1527,1440
2025-06-24 14:31:20.461,1491,1374,2298,1230,1477,1567,2189,1278,1523,1437
2025-06-24 14:31:20.561,1505,1434,2300,1372,1535,790,2320,1497,1535,1449
2025-06-24 14:31:20.660,1486,1472,2173,1345,1487,247,1715,1472,1535,1451
2025-06-24 14:31:20.760,1474,1520,2020,1328,1488,91,1359,1360,1533,1447
2025-06-24 14:31:20.860,1466,1596,1981,1504,1598,337,1584,1504,1523,1439
2025-06-24 14:31:20.960,1472,1581,1935,1652,1661,733,1600,1455,1525,1440
2025-06-24 14:31:21.059,1473,1472,1841,1535,1746,1098,1459,986,1521,1439
2025-06-24 14:31:21.159,1487,1481,1742,1477,1664,1373,1391,816,1522,1440
2025-06-24 14:31:21.259,1500,1525,1710,1550,1590,1639,1187,994,1527,1441
2025-06-24 14:31:21.359,1515,1581,1694,1602,1574,1869,1131,1299,1527,1447
2025-06-24 14:31:21.459,1535,1514,1614,1472,1470,1889,1060,1360,1518,1433
2025-06-24 14:31:21.559,1547,1514,1528,1459,1443,1858,1183,1314,1522,1439
2025-06-24 14:31:21.658,1550,1614,1570,1545,1440,1920,1463,911,1520,1434
2025-06-24 14:31:21.758,1525,1763,1590,1556,1488,1958,1584,401,1531,1441
2025-06-24 14:31:21.858,1476,1762,1455,1465,1441,1863,1426,195,1533,1446
2025-06-24 14:31:21.957,1428,1726,1381,1417,1427,1792,1660,240,1530,1443
2025-06-24 14:31:22.057,1409,1729,1503,1494,1456,1803,2084,518,1526,1441
2025-06-24 14:31:22.156,1424,1548,1587,1338,1520,1834,2078,759,1523,1437
2025-06-24 14:31:22.255,1447,1383,1487,955,1565,1731,1619,898,1529,1443
2025-06-24 14:31:22.354,1470,1354,1419,835,1545,1626,1250,1142,1533,1449
2025-06-24 14:31:22.453,1488,1473,1484,1017,1581,1681,1402,1438,1533,1461
2025-06-24 14:31:22.552,1475,1563,1501,1136,1587,1757,1419,1745,1526,1441
2025-06-24 14:31:22.651,1439,1525,1450,1102,1535,1602,1255,1775,1521,1438
2025-06-24 14:31:22.750,1418,1425,1446,1207,1488,1562,1195,1665,1530,1445
2025-06-24 14:31:22.850,1424,1430,1546,1490,1569,1625,1231,1226,1525,1438
2025-06-24 14:31:22.950,1435,1426,1565,1648,1669,1632,1269,1165,1523,1442
2025-06-24 14:31:23.050,1456,1387,1475,1606,1472,1549,1199,1258,1523,1440
2025-06-24 14:31:23.149,1465,1419,1433,1628,1346,1529,1198,1559,1528,1442
2025-06-24 14:31:23.249,1485,1493,1552,1792,1360,1599,1399,1897,1535,1450
2025-06-24 14:31:23.349,1498,1534,1583,1838,1421,1590,1410,2187,1527,1445
2025-06-24 14:31:23.448,1498,1513,1495,1745,1361,1485,1315,2158,1526,1439
2025-06-24 14:31:23.548,1520,1616,1551,1789,1417,1489,1699,1817,1527,1443
2025-06-24 14:31:23.648,1510,1766,1661,2032,1501,1568,2067,1595,1522,1435
2025-06-24 14:31:23.747,1520,1775,1693,2039,1547,1575,2013,1467,1535,1451
2025-06-24 14:31:23.847,1507,1770,1765,2106,1509,1607,1807,1638,1534,1449
2025-06-24 14:31:23.947,1463,1591,1792,2075,1500,1626,1574,1797,1529,1457
2025-06-24 14:31:24.047,1442,1413,1807,2031,1554,1629,1446,1881,1535,1439
2025-06-24 14:31:24.146,1443,1341,1775,1819,1531,1563,1419,1990,1520,1430
2025-06-24 14:31:24.246,1456,1379,1741,1575,1535,1535,1389,2112,1521,1436
2025-06-24 14:31:24.346,1472,1422,1721,1392,1579,1595,1287,2257,1520,1435
2025-06-24 14:31:24.446,1483,1456,1706,1322,1591,1543,1091,2213,1523,1436
2025-06-24 14:31:24.546,1488,1442,1695,1197,1582,1521,1151,2021,1531,1446
2025-06-24 14:31:24.645,1450,1375,1655,1235,1517,1489,1207,1637,1533,1449
2025-06-24 14:31:24.744,1456,1321,1664,1248,1456,1490,1265,1098,1533,1446
2025-06-24 14:31:24.844,1456,1390,1598,1278,1386,1501,1294,991,1527,1441
2025-06-24 14:31:24.944,1446,1426,1609,1408,1254,1449,1339,1306,1526,1438
2025-06-24 14:31:25.044,1461,1469,1381,1461,1293,835,1650,1599,1521,1435
2025-06-24 14:31:25.143,1477,1515,1222,1535,1360,199,1908,1825,1520,1432
2025-06-24 14:31:25.243,1493,1602,1104,1606,1450,0,1889,1996,1531,1446
2025-06-24 14:31:25.342,1499,1699,1085,1607,1431,0,1586,2175,1529,1443
2025-06-24 14:31:25.442,1518,1827,1171,1577,1264,42,1381,2214,1527,1443
2025-06-24 14:31:25.542,1533,1892,1264,1585,1221,369,1289,1983,1521,1439
2025-06-24 14:31:25.641,1535,1900,1325,1618,1378,812,1365,1792,1530,1443
2025-06-24 14:31:25.741,1520,1713,1424,1599,1452,1296,1462,1698,1520,1424
2025-06-24 14:31:25.841,1523,1501,1535,1542,1554,1796,1460,1730,1526,1439
2025-06-24 14:31:25.940,1506,1408,1581,1475,1607,2235,1264,1654,1520,1440
2025-06-24 14:31:26.040,1461,1408,1619,1570,1609,2587,1088,1675,1520,1433
2025-06-24 14:31:26.139,1442,1479,1508,1568,1653,2876,1112,1725,1525,1441
2025-06-24 14:31:26.239,1456,1546,1310,1507,1683,3147,1187,1632,1535,1451
2025-06-24 14:31:26.338,1456,1533,1241,1487,1756,4095,1265,1552,1525,1439
2025-06-24 14:31:26.438,1465,1455,1421,1571,1767,4095,1360,1431,1521,1437
2025-06-24 14:31:26.538,1471,1406,1573,1552,1792,3549,1548,1167,1528,1444
2025-06-24 14:31:26.637,1467,1405,1602,1287,1712,2448,1935,891,1531,1447
2025-06-24 14:31:26.736,1472,1401,1552,976,1626,1771,2181,752,1535,1446
2025-06-24 14:31:26.836,1461,1447,1561,821,1633,1421,1997,1092,1535,1451
2025-06-24 14:31:26.939,1456,1493,1533,867,1591,1070,1615,1418,1534,1455
2025-06-24 14:31:27.039,1459,1546,1481,965,1574,562,1397,1613,1530,1442
2025-06-24 14:31:27.139,1472,1642,1375,1138,1575,143,1473,1822,1532,1450
2025-06-24 14:31:27.238,1488,1751,1251,1290,1488,0,1449,1984,1526,1442
2025-06-24 14:31:27.337,1492,1867,1141,1415,1433,176,1415,2154,1521,1440
2025-06-24 14:31:27.437,1501,1901,1092,1515,1456,573,1405,1791,1520,1434
2025-06-24 14:31:27.537,1505,1796,1123,1591,1437,912,1094,1301,1527,1440
2025-06-24 14:31:27.636,1521,1599,1201,1690,1495,1202,1018,1165,1523,1437
2025-06-24 14:31:27.736,1548,1457,1258,1678,1510,1493,1180,1167,1529,1443
2025-06-24 14:31:27.836,1561,1455,1287,1723,1520,1729,1271,1275,1520,1434
2025-06-24 14:31:27.937,1558,1498,1324,1824,1530,1872,1376,1311,1523,1435
2025-06-24 14:31:28.032,1524,1526,1414,1867,1616,1930,1393,1339,1522,1435
2025-06-24 14:31:28.132,1478,1559,1485,1971,1641,1947,1654,1363,1535,1447
2025-06-24 14:31:28.231,1445,1440,1501,1986,1648,1904,2240,1425,1521,1437
2025-06-24 14:31:28.331,1423,1343,1559,1844,1341,1915,2493,1329,1527,1443
2025-06-24 14:31:28.431,1407,1334,1609,1903,1113,1866,2148,1329,1533,1447
2025-06-24 14:31:28.531,1431,1337,1599,1957,1082,1856,1739,1109,1531,1443
2025-06-24 14:31:28.631,1451,1386,1567,1835,1213,1851,1535,1107,1527,1438
2025-06-24 14:31:28.730,1451,1460,1509,1636,1354,1795,1509,1270,1525,1441
2025-06-24 14:31:28.830,1439,1514,1267,1422,1421,1774,1498,1577,1520,1434
2025-06-24 14:31:28.930,1425,1603,838,1296,1478,1727,1505,1890,1525,1440
2025-06-24 14:31:29.030,1429,1734,548,1219,1561,1669,1362,2096,1525,1441
2025-06-24 14:31:29.130,1424,1829,368,1211,1627,1615,1134,2059,1515,1424
2025-06-24 14:31:29.229,1463,1874,432,1290,1685,1643,1152,1632,1533,1443
2025-06-24 14:31:29.329,1485,1750,496,1392,1714,1615,1307,1105,1520,1433
2025-06-24 14:31:29.429,1486,1520,730,1454,1729,1588,1408,828,1529,1446
2025-06-24 14:31:29.529,1491,1389,875,1501,1744,1615,1424,762,1530,1445
2025-06-24 14:31:29.628,1501,1347,1079,1545,1733,1599,1601,798,1533,1446
2025-06-24 14:31:29.728,1499,1377,1329,1595,1668,1600,1949,832,1521,1435
2025-06-24 14:31:29.828,1503,1423,1607,1648,1611,1550,2187,966,1520,1434
2025-06-24 14:31:29.928,1493,1456,1866,1649,1366,1498,2145,1152,1527,1443
2025-06-24 14:31:30.028,1487,1508,2161,1603,1386,1516,1754,1330,1529,1450
2025-06-24 14:31:30.128,1450,1431,2345,1565,1353,1524,1475,1411,1530,1443
2025-06-24 14:31:30.227,1424,1375,2418,1521,1302,1549,1392,1615,1535,1447
2025-06-24 14:31:30.327,1413,1397,2326,1508,1391,1525,1444,1679,1543,1451
2025-06-24 14:31:30.427,1434,1420,2306,1523,1437,1531,1417,1366,1529,1441
2025-06-24 14:31:30.527,1454,1469,2219,1439,1472,1551,1360,1357,1520,1433
2025-06-24 14:31:30.626,1472,1552,2118,1425,1486,1524,1227,1435,1521,1435
2025-06-24 14:31:30.725,1470,1634,1991,1571,1568,1522,1266,1668,1522,1436
2025-06-24 14:31:30.825,1474,1682,1883,1550,1642,1505,1271,1794,1521,1437
2025-06-24 14:31:30.925,1466,1761,1827,1610,1662,1480,1214,1897,1518,1434
2025-06-24 14:31:31.025,1451,1813,1712,1557,1680,1084,1398,1987,1527,1440
2025-06-24 14:31:31.125,1447,1776,1633,1541,1742,396,1408,1707,1527,1441
2025-06-24 14:31:31.225,1459,1663,1568,1600,1729,0,1648,1394,1535,1451
2025-06-24 14:31:31.325,1470,1488,1552,1477,1673,0,1949,1323,1547,1454
2025-06-24 14:31:31.425,1487,1408,1533,1168,1564,73,2001,1393,1534,1450
2025-06-24 14:31:31.525,1494,1440,1545,914,1529,315,1802,1562,1532,1449
2025-06-24 14:31:31.625,1505,1467,1472,851,1473,688,1511,1517,1535,1450
2025-06-24 14:31:31.724,1519,1500,1472,896,1456,1142,1325,1503,1535,1456
2025-06-24 14:31:31.824,1526,1529,1446,1079,1455,1585,1294,1568,1530,1443
2025-06-24 14:31:31.924,1523,1487,1397,1181,1405,2003,1328,1602,1525,1439
2025-06-24 14:31:32.024,1520,1392,1360,1330,1373,2367,1392,1520,1520,1435
2025-06-24 14:31:32.124,1499,1318,1408,1472,1347,2615,1230,1493,1517,1431
2025-06-24 14:31:32.223,1488,1328,1402,1587,1367,2771,1189,1289,1520,1433
2025-06-24 14:31:32.323,1454,1363,1431,1618,1436,3698,1201,745,1520,1429
2025-06-24 14:31:32.422,1441,1451,1442,1702,1417,4095,1360,727,1529,1443
2025-06-24 14:31:32.522,1454,1523,1434,1745,1376,4032,1403,954,1523,1439
2025-06-24 14:31:32.621,1456,1631,1447,1820,1367,2821,1440,1257,1525,1444
2025-06-24 14:31:32.721,1472,1713,1430,1887,1323,1939,1522,1487,1527,1442
2025-06-24 14:31:32.821,1481,1806,1458,1936,1401,1450,1856,1596,1525,1440
2025-06-24 14:31:32.921,1472,1827,1481,1905,1446,1103,2130,1718,1531,1439
2025-06-24 14:31:33.021,1471,1747,1504,1791,1474,645,2113,1770,1523,1442
2025-06-24 14:31:33.121,1446,1584,1562,1854,1509,296,1818,1700,1523,1442
2025-06-24 14:31:33.220,1435,1490,1585,1917,1482,80,1473,1430,1529,1435
2025-06-24 14:31:33.319,1446,1493,1546,1832,1528,115,1341,1243,1520,1430
2025-06-24 14:31:33.419,1456,1535,1478,1631,1479,409,1329,1463,1534,1446
2025-06-24 14:31:33.519,1469,1574,1472,1459,1533,799,1315,1546,1530,1444
2025-06-24 14:31:33.619,1486,1616,1485,1375,1471,1136,1376,1553,1525,1442
2025-06-24 14:31:33.718,1503,1648,1424,1308,1346,1382,1266,1571,1520,1437
2025-06-24 14:31:33.818,1511,1567,1294,1220,1303,1664,1191,1659,1524,1440
2025-06-24 14:31:33.918,1535,1473,1255,1269,1355,1844,1194,1605,1524,1435
2025-06-24 14:31:34.017,1546,1439,1305,1358,1395,1904,1214,1634,1531,1443
2025-06-24 14:31:34.117,1550,1449,1504,1454,1423,1926,1265,1533,1520,1434
2025-06-24 14:31:34.217,1547,1507,1703,1531,1418,1891,1415,1137,1528,1441
2025-06-24 14:31:34.317,1509,1581,1770,1601,1330,1881,1533,1042,1523,1440
2025-06-24 14:31:34.417,1459,1641,1711,1633,1306,1848,1943,1200,1526,1441
2025-06-24 14:31:34.517,1441,1685,1607,1639,1294,1856,2238,1430,1524,1440
2025-06-24 14:31:34.617,1424,1754,1501,1568,1332,1824,2253,1710,1519,1431
2025-06-24 14:31:34.717,1457,1823,1456,1600,1367,1797,1858,1980,1523,1445
2025-06-24 14:31:34.817,1479,1834,1262,1629,1461,1792,1485,2202,1531,1442
2025-06-24 14:31:34.917,1488,1711,827,1595,1497,1766,1360,2251,1524,1440
2025-06-24 14:31:35.017,1484,1508,411,1552,1584,1706,1484,2256,1542,1450
2025-06-24 14:31:35.117,1473,1414,118,1556,1655,1660,1501,2242,1543,1456
2025-06-24 14:31:35.217,1466,1414,43,1542,1697,1642,1507,2041,1533,1445
2025-06-24 14:31:35.317,1462,1433,159,1513,1808,1607,1284,1897,1530,1442
2025-06-24 14:31:35.417,1463,1449,445,1487,1959,1584,1151,1892,1531,1440
2025-06-24 14:31:35.517,1472,1505,783,1566,1942,1616,1163,1903,1531,1449
2025-06-24 14:31:35.617,1484,1583,1126,1542,1725,1582,1216,1895,1543,1452
2025-06-24 14:31:35.717,1486,1520,1447,1513,1612,1541,1312,1966,1523,1437
2025-06-24 14:31:35.817,1490,1515,1749,1520,1523,1597,1392,1888,1521,1439
2025-06-24 14:31:35.917,1515,1488,2064,1506,1477,1565,1456,1680,1520,1440
2025-06-24 14:31:36.017,1521,1488,2319,1429,1470,1542,1997,1755,1520,1431
2025-06-24 14:31:36.117,1522,1514,2531,1456,1455,1552,2358,1578,1517,1431
2025-06-24 14:31:36.217,1522,1557,2582,1442,1427,1535,2161,1429,1521,1434
2025-06-24 14:31:36.317,1506,1590,2530,1523,1369,1531,1777,1494,1529,1443
2025-06-24 14:31:36.417,1477,1616,2441,1573,1339,1531,1601,1703,1523,1439
2025-06-24 14:31:36.517,1445,1707,2278,1501,1328,1507,1518,1947,1523,1435
2025-06-24 14:31:36.617,1427,1758,2150,1360,1370,1495,1509,2014,1524,1441
2025-06-24 14:31:36.716,1451,1767,2042,1120,1397,1457,1491,2179,1530,1445
2025-06-24 14:31:36.816,1472,1649,2000,944,1408,959,1483,2225,1530,1446
2025-06-24 14:31:36.915,1486,1471,1959,912,1456,237,1126,2163,1535,1452
2025-06-24 14:31:37.019,1491,1386,1940,960,1471,0,1149,2225,1529,1442
2025-06-24 14:31:37.118,1485,1383,1975,1006,1493,0,1194,1958,1527,1442
2025-06-24 14:31:37.217,1474,1447,2003,1162,1493,0,1335,1665,1543,1449
2025-06-24 14:31:37.317,1463,1471,2053,1292,1577,187,1361,1471,1522,1439
2025-06-24 14:31:37.416,1470,1453,2021,1326,1546,534,1484,1270,1524,1446
2025-06-24 14:31:37.515,1471,1493,2139,1411,1570,1008,1888,1137,1527,1446
2025-06-24 14:31:37.615,1473,1433,2210,1584,1550,1472,2288,1205,1525,1441
2025-06-24 14:31:37.715,1511,1389,2349,1718,1575,1943,2254,1086,1519,1430
2025-06-24 14:31:37.815,1484,1347,2438,1829,1569,2384,1868,1034,1522,1437
2025-06-24 14:31:37.915,1498,1378,2480,1923,1543,2707,1454,1166,1520,1438
2025-06-24 14:31:38.016,1505,1426,2512,1961,1506,2964,1418,1214,1520,1433
2025-06-24 14:31:38.111,1511,1461,2481,2062,1552,3790,1429,848,1524,1438
2025-06-24 14:31:38.211,1520,1542,2375,2082,1562,4095,1470,816,1525,1441
2025-06-24 14:31:38.311,1518,1583,2246,1987,1564,4095,1443,1122,1542,1450
2025-06-24 14:31:38.411,1517,1681,2099,1984,1631,3306,1199,1470,1542,1459
2025-06-24 14:31:38.511,1453,1729,1930,1909,1414,2223,1116,1870,1521,1435
2025-06-24 14:31:38.611,1424,1727,1754,1796,1264,1547,1184,2147,1520,1431
2025-06-24 14:31:38.711,1419,1651,1583,1635,1138,1278,1289,2391,1531,1445
2025-06-24 14:31:38.811,1426,1534,1421,1488,1100,960,1281,2167,1550,1455
2025-06-24 14:31:38.911,1439,1481,1287,1456,1054,549,1275,1667,1542,1456
2025-06-24 14:31:39.011,1451,1499,1209,1323,1050,289,1554,1264,1535,1445
2025-06-24 14:31:39.111,1458,1520,1148,1297,1141,231,2061,1070,1520,1438
2025-06-24 14:31:39.211,1454,1525,1073,1328,1247,429,2203,976,1520,1435
2025-06-24 14:31:39.311,1451,1585,997,1323,1322,816,1984,1009,1520,1429
2025-06-24 14:31:39.411,1452,1595,955,1302,1451,1153,1651,1136,1530,1442
2025-06-24 14:31:39.511,1460,1506,912,1419,1509,1363,1412,1216,1523,1439
2025-06-24 14:31:39.611,1470,1461,909,1437,1525,1572,1307,1319,1525,1439
2025-06-24 14:31:39.710,1472,1488,907,1498,1698,1716,1323,1349,1531,1443
2025-06-24 14:31:39.810,1485,1521,852,1576,2014,1825,1393,1570,1533,1447
2025-06-24 14:31:39.910,1510,1547,861,1573,2123,1861,1363,1840,1529,1433
2025-06-24 14:31:40.010,1504,1585,870,1615,1936,1892,1170,1728,1519,1433
2025-06-24 14:31:40.110,1483,1600,875,1607,1699,1879,1163,1616,1517,1424
2025-06-24 14:31:40.210,1507,1665,891,1553,1591,1847,1330,1583,1520,1434
2025-06-24 14:31:40.309,1515,1721,912,1511,1427,1848,1398,1726,1527,1441
2025-06-24 14:31:40.409,1518,1709,791,1488,1399,1813,1415,1856,1535,1450
2025-06-24 14:31:40.509,1490,1667,597,1543,1385,1785,1531,1741,1535,1451
2025-06-24 14:31:40.609,1449,1599,479,1501,1389,1761,1858,1088,1542,1455
2025-06-24 14:31:40.708,1423,1488,498,1446,1388,1734,2096,692,1535,1449
2025-06-24 14:31:40.807,1424,1424,595,1499,1398,1658,1984,463,1527,1442
2025-06-24 14:31:40.907,1439,1426,887,1471,1418,1637,1815,406,1524,1441
2025-06-24 14:31:41.007,1484,1449,1451,1485,1441,1615,1574,432,1529,1441
2025-06-24 14:31:41.106,1465,1499,1856,1523,1507,1613,1584,579,1526,1440
2025-06-24 14:31:41.206,1477,1527,1904,1534,1550,1621,1441,746,1522,1440
2025-06-24 14:31:41.305,1467,1451,1879,1521,1562,1618,1405,900,1520,1433
2025-06-24 14:31:41.405,1457,1408,1725,1533,1590,1601,1488,1134,1521,1441
2025-06-24 14:31:41.505,1459,1405,1431,1482,1600,1570,1205,1264,1534,1446
2025-06-24 14:31:41.605,1468,1392,1257,1545,1631,1521,1125,1142,1533,1442
2025-06-24 14:31:41.705,1488,1423,1185,1517,1658,1503,1296,1287,1527,1441
2025-06-24 14:31:41.804,1485,1440,1232,1470,1667,1551,1407,1126,1531,1446
2025-06-24 14:31:41.904,1488,1495,1370,1511,1591,1553,1398,993,1535,1450
2025-06-24 14:31:42.004,1487,1549,1456,1524,1556,1584,1413,1075,1527,1445
2025-06-24 14:31:42.104,1498,1655,1535,1519,1607,1535,1646,1271,1531,1443
2025-06-24 14:31:42.204,1515,1697,1568,1590,1565,1520,2023,1446,1521,1437
2025-06-24 14:31:42.303,1513,1659,1573,1554,1606,1552,2173,1557,1533,1451
2025-06-24 14:31:42.403,1529,1603,1530,1534,1584,1568,1984,1589,1534,1447
2025-06-24 14:31:42.503,1512,1489,1565,1498,1551,1533,1777,1365,1530,1440
2025-06-24 14:31:42.603,1508,1439,1512,1503,1470,1519,1573,1113,1527,1442
2025-06-24 14:31:42.703,1456,1472,1488,1306,1456,1552,1360,1089,1525,1439
2025-06-24 14:31:42.802,1426,1524,1470,1041,1491,1328,1369,1215,1526,1442
2025-06-24 14:31:42.902,1415,1570,1237,917,1498,569,1405,1216,1525,1441
2025-06-24 14:31:43.001,1427,1563,863,891,1561,0,1184,1353,1520,1425
2025-06-24 14:31:43.100,1451,1568,653,896,1558,0,1090,1450,1527,1441
2025-06-24 14:31:43.200,1472,1518,605,1013,1456,0,1175,1691,1523,1441
2025-06-24 14:31:43.299,1478,1472,683,1199,1453,0,1262,1730,1522,1435
2025-06-24 14:31:43.399,1472,1462,807,1382,1280,265,1241,1811,1535,1452
2025-06-24 14:31:43.499,1466,1445,947,1485,1183,695,1294,1635,1526,1443
2025-06-24 14:31:43.599,1456,1469,1143,1614,1138,1250,1384,1331,1521,1441
2025-06-24 14:31:43.699,1473,1491,1373,1739,1134,1775,1675,953,1524,1436
2025-06-24 14:31:43.798,1482,1533,1571,1781,1197,2273,1919,748,1515,1429
2025-06-24 14:31:43.898,1501,1584,1744,1825,1265,2673,2028,833,1514,1446
2025-06-24 14:31:43.998,1503,1680,1877,1882,1535,2943,1803,1226,1525,1438
2025-06-24 14:31:44.098,1495,1712,2009,1907,1843,3264,1581,1639,1518,1438
2025-06-24 14:31:44.198,1507,1666,2132,1994,2070,4095,1410,2038,1520,1439
2025-06-24 14:31:44.297,1520,1557,2213,1904,2157,4095,1479,2308,1530,1453
2025-06-24 14:31:44.397,1520,1447,2161,1807,2000,4095,1482,2400,1545,1454
2025-06-24 14:31:44.497,1520,1401,2085,1786,1663,2826,1495,2213,1527,1445
2025-06-24 14:31:44.597,1509,1458,1988,1634,1347,1904,1282,1994,1531,1435
2025-06-24 14:31:44.697,1498,1543,1871,1510,1157,1367,1214,1936,1531,1439
2025-06-24 14:31:44.796,1456,1559,1770,1301,1067,1187,1253,1904,1543,1454
2025-06-24 14:31:44.895,1413,1578,1725,1271,1009,865,1351,1963,1531,1446
2025-06-24 14:31:44.994,1406,1614,1644,1182,1049,499,1346,2089,1535,1445
2025-06-24 14:31:45.094,1412,1568,1586,1217,1152,249,1375,2211,1531,1445
2025-06-24 14:31:45.194,1431,1504,1567,1165,1257,227,1463,2304,1521,1437
2025-06-24 14:31:45.293,1441,1520,1503,1168,1298,443,1711,2253,1522,1437
2025-06-24 14:31:45.392,1456,1514,1504,1205,1311,798,1947,2031,1522,1427
2025-06-24 14:31:45.492,1448,1547,1486,1345,1409,1152,1968,1723,1523,1439
2025-06-24 14:31:45.591,1427,1566,1463,1471,1535,1459,1798,1378,1526,1441
2025-06-24 14:31:45.691,1413,1617,1466,1432,1621,1691,1439,1167,1507,1425
2025-06-24 14:31:45.791,1443,1693,1458,1456,1662,1827,1339,1347,1531,1463
2025-06-24 14:31:45.891,1491,1735,1456,1559,1713,1903,1395,1662,1533,1447
2025-06-24 14:31:45.991,1485,1745,1469,1563,1685,1895,1488,1962,1534,1450
2025-06-24 14:31:46.090,1488,1727,1454,1572,1667,1837,1410,2143,1530,1446
2025-06-24 14:31:46.190,1495,1607,1455,1483,1667,1771,1311,2316,1520,1435
2025-06-24 14:31:46.290,1518,1427,1451,1215,1691,1809,1367,2325,1529,1440
2025-06-24 14:31:46.390,1530,1377,1434,868,1657,1795,1360,1850,1546,1456
2025-06-24 14:31:46.489,1535,1399,1429,74,1664,1772,1399,1574,1535,1450
2025-06-24 14:31:46.589,1516,1415,1447,0,1634,1786,1437,1403,1521,1437
2025-06-24 14:31:46.688,1522,1447,1467,0,1595,1746,1467,1392,1533,1445
2025-06-24 14:31:46.787,1506,1488,1457,0,1613,1712,1616,1488,1527,1445
2025-06-24 14:31:46.887,1462,1472,1472,0,1552,1659,1903,1585,1526,1439
2025-06-24 14:31:46.987,1431,1423,1470,368,1526,1616,2217,1705,1529,1439
2025-06-24 14:31:47.091,1429,1424,1472,1088,1506,1597,2127,1922,1521,1438
2025-06-24 14:31:47.191,1434,1446,1454,1767,1533,1627,1745,1991,1520,1439
2025-06-24 14:31:47.291,1457,1450,1435,2243,1532,1552,1459,1968,1519,1430
2025-06-24 14:31:47.390,1461,1478,1383,2627,1520,1549,1430,1767,1525,1439
2025-06-24 14:31:47.490,1477,1520,1344,2875,1559,1520,1479,1392,1530,1450
2025-06-24 14:31:47.589,1471,1576,1339,2963,1585,1479,1472,1298,1531,1449
2025-06-24 14:31:47.689,1433,1600,1341,2962,1516,1498,1362,1393,1523,1435
2025-06-24 14:31:47.788,1425,1680,1346,2977,1461,1535,1125,1543,1523,1439
2025-06-24 14:31:47.888,1443,1659,1351,2893,1406,1507,1217,1712,1534,1447
2025-06-24 14:31:47.988,1463,1622,1424,2781,1408,1507,1271,1823,1534,1446
2025-06-24 14:31:48.089,1489,1498,1472,2634,1200,1495,1317,1942,1530,1442
2025-06-24 14:31:48.184,1509,1378,1474,2450,1075,1451,1322,1795,1523,1440
2025-06-24 14:31:48.284,1520,1378,1510,2353,1078,1469,1375,1407,1531,1441
2025-06-24 14:31:48.384,1519,1440,1515,2256,1147,1481,1706,970,1529,1443
2025-06-24 14:31:48.484,1530,1489,1490,2066,1242,1488,2133,858,1532,1451
2025-06-24 14:31:48.584,1550,1487,1458,1825,1298,1479,2256,908,1526,1443
2025-06-24 14:31:48.683,1553,1514,1389,1728,1408,1546,1985,891,1523,1437
2025-06-24 14:31:48.783,1550,1490,1206,1708,1543,1555,1590,733,1523,1440
2025-06-24 14:31:48.883,1525,1484,974,1788,1773,1566,1439,784,1522,1435
2025-06-24 14:31:48.983,1472,1470,683,1797,1962,1502,1360,915,1531,1442
2025-06-24 14:31:49.082,1431,1483,495,1744,2085,1479,1408,965,1519,1437
2025-06-24 14:31:49.182,1408,1489,469,1665,2005,1248,1417,1077,1531,1445
2025-06-24 14:31:49.282,1419,1520,581,1552,1887,403,1213,1070,1533,1441
2025-06-24 14:31:49.381,1424,1579,741,1137,1750,0,1085,720,1535,1450
2025-06-24 14:31:49.481,1442,1622,972,626,1655,0,1217,656,1530,1446
2025-06-24 14:31:49.581,1455,1680,1223,261,1602,0,1294,903,1522,1438
2025-06-24 14:31:49.680,1461,1798,1473,0,1530,0,1334,1283,1525,1440
2025-06-24 14:31:49.780,1447,1799,1694,0,1460,190,1392,1625,1527,1445
2025-06-24 14:31:49.879,1450,1701,1896,0,1429,667,1483,1903,1524,1441
2025-06-24 14:31:49.979,1456,1541,2064,222,1427,1207,1786,2199,1527,1442
2025-06-24 14:31:50.079,1475,1411,2230,609,1437,1825,2197,2157,1521,1447
2025-06-24 14:31:50.179,1491,1373,2389,1020,1392,2385,2315,1564,1520,1439
2025-06-24 14:31:50.279,1494,1405,2477,1467,1471,2793,1918,1204,1521,1437
2025-06-24 14:31:50.379,1516,1428,2382,1787,1508,3135,1651,1041,1523,1437
2025-06-24 14:31:50.479,1535,1455,2293,1689,1636,3520,1636,1040,1518,1438
2025-06-24 14:31:50.579,1550,1508,2177,1127,1632,4095,1635,1082,1527,1439
2025-06-24 14:31:50.679,1541,1552,2096,747,1493,4095,1535,1131,1525,1437
2025-06-24 14:31:50.779,1525,1543,1906,621,1488,4095,1479,1223,1527,1445
2025-06-24 14:31:50.878,1523,1531,1808,450,1463,2776,1123,1428,1550,1456
2025-06-24 14:31:50.978,1501,1488,1723,144,1424,1844,1183,1489,1546,1454
2025-06-24 14:31:51.078,1472,1491,1699,135,1449,1260,1283,1552,1551,1455
2025-06-24 14:31:51.178,1415,1507,1632,538,1453,1183,1256,1642,1520,1435
2025-06-24 14:31:51.278,1423,1542,1612,1014,1543,1061,1286,1358,1523,1434
2025-06-24 14:31:51.377,1430,1591,1562,1552,1583,735,1447,1207,1533,1443
2025-06-24 14:31:51.477,1438,1651,1492,2069,1615,447,1591,1378,1530,1446
2025-06-24 14:31:51.576,1442,1679,1485,2534,1599,329,1986,1597,1526,1441
2025-06-24 14:31:51.676,1451,1683,1450,2815,1610,486,2261,1842,1520,1436
2025-06-24 14:31:51.776,1456,1647,1443,2996,1565,789,2029,1901,1525,1435
2025-06-24 14:31:51.875,1426,1495,1431,3068,1572,1104,1620,1819,1517,1436
2025-06-24 14:31:51.974,1425,1378,1425,3039,1527,1418,1434,1377,1526,1439
2025-06-24 14:31:52.074,1443,1389,1424,3034,1507,1611,1399,811,1535,1450
2025-06-24 14:31:52.174,1456,1425,1419,2797,1534,1771,1418,646,1526,1440
2025-06-24 14:31:52.274,1475,1472,1455,2655,1519,1859,1466,751,1526,1441
2025-06-24 14:31:52.373,1489,1501,1456,2557,1551,1862,1210,959,1535,1450
2025-06-24 14:31:52.473,1494,1566,1456,2403,1487,1867,1193,1197,1525,1443
2025-06-24 14:31:52.573,1505,1584,1424,2260,1344,1841,1264,1435,1525,1439
2025-06-24 14:31:52.673,1509,1559,1407,2189,1275,1791,1193,1701,1529,1443
2025-06-24 14:31:52.773,1532,1530,1466,2077,1259,1770,1205,2013,1523,1455
2025-06-24 14:31:52.872,1543,1504,1461,1939,1264,1758,1315,2078,1520,1436
2025-06-24 14:31:52.971,1535,1515,1449,1885,1299,1728,1485,1972,1531,1445
2025-06-24 14:31:53.071,1535,1524,1455,1854,1360,1680,1761,1726,1526,1437
2025-06-24 14:31:53.171,1506,1555,1472,1774,1392,1680,2073,1372,1521,1431
2025-06-24 14:31:53.271,1463,1601,1479,1707,1403,1681,1996,1310,1524,1437
2025-06-24 14:31:53.370,1438,1678,1472,1627,1464,1669,1703,1513,1524,1440
2025-06-24 14:31:53.470,1446,1744,1472,1665,1617,1619,1425,1771,1535,1451
2025-06-24 14:31:53.570,1462,1744,1487,1633,1795,1619,1294,1909,1530,1445
2025-06-24 14:31:53.670,1459,1717,1482,1454,1855,1614,1315,2131,1527,1443
2025-06-24 14:31:53.770,1461,1621,1473,1335,1789,1601,1405,2259,1522,1447
2025-06-24 14:31:53.870,1469,1476,1472,1275,1783,1567,1341,2173,1526,1443
2025-06-24 14:31:53.970,1473,1416,1469,1310,1825,1570,1150,1689,1527,1441
2025-06-24 14:31:54.070,1440,1488,1488,1411,1740,1520,1123,1309,1525,1439
2025-06-24 14:31:54.170,1428,1543,1508,1478,1742,1489,1191,1262,1520,1436
2025-06-24 14:31:54.270,1457,1616,1497,1531,1781,1515,1319,1319,1524,1440
2025-06-24 14:31:54.369,1486,1605,1505,1606,1711,1477,1330,1439,1521,1437
2025-06-24 14:31:54.469,1505,1601,1472,1621,1664,1472,1392,1664,1519,1433
2025-06-24 14:31:54.569,1514,1583,1453,1294,1678,1499,1531,1932,1523,1438
2025-06-24 14:31:54.669,1520,1517,1463,528,1611,1509,1919,2191,1534,1448
2025-06-24 14:31:54.769,1523,1459,1386,230,1600,1487,2223,2241,1525,1443
2025-06-24 14:31:54.868,1531,1456,1362,242,1564,1495,2146,2163,1525,1444
2025-06-24 14:31:54.968,1552,1489,1367,409,1529,1520,1722,1771,1531,1445
2025-06-24 14:31:55.068,1555,1535,1408,747,1552,1497,1424,1345,1540,1446
2025-06-24 14:31:55.168,1531,1549,1380,1076,1523,1487,1390,1235,1530,1445
2025-06-24 14:31:55.268,1511,1602,1043,1403,1523,1473,1310,1466,1530,1443
2025-06-24 14:31:55.367,1472,1695,762,1681,1552,1510,1398,1648,1531,1458
2025-06-24 14:31:55.467,1442,1741,752,1910,1567,1533,1393,1763,1525,1440
2025-06-24 14:31:55.566,1428,1718,886,2004,1635,1547,1178,1892,1530,1444
2025-06-24 14:31:55.666,1442,1615,1120,2064,1653,1571,1168,2033,1527,1442
2025-06-24 14:31:55.765,1447,1514,1419,2156,1614,1520,1165,2184,1527,1445
2025-06-24 14:31:55.865,1459,1435,1777,2140,1632,1328,1300,1747,1535,1451
2025-06-24 14:31:55.964,1454,1424,2305,2103,1584,485,1312,1232,1530,1440
2025-06-24 14:31:56.064,1431,1443,2675,2018,1527,0,1462,1037,1521,1434
2025-06-24 14:31:56.164,1435,1463,2747,1990,1529,0,1642,1061,1525,1443
2025-06-24 14:31:56.264,1440,1436,2627,1959,1469,0,2015,1199,1521,1424
2025-06-24 14:31:56.363,1464,1471,2317,2061,1447,0,2240,1315,1529,1446
2025-06-24 14:31:56.463,1483,1472,1750,2096,1453,68,1996,1410,1520,1434
2025-06-24 14:31:56.563,1498,1418,1187,1994,1452,567,1683,1547,1526,1440
2025-06-24 14:31:56.663,1503,1406,853,1888,1507,1171,1562,1614,1531,1439
2025-06-24 14:31:56.763,1510,1407,774,1894,1459,1786,1526,1570,1526,1438
2025-06-24 14:31:56.862,1509,1426,883,1797,1443,2379,1505,1420,1520,1435
2025-06-24 14:31:56.962,1520,1470,1067,1727,1474,2805,1501,1150,1520,1438
2025-06-24 14:31:57.062,1527,1495,1244,1657,1452,3199,1203,1010,1520,1433
2025-06-24 14:31:57.166,1530,1566,1339,1621,1418,3555,1139,1147,1520,1438
2025-06-24 14:31:57.266,1522,1663,1425,1535,1298,4095,1217,1336,1534,1447
2025-06-24 14:31:57.366,1495,1728,1473,1362,1218,4095,1392,1581,1532,1446
2025-06-24 14:31:57.465,1442,1699,1473,1361,1183,4095,1394,1760,1534,1446
2025-06-24 14:31:57.564,1411,1603,1498,1375,1157,2978,1393,2062,1531,1443
2025-06-24 14:31:57.663,1437,1471,1535,1401,1125,2021,1459,1975,1534,1450
2025-06-24 14:31:57.762,1419,1383,1554,1413,1143,1421,1817,1593,1549,1456
2025-06-24 14:31:57.861,1429,1377,1607,1394,1279,1180,2236,1296,1531,1441
2025-06-24 14:31:57.961,1446,1425,1661,1418,1390,1111,2339,1171,1531,1443
2025-06-24 14:31:58.061,1450,1445,1614,1408,1513,880,1899,1200,1531,1441
2025-06-24 14:31:58.162,1445,1449,1610,1439,1609,579,1622,1235,1526,1443
2025-06-24 14:31:58.257,1419,1484,1616,1457,1702,406,1490,1277,1526,1435
2025-06-24 14:31:58.357,1415,1504,1585,1511,1766,462,1465,1413,1526,1442
2025-06-24 14:31:58.456,1440,1527,1583,1523,1863,662,1449,1534,1522,1439
2025-06-24 14:31:58.556,1469,1494,1588,1356,1981,929,1203,1558,1521,1442
2025-06-24 14:31:58.656,1491,1488,1568,1153,1955,1226,1049,1488,1519,1437
2025-06-24 14:31:58.756,1507,1519,1559,1054,1818,1488,1099,1424,1527,1443
2025-06-24 14:31:58.856,1514,1525,1552,1087,1667,1733,1226,1077,1531,1426
2025-06-24 14:31:58.956,1526,1587,1584,1353,1535,1842,1357,912,1522,1437
2025-06-24 14:31:59.056,1554,1639,1566,1629,1514,1829,1355,1022,1520,1433
2025-06-24 14:31:59.156,1559,1696,1575,1814,1441,1872,1468,1216,1520,1438
2025-06-24 14:31:59.256,1554,1787,1585,1846,1426,1831,1669,1467,1535,1451
2025-06-24 14:31:59.356,1543,1818,1559,1786,1393,1799,2128,1598,1526,1442
2025-06-24 14:31:59.455,1503,1763,1535,1659,1348,1764,2254,1748,1531,1448
2025-06-24 14:31:59.555,1456,1665,1522,1535,1241,1790,1947,1872,1529,1441
2025-06-24 14:31:59.655,1434,1477,1551,1407,1274,1817,1579,1681,1524,1435
2025-06-24 14:31:59.755,1445,1365,1583,1371,1374,1723,1494,1323,1525,1439
2025-06-24 14:31:59.855,1456,1340,1583,1442,1406,1691,1533,1235,1545,1449
2025-06-24 14:31:59.955,1467,1371,1552,1452,1425,1690,1412,1233,1546,1445
2025-06-24 14:32:00.053,1471,1415,1495,1368,1470,1630,1410,1296,1523,1443
2025-06-24 14:32:00.159,1472,1435,1486,1471,1453,1591,1123,1183,1522,1439
2025-06-24 14:32:00.253,1458,1467,1476,1646,1454,1641,1162,1259,1525,1440
2025-06-24 14:32:00.352,1444,1530,1531,1767,1435,1600,1330,1417,1520,1434
2025-06-24 14:32:00.451,1454,1506,1485,1747,1510,1595,1419,1611,1514,1429
2025-06-24 14:32:00.550,1472,1466,1200,1708,1461,1575,1456,1677,1517,1430
2025-06-24 14:32:00.650,1488,1465,944,1659,1546,1587,1494,1661,1521,1438
2025-06-24 14:32:00.749,1487,1479,780,1641,1555,1562,1607,1435,1530,1443
2025-06-24 14:32:00.849,1498,1511,770,1601,1563,1520,1936,1163,1525,1441
2025-06-24 14:32:00.949,1509,1547,842,1526,1535,1503,2307,1061,1527,1444
2025-06-24 14:32:01.049,1515,1606,1037,1508,1521,1526,2256,1135,1535,1451
2025-06-24 14:32:01.149,1525,1667,1281,1486,1475,1531,1835,1299,1535,1451
2025-06-24 14:32:01.249,1543,1742,1494,1467,1427,1519,1581,1398,1531,1446
2025-06-24 14:32:01.348,1531,1776,1672,1490,1457,1446,1472,1562,1531,1443
2025-06-24 14:32:01.447,1520,1758,1835,1507,1471,1485,1479,1669,1530,1424
2025-06-24 14:32:01.547,1462,1629,1986,1427,1392,1518,1388,1595,1515,1427
2025-06-24 14:32:01.647,1463,1481,2074,1364,1262,1515,1218,1631,1525,1439
2025-06-24 14:32:01.747,1413,1393,2063,1356,1158,1513,953,1386,1527,1440
2025-06-24 14:32:01.846,1411,1422,1963,1442,1112,1461,1010,1217,1535,1451
2025-06-24 14:32:01.946,1423,1454,1829,1494,1091,1457,1072,1282,1541,1456
2025-06-24 14:32:02.046,1435,1488,1713,1500,1127,1487,1114,1290,1525,1443
2025-06-24 14:32:02.146,1456,1514,1663,1428,1201,1492,1175,1265,1525,1439
2025-06-24 14:32:02.246,1451,1543,1578,1479,1239,1495,1291,1411,1531,1445
2025-06-24 14:32:02.345,1438,1567,1503,1567,1303,1526,1449,1682,1529,1445
2025-06-24 14:32:02.445,1424,1504,1442,1523,1431,1502,1821,1831,1526,1443
2025-06-24 14:32:02.545,1424,1443,1479,1546,1566,1488,2053,1824,1523,1442
2025-06-24 14:32:02.645,1451,1429,1467,1560,1744,1493,1982,1868,1523,1440
2025-06-24 14:32:02.745,1470,1443,1414,1527,1904,1484,1648,1453,1542,1447
2025-06-24 14:32:02.845,1478,1520,1453,1521,1925,1264,1429,1163,1535,1451
2025-06-24 14:32:02.945,1492,1584,1533,1616,1907,444,1317,1109,1532,1446
2025-06-24 14:32:03.045,1501,1648,1535,1534,1872,0,1367,1219,1529,1445
2025-06-24 14:32:03.145,1515,1730,1581,1433,1811,0,1488,1360,1520,1438
2025-06-24 14:32:03.245,1520,1789,1591,1388,1755,0,1277,1596,1524,1437
2025-06-24 14:32:03.345,1522,1781,1584,1488,1667,0,1130,1758,1523,1439
2025-06-24 14:32:03.444,1506,1735,1569,1500,1566,122,1198,1868,1525,1443
2025-06-24 14:32:03.544,1499,1590,1552,1468,1562,667,1284,1914,1533,1456
2025-06-24 14:32:03.644,1470,1424,1522,1520,1517,1296,1389,1887,1529,1446
2025-06-24 14:32:03.744,1431,1374,1456,1522,1424,1920,1469,1895,1528,1440
2025-06-24 14:32:03.844,1429,1392,1434,1586,1510,2433,1601,1608,1523,1439
2025-06-24 14:32:03.944,1446,1456,1392,1582,1510,2835,1907,1443,1521,1438
2025-06-24 14:32:04.044,1463,1488,1331,1550,1479,3195,2210,1408,1520,1439
2025-06-24 14:32:04.144,1471,1517,1329,1510,1483,3792,2074,1472,1525,1427
2025-06-24 14:32:04.244,1483,1521,1377,1508,1508,4095,1710,1584,1520,1437
2025-06-24 14:32:04.344,1462,1505,1395,1574,1558,4095,1587,1856,1523,1443
2025-06-24 14:32:04.443,1428,1483,1424,1553,1584,3923,1466,1945,1521,1435
2025-06-24 14:32:04.543,1444,1465,1294,1508,1680,2570,1419,1777,1520,1436
2025-06-24 14:32:04.643,1458,1470,941,1520,1670,1746,1421,1801,1532,1442
2025-06-24 14:32:04.743,1490,1505,617,1556,1604,1345,1408,1452,1542,1456
2025-06-24 14:32:04.842,1519,1566,485,1600,1541,1279,1221,1134,1541,1451
2025-06-24 14:32:04.941,1546,1600,562,1552,1489,966,1235,960,1529,1443
2025-06-24 14:32:05.041,1552,1637,624,1407,1488,599,1312,1029,1533,1454
2025-06-24 14:32:05.141,1551,1693,800,1150,1456,383,1407,1306,1532,1446
2025-06-24 14:32:05.241,1558,1709,1010,902,1456,394,1409,1616,1520,1434
2025-06-24 14:32:05.341,1552,1662,1246,859,1475,584,1456,1768,1520,1431
2025-06-24 14:32:05.440,1543,1535,1485,870,1459,886,1660,1871,1521,1427
2025-06-24 14:32:05.540,1520,1421,1639,969,1462,1186,2064,2065,1520,1433
2025-06-24 14:32:05.640,1495,1369,1838,1103,1440,1489,2258,2241,1524,1440
2025-06-24 14:32:05.740,1459,1408,1979,1203,1520,1686,2022,2313,1523,1442
2025-06-24 14:32:05.840,1434,1472,2164,1399,1522,1866,1807,2137,1533,1445
2025-06-24 14:32:05.939,1424,1493,2338,1613,1481,1843,1690,1863,1529,1445
2025-06-24 14:32:06.039,1437,1523,2349,1825,1489,1841,1630,1708,1531,1450
2025-06-24 14:32:06.139,1438,1550,2263,1983,1465,1842,1506,1667,1534,1441
2025-06-24 14:32:06.239,1445,1488,2192,2061,1533,1877,1451,1442,1531,1439
2025-06-24 14:32:06.339,1445,1472,2026,2192,1485,1770,1287,1414,1527,1442
2025-06-24 14:32:06.439,1450,1488,1947,2278,1328,1714,1118,1471,1533,1444
2025-06-24 14:32:06.539,1414,1514,1888,2606,1257,1712,1174,1287,1530,1447
2025-06-24 14:32:06.639,1412,1550,1795,2509,1121,1711,1215,1318,1526,1451
2025-06-24 14:32:06.739,1424,1589,1734,2492,1121,1703,1223,1392,1520,1436
2025-06-24 14:32:06.839,1459,1616,1662,2179,1151,1648,1273,1175,1523,1442
2025-06-24 14:32:06.938,1475,1663,1646,1673,1231,1620,1446,1012,1535,1453
2025-06-24 14:32:07.038,1472,1716,1563,1229,1267,1552,1631,978,1520,1434
2025-06-24 14:32:07.137,1508,1717,1535,939,1305,1529,2046,1171,1520,1437
2025-06-24 14:32:07.241,1521,1665,1525,816,1394,1529,2066,1301,1535,1443
2025-06-24 14:32:07.340,1525,1527,1470,801,1475,1559,1751,1535,1522,1442
2025-06-24 14:32:07.440,1549,1373,1450,839,1606,1581,1661,1679,1517,1427
2025-06-24 14:32:07.539,1533,1337,1424,915,1778,1535,1520,1728,1523,1441
2025-06-24 14:32:07.638,1531,1379,1429,1058,1865,1489,1472,1764,1531,1446
2025-06-24 14:32:07.738,1511,1423,1473,1227,1920,1489,1450,1806,1525,1441
2025-06-24 14:32:07.837,1467,1455,1456,1363,1855,1472,1348,1411,1520,1425
2025-06-24 14:32:07.936,1435,1495,1425,1502,1803,1503,972,1018,1523,1437
2025-06-24 14:32:08.036,1434,1472,1434,1658,1797,1486,912,954,1524,1439
2025-06-24 14:32:08.136,1442,1452,1424,1684,1856,1488,1033,983,1520,1449
2025-06-24 14:32:08.237,1450,1440,1459,1686,1741,1455,1129,1065,1534,1449
2025-06-24 14:32:08.332,1456,1487,1469,1728,1706,1472,1274,1072,1531,1443
2025-06-24 14:32:08.432,1462,1526,1456,1774,1703,1522,1367,1040,1535,1456
2025-06-24 14:32:08.532,1461,1594,1414,1724,1611,1511,1608,1216,1530,1445
2025-06-24 14:32:08.632,1419,1634,1373,1713,1511,1513,2129,1567,1531,1441
2025-06-24 14:32:08.731,1409,1693,1360,1651,1509,1520,2341,1455,1527,1441
2025-06-24 14:32:08.831,1431,1725,1345,1616,1435,1554,2097,1168,1528,1443
2025-06-24 14:32:08.930,1456,1725,1343,1687,1453,1530,1847,1135,1523,1437
2025-06-24 14:32:09.029,1478,1729,1398,1657,1411,1514,1643,1390,1523,1436
2025-06-24 14:32:09.129,1494,1629,1456,1663,1431,1490,1473,1648,1533,1454
2025-06-24 14:32:09.229,1519,1515,1457,1614,1487,1526,1489,2017,1532,1444
2025-06-24 14:32:09.328,1535,1398,1488,1607,1472,1510,1563,2141,1520,1439
2025-06-24 14:32:09.428,1558,1409,1606,1636,1489,1495,1311,2290,1520,1435
2025-06-24 14:32:09.527,1567,1470,1664,1645,1533,1500,1178,2269,1531,1440
2025-06-24 14:32:09.627,1568,1498,1697,1664,1535,1504,1248,1808,1534,1449
2025-06-24 14:32:09.727,1558,1533,1637,1681,1554,1414,1477,1291,1543,1452
2025-06-24 14:32:09.827,1519,1566,1591,1655,1541,738,1569,1097,1527,1441
2025-06-24 14:32:09.926,1488,1520,1572,1564,1542,0,1728,1159,1519,1429
2025-06-24 14:32:10.025,1476,1495,1520,1472,1505,0,1840,1328,1533,1438
2025-06-24 14:32:10.125,1487,1472,1466,1447,1472,0,2224,1376,1526,1445
2025-06-24 14:32:10.224,1493,1455,1408,1419,1488,0,2411,1474,1527,1438
2025-06-24 14:32:10.324,1502,1492,1170,1414,1521,0,2148,1564,1531,1449
2025-06-24 14:32:10.424,1534,1552,710,1377,1507,435,1776,1497,1545,1463
2025-06-24 14:32:10.523,1490,1607,422,1392,1527,1021,1599,1521,1543,1455
2025-06-24 14:32:10.623,1462,1609,314,1535,1553,1674,1487,1291,1526,1442
2025-06-24 14:32:10.722,1456,1676,381,1520,1603,2247,1403,963,1521,1435
2025-06-24 14:32:10.822,1470,1743,479,1485,1627,2743,1342,855,1514,1428
2025-06-24 14:32:10.921,1479,1727,659,1446,1635,3130,1152,998,1515,1429
2025-06-24 14:32:11.021,1470,1633,865,1392,1616,3590,1138,1366,1522,1438
2025-06-24 14:32:11.121,1465,1499,1130,1355,1570,4095,1359,1636,1525,1439
2025-06-24 14:32:11.221,1458,1399,1401,1397,1535,4095,1584,1857,1522,1438
2025-06-24 14:32:11.321,1467,1435,1606,1472,1501,4095,1591,2031,1529,1443
2025-06-24 14:32:11.421,1478,1460,1795,1422,1423,3434,1453,1968,1524,1447
2025-06-24 14:32:11.520,1500,1488,1989,1262,1359,2261,1505,1385,1525,1439
2025-06-24 14:32:11.620,1488,1535,2203,1111,1301,1558,1696,997,1530,1443
2025-06-24 14:32:11.720,1482,1552,2375,1004,1287,1223,1758,984,1529,1442
2025-06-24 14:32:11.820,1472,1520,2430,994,1351,1271,1691,1211,1527,1443
2025-06-24 14:32:11.920,1447,1518,2371,1058,1446,1197,1444,1445,1542,1443
2025-06-24 14:32:12.019,1409,1549,2288,1152,1520,903,1328,1618,1525,1442
2025-06-24 14:32:12.119,1386,1550,2223,1252,1555,620,1333,1806,1527,1445
2025-06-24 14:32:12.219,1392,1571,2096,1360,1551,417,1367,1873,1535,1445
2025-06-24 14:32:12.319,1408,1584,1936,1430,1603,445,1424,1804,1525,1441
2025-06-24 14:32:12.419,1429,1619,1858,1500,1697,707,1360,1661,1531,1449
2025-06-24 14:32:12.519,1427,1686,1774,1643,1697,1039,1183,1271,1520,1433
2025-06-24 14:32:12.618,1435,1785,1712,1724,1698,1353,1142,1007,1535,1454
2025-06-24 14:32:12.718,1435,1770,1662,1875,1643,1550,1151,934,1533,1449
2025-06-24 14:32:12.818,1443,1683,1615,2138,1568,1713,1227,1139,1535,1447
2025-06-24 14:32:12.918,1456,1565,1542,2257,1484,1783,1170,1341,1521,1438
2025-06-24 14:32:13.017,1472,1424,1504,2203,1437,1835,1279,1616,1520,1433
2025-06-24 14:32:13.117,1488,1365,1472,1908,1413,1839,1526,1760,1523,1442
2025-06-24 14:32:13.217,1488,1374,1442,1555,1387,1823,1793,1819,1521,1439
2025-06-24 14:32:13.317,1492,1386,1414,1300,1377,1808,1851,1997,1530,1446
2025-06-24 14:32:13.417,1508,1418,1417,1241,1393,1765,1681,1965,1520,1435
2025-06-24 14:32:13.516,1520,1485,1424,1224,1340,1735,1507,1522,1522,1440
2025-06-24 14:32:13.616,1515,1502,1408,1258,1387,1695,1490,1450,1529,1447
2025-06-24 14:32:13.716,1521,1488,1424,1360,1376,1697,1462,1532,1520,1445
2025-06-24 14:32:13.816,1509,1488,1413,1520,1431,1691,1424,1622,1525,1442
2025-06-24 14:32:13.916,1488,1485,1369,1552,1516,1692,1406,1775,1521,1437
2025-06-24 14:32:14.015,1441,1437,1408,1662,1535,1648,1144,1866,1527,1441
2025-06-24 14:32:14.115,1427,1488,1424,1705,1584,1623,1035,1831,1524,1440
2025-06-24 14:32:14.215,1433,1520,1469,1721,1563,1590,1112,1808,1535,1445
2025-06-24 14:32:14.315,1444,1571,1455,1661,1522,1566,1213,1744,1542,1450
2025-06-24 14:32:14.415,1461,1591,1443,1616,1488,1526,1202,1424,1527,1442
2025-06-24 14:32:14.514,1471,1685,1413,1605,1461,1552,1286,1221,1524,1438
2025-06-24 14:32:14.614,1485,1687,1397,1613,1552,1488,1390,1070,1522,1437
2025-06-24 14:32:14.714,1473,1646,1366,1541,1551,1520,1685,1133,1521,1436
2025-06-24 14:32:14.814,1433,1547,1379,1525,1503,1488,1967,1456,1532,1447
2025-06-24 14:32:14.913,1430,1409,1388,1505,1542,1483,1967,1717,1535,1451
2025-06-24 14:32:15.013,1449,1378,1390,1526,1542,1503,1726,1902,1529,1442
2025-06-24 14:32:15.113,1487,1425,1427,1584,1487,1499,1502,2027,1521,1440
2025-06-24 14:32:15.213,1504,1520,1504,1642,1438,1488,1461,1987,1520,1437
2025-06-24 14:32:15.313,1521,1526,1552,1600,1478,1497,1506,2035,1534,1451
2025-06-24 14:32:15.413,1529,1595,1610,1584,1485,1503,1495,1869,1535,1453
2025-06-24 14:32:15.513,1517,1570,1609,1584,1494,1531,1552,1567,1532,1445
2025-06-24 14:32:15.613,1565,1505,1627,1488,1390,1552,1279,1628,1529,1442
2025-06-24 14:32:15.713,1562,1469,1643,1473,1264,1546,1207,1780,1529,1442
2025-06-24 14:32:15.813,1551,1473,1664,1505,1195,1567,1221,1861,1522,1437
2025-06-24 14:32:15.913,1535,1473,1667,1502,1132,1553,1200,1947,1514,1424
2025-06-24 14:32:16.012,1507,1488,1612,1581,1168,1522,1261,2022,1520,1437
2025-06-24 14:32:16.112,1461,1548,1542,1591,1219,1511,1401,1968,1533,1444
2025-06-24 14:32:16.212,1441,1579,1520,1507,1232,1511,1593,1838,1531,1443
2025-06-24 14:32:16.312,1430,1584,1271,1461,1302,1451,2078,1643,1524,1438
2025-06-24 14:32:16.412,1445,1696,894,1463,1389,1458,2324,1401,1535,1450
2025-06-24 14:32:16.511,1455,1723,634,1483,1425,1493,2112,1169,1541,1451
2025-06-24 14:32:16.611,1462,1696,496,1502,1487,1522,1876,1107,1535,1454
2025-06-24 14:32:16.711,1469,1587,464,1552,1611,1517,1754,1319,1523,1438
2025-06-24 14:32:16.811,1445,1435,528,1572,1734,1550,1641,1610,1526,1440
2025-06-24 14:32:16.911,1408,1371,656,1567,1835,958,1690,1699,1530,1443
2025-06-24 14:32:17.010,1411,1399,871,1477,1867,3,1613,1820,1529,1443
2025-06-24 14:32:17.110,1442,1459,1119,1462,1883,0,1398,1907,1522,1440
2025-06-24 14:32:17.210,1469,1515,1373,1487,1853,0,1439,1894,1526,1445
2025-06-24 14:32:17.314,1483,1534,1612,1447,1745,0,1446,1758,1521,1440
2025-06-24 14:32:17.413,1495,1574,1873,1264,1712,0,1418,1428,1521,1439
2025-06-24 14:32:17.512,1507,1547,2133,1122,1646,245,1415,1261,1531,1445
2025-06-24 14:32:17.611,1506,1505,2330,1071,1583,823,1444,1327,1541,1451
2025-06-24 14:32:17.711,1521,1481,2323,1021,1514,1497,1515,1410,1524,1440
2025-06-24 14:32:17.810,1525,1490,2261,1087,1459,2153,1999,1466,1523,1439
2025-06-24 14:32:17.910,1533,1549,2187,1155,1422,2677,2154,1514,1531,1445
2025-06-24 14:32:18.009,1504,1579,2073,1207,1398,3067,1815,1625,1513,1425
2025-06-24 14:32:18.109,1479,1617,1966,1406,1379,3423,1616,1561,1521,1437
2025-06-24 14:32:18.209,1451,1647,1915,1510,1385,4095,1599,1442,1524,1441
2025-06-24 14:32:18.310,1431,1702,1831,1645,1425,4095,1594,1323,1520,1449
2025-06-24 14:32:18.405,1456,1744,1741,1699,1455,4095,1590,957,1525,1437
2025-06-24 14:32:18.505,1455,1772,1705,1704,1459,3677,1533,861,1520,1435
2025-06-24 14:32:18.605,1461,1691,1634,1788,1491,2359,1344,930,1523,1437
2025-06-24 14:32:18.705,1459,1490,1591,1951,1495,1602,1282,1183,1534,1446
2025-06-24 14:32:18.805,1445,1342,1524,2260,1504,1258,1321,1397,1535,1453
2025-06-24 14:32:18.904,1405,1318,1525,2175,1526,1226,1253,1681,1531,1443
2025-06-24 14:32:19.003,1408,1404,1488,1904,1549,1185,1344,1814,1524,1435
2025-06-24 14:32:19.103,1436,1455,1472,1653,1600,925,1357,1824,1530,1446
2025-06-24 14:32:19.203,1463,1462,1485,1458,1571,653,1552,1780,1525,1442
2025-06-24 14:32:19.302,1483,1506,1462,1359,1551,491,1906,1664,1535,1451
2025-06-24 14:32:19.401,1489,1530,1475,1312,1525,518,2038,1551,1529,1446
2025-06-24 14:32:19.500,1510,1488,1453,1287,1565,759,1843,1444,1535,1451
2025-06-24 14:32:19.599,1520,1471,1443,1360,1533,1057,1621,1417,1525,1439
2025-06-24 14:32:19.699,1567,1462,1419,1434,1532,1298,1408,1392,1525,1439
2025-06-24 14:32:19.798,1570,1510,1445,1453,1552,1497,1389,1568,1526,1439
2025-06-24 14:32:19.898,1574,1524,1504,1535,1535,1708,1374,1712,1532,1451
2025-06-24 14:32:19.997,1569,1546,1488,1576,1489,1851,1318,1821,1521,1436
2025-06-24 14:32:20.096,1533,1598,1435,1601,1504,1893,1133,1737,1519,1438
2025-06-24 14:32:20.196,1514,1680,1424,1552,1498,1871,1100,1643,1520,1438
2025-06-24 14:32:20.295,1502,1791,1440,1485,1447,1876,1090,1361,1524,1440
2025-06-24 14:32:20.394,1505,1776,1441,1525,1452,1771,1117,977,1527,1445
2025-06-24 14:32:20.493,1502,1701,1425,1526,1409,1720,1202,797,1535,1451
2025-06-24 14:32:20.592,1499,1570,1446,1523,1274,1771,1328,880,1526,1437
2025-06-24 14:32:20.692,1495,1421,1389,1521,1160,1732,1419,1175,1520,1435
2025-06-24 14:32:20.792,1459,1387,1395,1543,1074,1767,1829,1394,1533,1444
2025-06-24 14:32:20.891,1433,1422,1370,1550,1139,1712,2287,1577,1522,1441
2025-06-24 14:32:20.990,1444,1447,1364,1547,1158,1687,2199,1613,1515,1426
2025-06-24 14:32:21.089,1466,1462,1431,1584,1219,1666,1854,1568,1532,1445
2025-06-24 14:32:21.189,1477,1480,1433,1571,1283,1621,1623,1601,1525,1440
2025-06-24 14:32:21.288,1488,1515,1501,1510,1383,1580,1526,1495,1527,1443
2025-06-24 14:32:21.387,1488,1471,1530,1533,1491,1556,1503,1333,1526,1441
2025-06-24 14:32:21.487,1496,1443,1558,1475,1615,1508,1369,1343,1529,1443
2025-06-24 14:32:21.587,1498,1466,1583,1488,1718,1484,1344,1373,1532,1443
2025-06-24 14:32:21.687,1510,1488,1552,1459,1810,1553,1115,1433,1530,1439
2025-06-24 14:32:21.786,1519,1568,1573,1503,1931,1542,1042,1472,1535,1446
2025-06-24 14:32:21.886,1515,1612,1573,1534,1982,1518,1058,1559,1533,1443
2025-06-24 14:32:21.986,1507,1631,1541,1591,1973,1545,1153,1484,1525,1441
2025-06-24 14:32:22.086,1450,1648,1569,1583,1875,1587,1192,1306,1524,1440
2025-06-24 14:32:22.186,1407,1701,1520,1561,1803,1616,1297,1238,1531,1444
2025-06-24 14:32:22.285,1385,1709,1299,1575,1705,1641,1516,1162,1527,1443
2025-06-24 14:32:22.384,1395,1661,1013,1531,1623,1599,2064,977,1530,1446
2025-06-24 14:32:22.484,1411,1545,833,1494,1541,1533,2426,895,1526,1440
2025-06-24 14:32:22.583,1433,1376,793,1487,1493,1544,2109,924,1533,1447
2025-06-24 14:32:22.682,1440,1253,887,1520,1446,1546,1657,1206,1532,1447
2025-06-24 14:32:22.781,1423,1264,1182,1516,1441,1542,1530,1411,1535,1454
2025-06-24 14:32:22.880,1411,1301,1616,1441,1397,1515,1516,1651,1530,1442
2025-06-24 14:32:22.979,1424,1351,2083,1521,1349,1525,1502,1776,1520,1437
2025-06-24 14:32:23.078,1453,1397,2416,1501,1379,1499,1481,1865,1518,1435
2025-06-24 14:32:23.178,1473,1426,2519,1391,1418,1502,1222,1994,1525,1445
2025-06-24 14:32:23.277,1488,1424,2406,1179,1488,1498,1157,1898,1525,1445
2025-06-24 14:32:23.376,1491,1421,2201,1019,1563,1535,1154,1717,1520,1438
2025-06-24 14:32:23.476,1483,1408,1849,924,1516,1518,1151,1669,1519,1428
2025-06-24 14:32:23.576,1514,1466,1362,912,1584,1531,1237,1763,1534,1446
2025-06-24 14:32:23.676,1528,1504,914,986,1514,1542,1273,1909,1534,1450
2025-06-24 14:32:23.776,1542,1549,738,1156,1543,1535,1344,1953,1535,1454
2025-06-24 14:32:23.876,1567,1595,780,1311,1525,1535,1725,1950,1521,1434
2025-06-24 14:32:23.975,1546,1669,884,1407,1543,1533,2171,1803,1527,1443
2025-06-24 14:32:24.074,1504,1738,1069,1456,1520,1455,2255,1584,1531,1451
2025-06-24 14:32:24.174,1457,1825,1235,1597,1507,763,1942,1543,1533,1446
2025-06-24 14:32:24.274,1439,1833,1360,1686,1495,0,1761,1485,1531,1443
2025-06-24 14:32:24.374,1443,1775,1515,1737,1556,0,1685,1185,1523,1438
2025-06-24 14:32:24.474,1451,1587,1533,1807,1556,0,1713,1021,1529,1443
2025-06-24 14:32:24.574,1459,1513,1626,2066,1535,0,1772,992,1535,1447
2025-06-24 14:32:24.674,1468,1479,1654,2352,1521,52,1598,1184,1529,1441
2025-06-24 14:32:24.774,1458,1460,1625,2293,1545,552,1426,1494,1533,1445
2025-06-24 14:32:24.874,1418,1475,1583,1978,1535,1243,1313,1856,1530,1445
2025-06-24 14:32:24.974,1399,1493,1602,1778,1514,1908,1367,2145,1519,1435
2025-06-24 14:32:25.073,1414,1523,1611,1547,1523,2537,1394,2211,1521,1433
2025-06-24 14:32:25.173,1441,1552,1603,1360,1531,3001,1522,1698,1527,1446
2025-06-24 14:32:25.273,1465,1535,1598,1265,1555,3409,1633,1136,1531,1442
2025-06-24 14:32:25.373,1475,1511,1594,1251,1496,3769,1791,949,1527,1440
2025-06-24 14:32:25.472,1483,1534,1631,1264,1427,4095,2025,995,1526,1452
2025-06-24 14:32:25.572,1498,1581,1606,1360,1385,4095,2146,1199,1527,1443
2025-06-24 14:32:25.672,1508,1591,1616,1424,1296,4095,1895,1356,1531,1444
2025-06-24 14:32:25.772,1531,1616,1611,1434,1158,3322,1661,1459,1527,1443
2025-06-24 14:32:25.872,1543,1648,1632,1487,1104,2295,1508,1653,1543,1452
2025-06-24 14:32:25.972,1533,1677,1617,1503,1133,1722,1402,1558,1551,1446
2025-06-24 14:32:26.071,1522,1734,1619,1519,1145,1399,1369,1467,1527,1443
2025-06-24 14:32:26.171,1487,1757,1613,1502,1158,1344,1325,1495,1520,1434
2025-06-24 14:32:26.271,1455,1706,1550,1558,1231,1203,1200,1202,1520,1437
2025-06-24 14:32:26.371,1454,1569,1495,1598,1326,959,1184,1072,1533,1445
2025-06-24 14:32:26.471,1456,1403,1532,1572,1483,671,1159,1136,1535,1450
2025-06-24 14:32:26.571,1459,1357,1680,1594,1608,591,1163,1378,1530,1443
2025-06-24 14:32:26.671,1466,1371,1732,1607,1748,703,1171,1639,1523,1437
2025-06-24 14:32:26.771,1472,1391,1697,1562,1872,971,1198,1877,1519,1431
2025-06-24 14:32:26.871,1457,1392,1655,1554,1840,1247,1337,2047,1520,1425
2025-06-24 14:32:26.971,1401,1430,1530,1554,1840,1447,1727,1602,1520,1434
2025-06-24 14:32:27.070,1375,1478,1358,1575,1840,1631,2064,1121,1517,1433
2025-06-24 14:32:27.170,1399,1498,976,1618,1867,1801,2038,1053,1523,1440
2025-06-24 14:32:27.270,1447,1468,687,1575,1837,1954,1839,1184,1529,1442
2025-06-24 14:32:27.373,1472,1443,596,1520,1726,1975,1584,1296,1533,1449
2025-06-24 14:32:27.472,1504,1465,656,1509,1622,1969,1490,1473,1523,1440
2025-06-24 14:32:27.571,1533,1498,791,1541,1573,1995,1543,1611,1530,1446
2025-06-24 14:32:27.670,1572,1533,976,1565,1552,1960,1498,1674,1535,1449
2025-06-24 14:32:27.769,1589,1587,1168,1563,1488,1875,1259,1668,1546,1456
2025-06-24 14:32:27.868,1630,1612,1363,1558,1421,1851,1168,1555,1533,1447
2025-06-24 14:32:27.967,1655,1667,1535,1521,1409,1888,1197,1456,1521,1434
2025-06-24 14:32:28.066,1648,1706,1715,1520,1393,2021,1264,1198,1520,1431
2025-06-24 14:32:28.166,1602,1719,1838,1540,1403,2064,1328,842,1520,1437
2025-06-24 14:32:28.266,1569,1631,2032,1491,1472,2030,1379,859,1527,1443
2025-06-24 14:32:28.367,1545,1445,2114,1511,1481,1951,1428,1088,1533,1443
2025-06-24 14:32:28.462,1515,1381,2064,1553,1503,1893,1565,1338,1523,1441
2025-06-24 14:32:28.562,1494,1379,1968,1552,1506,1761,1935,1507,1524,1442
2025-06-24 14:32:28.661,1475,1393,1873,1509,1520,1668,2192,1691,1533,1445
2025-06-24 14:32:28.761,1456,1393,1763,1421,1476,1499,2101,1951,1530,1456
2025-06-24 14:32:28.861,1441,1413,1651,1453,1494,1364,1771,2086,1533,1445
2025-06-24 14:32:28.961,1394,1461,1585,1542,1525,1232,1535,1969,1521,1439
2025-06-24 14:32:29.061,1419,1503,1564,1535,1543,1123,1520,1953,1530,1443
2025-06-24 14:32:29.160,1433,1505,1597,1492,1546,1011,1402,2079,1531,1445
2025-06-24 14:32:29.260,1423,1518,1566,1475,1558,903,1290,2150,1525,1442
2025-06-24 14:32:29.360,1438,1530,1523,1488,1508,842,1199,2223,1527,1441
2025-06-24 14:32:29.459,1445,1551,1559,1493,1461,818,1183,2176,1527,1439
2025-06-24 14:32:29.559,1457,1609,1511,1511,1534,775,1205,2066,1534,1443
2025-06-24 14:32:29.658,1466,1614,1508,1461,1552,760,1114,1898,1529,1444
2025-06-24 14:32:29.758,1475,1649,1467,1566,1565,837,1209,1648,1531,1446
2025-06-24 14:32:29.857,1454,1682,1428,1511,1491,857,1283,1552,1530,1441
2025-06-24 14:32:29.957,1476,1740,1452,1462,1456,879,1278,1385,1522,1438
2025-06-24 14:32:30.056,1456,1755,1452,1457,1459,965,1494,1223,1530,1445
2025-06-24 14:32:30.155,1410,1718,1445,1439,1506,1046,1872,1101,1526,1440
2025-06-24 14:32:30.254,1379,1616,1441,1524,1424,1155,2150,1127,1530,1447
2025-06-24 14:32:30.354,1372,1424,1456,1566,1487,1249,1995,1330,1523,1444
2025-06-24 14:32:30.454,1389,1339,1445,1557,1501,1347,1609,1488,1515,1431
2025-06-24 14:32:30.554,1406,1360,1478,1511,1473,1454,1438,1687,1521,1438
2025-06-24 14:32:30.653,1430,1425,1463,1521,1477,1516,1398,1805,1527,1441
2025-06-24 14:32:30.753,1435,1463,1455,1495,1436,1533,1430,1830,1533,1443
2025-06-24 14:32:30.853,1440,1483,1463,1513,1333,1110,1442,1923,1530,1442
2025-06-24 14:32:30.953,1456,1534,1443,1488,1244,407,1211,1729,1529,1440
2025-06-24 14:32:31.052,1476,1522,1451,1294,1207,5,1068,1506,1534,1445
2025-06-24 14:32:31.151,1494,1520,1446,1005,1120,0,1050,1487,1535,1445
2025-06-24 14:32:31.250,1499,1515,1466,901,1163,160,1054,1673,1529,1453
2025-06-24 14:32:31.350,1511,1501,1457,890,1253,522,1129,1828,1521,1438
2025-06-24 14:32:31.449,1517,1541,1461,994,1341,957,1190,1819,1520,1430
2025-06-24 14:32:31.549,1526,1583,1486,1145,1349,1440,1226,1657,1525,1442
2025-06-24 14:32:31.648,1517,1610,1472,1394,1458,1946,1456,1524,1527,1443
2025-06-24 14:32:31.748,1511,1648,1479,1786,1535,2349,2096,1269,1533,1450
2025-06-24 14:32:31.848,1506,1679,1473,2080,1680,2649,2405,1272,1525,1442
2025-06-24 14:32:31.948,1503,1712,1469,2171,1779,2811,2101,1169,1523,1431
2025-06-24 14:32:32.047,1477,1658,1465,2193,1869,2905,1739,881,1525,1442
2025-06-24 14:32:32.146,1441,1562,1468,2128,1853,3392,1631,789,1525,1439
2025-06-24 14:32:32.245,1418,1413,1473,2119,1808,4095,1545,930,1534,1449
2025-06-24 14:32:32.345,1424,1329,1506,2032,1773,4048,1611,1259,1534,1442
2025-06-24 14:32:32.445,1434,1357,1509,1927,1785,2789,1615,1601,1527,1440
2025-06-24 14:32:32.545,1442,1397,1526,1644,1747,1909,1267,1807,1532,1443
2025-06-24 14:32:32.644,1456,1453,1520,1434,1671,1419,1274,1984,1541,1452
2025-06-24 14:32:32.744,1463,1483,1542,1201,1712,1148,1264,1902,1520,1433
2025-06-24 14:32:32.844,1425,1510,1535,1165,1629,784,1300,1460,1520,1431
2025-06-24 14:32:32.944,1423,1498,1504,1117,1590,477,1299,1063,1520,1434
2025-06-24 14:32:33.044,1436,1502,1490,1117,1525,279,1351,1008,1522,1434
2025-06-24 14:32:33.143,1462,1522,1485,1057,1419,313,1518,1010,1525,1439
2025-06-24 14:32:33.242,1479,1521,1443,1057,1366,562,1840,1107,1526,1439
2025-06-24 14:32:33.342,1491,1507,1453,1111,1379,853,2367,1228,1521,1437
2025-06-24 14:32:33.441,1493,1553,1465,1281,1382,1189,2398,1362,1523,1441
2025-06-24 14:32:33.541,1505,1585,1459,1390,1456,1477,2074,1439,1524,1434
2025-06-24 14:32:33.640,1529,1645,1479,1499,1470,1700,1851,1381,1535,1451
2025-06-24 14:32:33.740,1546,1673,1488,1555,1483,1846,1677,1323,1526,1442
2025-06-24 14:32:33.839,1551,1708,1499,1565,1531,1945,1630,1374,1534,1452
2025-06-24 14:32:33.939,1547,1715,1490,1554,1548,1908,1600,1160,1530,1446
2025-06-24 14:32:34.039,1520,1621,1351,1618,1559,1805,1386,1072,1531,1451
2025-06-24 14:32:34.138,1483,1473,1073,1683,1592,1712,1310,1273,1534,1447
2025-06-24 14:32:34.237,1457,1441,896,1708,1555,1686,1339,1616,1542,1451
2025-06-24 14:32:34.337,1456,1456,833,1696,1472,1663,1450,1897,1527,1441
2025-06-24 14:32:34.437,1442,1477,893,1639,1472,1517,1503,2064,1507,1419
2025-06-24 14:32:34.537,1473,1519,1072,1600,1489,1335,1499,2165,1518,1430
2025-06-24 14:32:34.636,1479,1562,1219,1606,1494,1245,1575,1808,1526,1440
2025-06-24 14:32:34.736,1481,1607,1401,1638,1453,1232,1748,1403,1525,1442
2025-06-24 14:32:34.836,1447,1600,1590,1658,1511,1228,2112,1216,1522,1437
2025-06-24 14:32:34.936,1413,1549,1744,1610,1531,1292,2186,1237,1530,1446
2025-06-24 14:32:35.035,1421,1546,1922,1611,1490,1383,1954,1435,1534,1447
2025-06-24 14:32:35.134,1443,1556,2014,1595,1520,1439,1625,1519,1531,1443
2025-06-24 14:32:35.234,1469,1562,2003,1555,1521,1519,1513,1497,1529,1446
2025-06-24 14:32:35.334,1490,1589,1955,1549,1525,1610,1523,1434,1523,1441
2025-06-24 14:32:35.434,1507,1631,1893,1568,1490,1677,1534,1408,1525,1440
2025-06-24 14:32:35.534,1522,1671,1789,1483,1496,1716,1326,1349,1530,1438
2025-06-24 14:32:35.633,1525,1716,1758,1497,1447,1723,1196,1251,1535,1446
2025-06-24 14:32:35.733,1553,1762,1690,1521,1465,1701,1083,1136,1530,1441
2025-06-24 14:32:35.833,1582,1741,1659,1489,1520,1646,1137,893,1521,1435
2025-06-24 14:32:35.933,1569,1613,1605,1513,1493,1609,1324,834,1531,1446
2025-06-24 14:32:36.033,1520,1499,1565,1488,1520,1603,1383,977,1531,1446
2025-06-24 14:32:36.132,1478,1457,1551,1535,1456,1607,1520,1202,1531,1439
2025-06-24 14:32:36.232,1451,1457,1535,1533,1386,1607,1633,1405,1524,1441
2025-06-24 14:32:36.332,1456,1491,1527,1517,1260,1546,1916,1702,1532,1447
2025-06-24 14:32:36.432,1461,1535,1477,1515,1234,1482,2032,1825,1529,1442
2025-06-24 14:32:36.532,1471,1549,1493,1498,1194,1463,1845,1806,1527,1442
2025-06-24 14:32:36.631,1467,1506,1477,1437,1168,1477,1552,1626,1534,1449
2025-06-24 14:32:36.731,1451,1493,1470,1473,1199,909,1367,1565,1535,1449
2025-06-24 14:32:36.831,1413,1470,1490,1497,1258,193,1442,1596,1527,1437
2025-06-24 14:32:36.931,1411,1501,1463,1555,1305,0,1411,1600,1527,1441
2025-06-24 14:32:37.031,1437,1493,1470,1563,1392,0,1354,1649,1527,1440
2025-06-24 14:32:37.130,1460,1520,1483,1513,1503,147,1104,1690,1535,1446
2025-06-24 14:32:37.230,1475,1550,1530,1510,1665,493,1107,1743,1527,1444
2025-06-24 14:32:37.330,1504,1561,1535,1525,1776,899,1171,1846,1525,1443
2025-06-24 14:32:37.434,1543,1619,1520,1479,1861,1317,1175,1747,1520,1437
2025-06-24 14:32:37.533,1527,1670,1494,1519,1840,1710,1279,1661,1522,1438
2025-06-24 14:32:37.632,1545,1665,1481,1485,1780,2096,1301,1442,1519,1431
2025-06-24 14:32:37.731,1557,1647,1471,1493,1741,2450,1418,1131,1525,1436
2025-06-24 14:32:37.830,1552,1554,1467,1560,1705,2727,1890,1042,1526,1439
2025-06-24 14:32:37.929,1505,1486,1468,1584,1702,2853,2302,1165,1520,1429
2025-06-24 14:32:38.028,1467,1520,1481,1550,1695,2937,2371,1381,1522,1439
2025-06-24 14:32:38.127,1447,1546,1458,1514,1679,4095,2010,1586,1530,1442
2025-06-24 14:32:38.227,1449,1569,1488,1517,1648,4095,1619,1725,1529,1442
2025-06-24 14:32:38.327,1451,1597,1493,1531,1630,3169,1416,1893,1524,1441
2025-06-24 14:32:38.428,1445,1557,1456,1488,1605,2235,1389,1909,1530,1446
2025-06-24 14:32:38.523,1458,1513,1457,1514,1524,1488,1335,1922,1521,1437
2025-06-24 14:32:38.623,1421,1512,1483,1569,1488,1121,1168,1598,1525,1438
2025-06-24 14:32:38.722,1406,1549,1489,1433,1451,1088,929,1426,1527,1443
2025-06-24 14:32:38.822,1431,1584,1488,1321,1409,1070,880,1397,1543,1446
2025-06-24 14:32:38.921,1453,1634,1503,1286,1447,807,1005,1433,1546,1457
2025-06-24 14:32:39.021,1467,1633,1471,1275,1455,575,1005,1469,1529,1445
2025-06-24 14:32:39.121,1494,1648,1456,1344,1447,457,1081,1600,1530,1446
2025-06-24 14:32:39.220,1507,1674,1455,1449,1421,592,1185,1727,1524,1441
2025-06-24 14:32:39.319,1507,1712,1481,1614,1406,882,1383,1882,1527,1440
2025-06-24 14:32:39.419,1521,1742,1489,1684,1450,1168,1993,1746,1518,1435
2025-06-24 14:32:39.519,1543,1705,1492,1662,1530,1355,2411,1601,1523,1440
2025-06-24 14:32:39.618,1554,1660,1491,1598,1543,1555,2138,1335,1534,1450
2025-06-24 14:32:39.718,1557,1492,1499,1604,1488,1799,1833,1073,1533,1447
2025-06-24 14:32:39.818,1529,1373,1510,1571,1490,1956,1578,1033,1522,1443
2025-06-24 14:32:39.918,1473,1329,1518,1257,1503,1981,1503,1183,1515,1426
2025-06-24 14:32:40.018,1477,1387,1552,966,1555,2028,1571,1409,1524,1440
2025-06-24 14:32:40.118,1481,1474,1518,804,1507,1997,1473,1581,1526,1441
2025-06-24 14:32:40.218,1485,1488,1510,745,1507,2000,1149,1773,1535,1450
2025-06-24 14:32:40.318,1483,1396,1519,851,1518,1936,1243,1839,1521,1435
2025-06-24 14:32:40.418,1463,1345,1488,1050,1505,1903,1323,1866,1525,1456
2025-06-24 14:32:40.518,1415,1331,1510,1216,1520,1857,1295,1889,1534,1449
2025-06-24 14:32:40.618,1417,1330,1548,1365,1488,1855,1381,1527,1524,1442
2025-06-24 14:32:40.718,1438,1371,1451,1521,1519,1786,1454,1317,1529,1439
2025-06-24 14:32:40.818,1458,1419,1234,1627,1607,1740,1593,1345,1534,1446
2025-06-24 14:32:40.918,1470,1457,1007,1680,1565,1691,2005,1381,1523,1440
2025-06-24 14:32:41.018,1472,1501,961,1733,1557,1702,2305,1426,1522,1433
2025-06-24 14:32:41.118,1474,1567,1042,1808,1481,1691,2102,1508,1526,1442
2025-06-24 14:32:41.218,1482,1573,1119,1842,1513,1648,1744,1604,1526,1441
2025-06-24 14:32:41.318,1486,1583,1287,1961,1487,1587,1494,1713,1529,1443
2025-06-24 14:32:41.418,1495,1534,1446,2128,1456,1534,1408,1777,1529,1448
2025-06-24 14:32:41.518,1505,1439,1567,2207,1425,1514,1414,1682,1527,1439
2025-06-24 14:32:41.618,1505,1383,1680,2109,1385,1491,1334,1428,1523,1437
2025-06-24 14:32:41.718,1501,1456,1869,2002,1281,1523,1258,1252,1535,1450
2025-06-24 14:32:41.818,1467,1530,1930,1835,1159,1514,1241,1225,1546,1455
2025-06-24 14:32:41.918,1425,1567,1949,1770,1104,1526,1297,1337,1534,1444
2025-06-24 14:32:42.018,1408,1627,1872,1647,1143,1482,1309,1600,1524,1434
2025-06-24 14:32:42.118,1411,1655,1788,1606,1172,1477,1369,1776,1523,1442
2025-06-24 14:32:42.218,1424,1599,1748,1515,1194,1495,1422,1920,1531,1446
2025-06-24 14:32:42.318,1438,1520,1687,1441,1313,1511,1469,2032,1520,1430
2025-06-24 14:32:42.418,1443,1503,1622,1421,1411,1491,1711,2157,1526,1434
2025-06-24 14:32:42.518,1431,1477,1604,1443,1511,1481,1914,2337,1520,1435
2025-06-24 14:32:42.618,1428,1489,1584,1452,1619,1471,1776,2211,1527,1440
2025-06-24 14:32:42.718,1446,1515,1549,1462,1702,976,1586,1852,1521,1436
2025-06-24 14:32:42.817,1469,1543,1565,1486,1807,302,1493,1677,1525,1438
2025-06-24 14:32:42.917,1488,1547,1551,1520,1807,0,1475,1708,1527,1440
2025-06-24 14:32:43.016,1504,1610,1514,1535,1854,0,1394,2016,1542,1451
2025-06-24 14:32:43.115,1509,1632,1520,1520,1811,176,1424,2027,1531,1446
2025-06-24 14:32:43.215,1511,1600,1497,1553,1728,477,1189,1847,1520,1434
2025-06-24 14:32:43.315,1520,1534,1535,1453,1663,829,1104,1721,1525,1442
2025-06-24 14:32:43.415,1513,1462,1535,1476,1679,1296,1099,1629,1520,1436
2025-06-24 14:32:43.515,1503,1397,1553,1488,1651,1778,1131,1561,1521,1437
2025-06-24 14:32:43.615,1527,1423,1509,1424,1623,2167,1135,1271,1527,1442
2025-06-24 14:32:43.714,1525,1465,1505,1439,1610,2455,1136,897,1520,1431
2025-06-24 14:32:43.814,1494,1516,1483,1535,1554,2688,1290,752,1517,1426
2025-06-24 14:32:43.914,1463,1525,1438,1547,1527,2813,1488,858,1525,1437
2025-06-24 14:32:44.013,1456,1595,1423,1589,1518,2898,2053,1259,1526,1443
2025-06-24 14:32:44.113,1458,1616,1392,1621,1543,3933,2110,1600,1524,1440
2025-06-24 14:32:44.213,1471,1598,1366,1584,1520,4095,1753,1904,1531,1445
2025-06-24 14:32:44.313,1475,1579,1362,1457,1488,3309,1597,2142,1520,1434
2025-06-24 14:32:44.413,1478,1552,1408,1520,1488,2340,1550,2093,1523,1439
2025-06-24 14:32:44.513,1454,1543,1453,1575,1457,1504,1568,1447,1525,1442
2025-06-24 14:32:44.613,1419,1559,1567,1407,1452,1002,1543,1042,1533,1443
2025-06-24 14:32:44.712,1413,1577,1638,1232,1472,912,1355,812,1531,1443
2025-06-24 14:32:44.811,1440,1644,1648,955,1551,803,1113,845,1542,1454
2025-06-24 14:32:44.910,1474,1680,1582,849,1522,528,1057,945,1546,1455
2025-06-24 14:32:45.009,1487,1736,1527,928,1563,247,1200,962,1526,1439
2025-06-24 14:32:45.108,1498,1747,1509,1002,1576,174,1296,1088,1527,1435
2025-06-24 14:32:45.208,1507,1684,1469,1135,1567,331,1260,1307,1520,1435
2025-06-24 14:32:45.308,1509,1600,1454,1305,1621,629,1361,1392,1521,1440
2025-06-24 14:32:45.407,1504,1458,1440,1415,1665,964,1514,1520,1520,1433
2025-06-24 14:32:45.506,1549,1405,1399,1557,1639,1277,1989,1727,1535,1447
2025-06-24 14:32:45.606,1548,1424,1291,1629,1578,1515,2267,1670,1531,1445
2025-06-24 14:32:45.706,1527,1467,1258,1711,1526,1712,1937,1491,1533,1445
2025-06-24 14:32:45.806,1492,1488,1241,1722,1530,1863,1770,1435,1535,1450
2025-06-24 14:32:45.906,1448,1497,957,1891,1589,1903,1637,1457,1525,1451
2025-06-24 14:32:46.006,1425,1547,723,1892,1520,1904,1605,1584,1523,1439
2025-06-24 14:32:46.105,1435,1524,659,1962,1467,1933,1561,1659,1526,1445
2025-06-24 14:32:46.205,1443,1489,691,1965,1488,1923,1438,1301,1527,1451
2025-06-24 14:32:46.305,1461,1479,797,1940,1509,1877,1052,1002,1523,1440
2025-06-24 14:32:46.405,1458,1546,916,1838,1571,1870,1058,1022,1530,1442
2025-06-24 14:32:46.505,1455,1579,1088,1801,1563,1875,1164,1104,1527,1440
2025-06-24 14:32:46.605,1407,1627,1259,1769,1510,1831,1299,1196,1525,1442
2025-06-24 14:32:46.704,1399,1611,1389,1664,1483,1819,1330,1365,1527,1441
2025-06-24 14:32:46.804,1423,1616,1561,1626,1534,1846,1382,1375,1532,1427
2025-06-24 14:32:46.904,1455,1642,1712,1520,1515,1830,1488,1367,1517,1431
2025-06-24 14:32:47.004,1472,1643,1797,1406,1495,1819,2039,1353,1520,1427
2025-06-24 14:32:47.103,1485,1647,1919,1428,1504,1821,2325,1310,1520,1435
2025-06-24 14:32:47.203,1494,1594,2031,1434,1424,1849,2027,1301,1534,1449
2025-06-24 14:32:47.303,1535,1475,2133,1418,1365,1855,1805,1203,1521,1437
2025-06-24 14:32:47.403,1533,1367,2143,1475,1233,1871,1709,979,1526,1435
2025-06-24 14:32:47.507,1551,1359,2083,1482,1193,1935,1665,833,1543,1453
2025-06-24 14:32:47.606,1544,1397,2033,1459,1200,1982,1555,1008,1550,1456
2025-06-24 14:32:47.706,1535,1445,1997,1455,1228,2043,1414,1370,1525,1437
2025-06-24 14:32:47.805,1495,1482,1908,1488,1296,2007,1011,1754,1527,1443
2025-06-24 14:32:47.904,1456,1509,1789,1479,1333,1958,1066,2080,1526,1443
2025-06-24 14:32:48.003,1445,1472,1690,1499,1405,1983,1200,2233,1520,1431
2025-06-24 14:32:48.102,1451,1461,1649,1454,1514,1955,1243,2231,1523,1441
2025-06-24 14:32:48.202,1456,1464,1589,1488,1520,1915,1315,1838,1520,1435
2025-06-24 14:32:48.302,1462,1457,1557,1520,1765,1879,1445,1585,1522,1437
2025-06-24 14:32:48.402,1479,1487,1531,1595,1999,1727,1610,1561,1527,1444
2025-06-24 14:32:48.503,1478,1547,1509,1599,2074,1328,1938,1585,1535,1456
2025-06-24 14:32:48.598,1425,1628,1483,1568,1968,944,2334,1595,1532,1440
2025-06-24 14:32:48.698,1402,1680,1479,1549,1661,704,2160,1535,1531,1450
2025-06-24 14:32:48.797,1424,1743,1477,1612,1472,562,1831,1472,1527,1441
2025-06-24 14:32:48.897,1457,1743,1488,1584,1297,528,1632,1462,1530,1443
2025-06-24 14:32:48.997,1494,1723,1471,1600,1227,657,1586,1392,1530,1446
2025-06-24 14:32:49.097,1513,1659,1487,1631,1249,882,1555,1158,1523,1443
2025-06-24 14:32:49.197,1525,1549,1458,1602,1285,1168,1547,1050,1527,1451
2025-06-24 14:32:49.296,1554,1463,1440,1527,1279,1456,1168,893,1529,1439
2025-06-24 14:32:49.396,1569,1455,1446,1408,1298,1613,1111,762,1520,1422
2025-06-24 14:32:49.496,1600,1480,1438,1137,1298,1591,1110,748,1533,1446
2025-06-24 14:32:49.596,1605,1498,1443,907,1338,1570,1245,1079,1529,1442
2025-06-24 14:32:49.696,1601,1488,1443,809,1441,1685,1297,1439,1523,1437
2025-06-24 14:32:49.796,1569,1527,1438,878,1519,2028,1378,1743,1519,1425
2025-06-24 14:32:49.896,1525,1535,1422,981,1546,2619,1466,1841,1520,1435
2025-06-24 14:32:49.996,1503,1527,1424,1143,1515,2626,1842,1891,1520,1436
2025-06-24 14:32:50.096,1473,1520,1443,1312,1623,2217,2256,1619,1531,1447
2025-06-24 14:32:50.196,1445,1502,1457,1456,1667,1673,2071,1501,1541,1454
2025-06-24 14:32:50.295,1431,1502,1478,1553,1633,1010,1744,1486,1532,1445
2025-06-24 14:32:50.395,1421,1525,1497,1606,1646,412,1654,1493,1525,1438
2025-06-24 14:32:50.495,1410,1548,1467,1706,1610,61,1569,1520,1520,1431
2025-06-24 14:32:50.595,1379,1567,1492,1821,1506,99,1489,1508,1523,1433
2025-06-24 14:32:50.694,1376,1584,1518,1883,1488,464,1488,1585,1520,1437
2025-06-24 14:32:50.794,1411,1609,1494,1977,1456,885,1213,1670,1525,1437
2025-06-24 14:32:50.894,1415,1609,1473,2039,1483,1181,1109,1649,1515,1435
2025-06-24 14:32:50.993,1465,1580,1497,2025,1590,1515,1198,1683,1531,1444
2025-06-24 14:32:51.093,1474,1506,1526,2001,1594,1791,1215,1615,1527,1441
2025-06-24 14:32:51.193,1486,1427,1511,1887,1566,2030,1258,1363,1526,1442
2025-06-24 14:32:51.293,1470,1396,1559,1774,1535,2247,1347,1034,1531,1446
2025-06-24 14:32:51.393,1471,1425,1503,1601,1488,2285,1509,1067,1533,1453
2025-06-24 14:32:51.493,1484,1477,1487,1596,1477,2203,1803,1264,1531,1445
2025-06-24 14:32:51.593,1489,1500,1490,1520,1508,2131,2215,1461,1523,1438
2025-06-24 14:32:51.693,1490,1555,1526,1415,1501,2099,2119,1637,1520,1435
2025-06-24 14:32:51.793,1456,1616,1542,1435,1503,2047,1690,1859,1535,1451
2025-06-24 14:32:51.893,1409,1591,1548,1430,1475,2005,1523,2079,1535,1453
2025-06-24 14:32:51.992,1387,1557,1488,1453,1511,1964,1472,2267,1531,1443
2025-06-24 14:32:52.092,1404,1552,1519,1472,1561,1878,1529,2195,1527,1441
2025-06-24 14:32:52.192,1426,1552,1498,1455,1526,1825,1458,2129,1530,1453
2025-06-24 14:32:52.291,1444,1563,1477,1472,1520,1793,1155,1975,1532,1438
2025-06-24 14:32:52.390,1459,1614,1411,1439,1499,1744,1050,1835,1530,1442
2025-06-24 14:32:52.490,1445,1663,1332,1415,1456,1691,1181,1817,1529,1447
2025-06-24 14:32:52.589,1415,1712,1315,1428,1478,1711,1344,1723,1525,1437
2025-06-24 14:32:52.689,1427,1773,1267,1527,1502,1655,1437,1662,1520,1431
2025-06-24 14:32:52.788,1456,1744,1111,1542,1550,1646,1425,1683,1519,1431
2025-06-24 14:32:52.888,1474,1685,861,1519,1542,1625,1458,1787,1520,1430
2025-06-24 14:32:52.987,1486,1629,752,1525,1431,1520,1641,1683,1527,1446
2025-06-24 14:32:53.087,1488,1568,743,1543,1278,1088,2064,1702,1535,1463
2025-06-24 14:32:53.187,1499,1473,833,1570,1200,685,2233,1671,1531,1445
2025-06-24 14:32:53.287,1507,1441,992,1489,1136,452,1937,1471,1525,1440
2025-06-24 14:32:53.386,1520,1461,1234,1571,1161,437,1654,1206,1525,1441
2025-06-24 14:32:53.486,1548,1495,1451,1573,1152,464,1486,1102,1529,1445
2025-06-24 14:32:53.585,1548,1531,1586,1535,1217,587,1499,1180,1526,1444
2025-06-24 14:32:53.685,1550,1553,1747,1559,1315,854,1453,1372,1535,1447
2025-06-24 14:32:53.785,1519,1575,1886,1559,1378,1180,1280,1488,1525,1440
2025-06-24 14:32:53.885,1475,1541,1920,1552,1472,1477,1074,1546,1520,1433
2025-06-24 14:32:53.984,1455,1462,1879,1497,1605,1814,1200,1562,1520,1434
2025-06-24 14:32:54.084,1456,1461,1861,1458,1776,1990,1340,1616,1521,1438
2025-06-24 14:32:54.184,1472,1462,1754,1499,1854,2224,1303,1541,1525,1440
2025-06-24 14:32:54.283,1488,1477,1676,1461,1878,2425,1341,1441,1531,1449
2025-06-24 14:32:54.382,1504,1501,1655,1414,1897,2478,1398,1549,1531,1443
2025-06-24 14:32:54.482,1499,1521,1661,1471,1875,2465,1522,1605,1543,1452
2025-06-24 14:32:54.581,1446,1525,1659,1473,1810,2637,1906,1683,1525,1453
2025-06-24 14:32:54.681,1419,1585,1616,1520,1753,2798,2217,1712,1533,1447
2025-06-24 14:32:54.780,1424,1588,1584,1584,1675,2491,2036,1653,1525,1441
2025-06-24 14:32:54.880,1443,1546,1554,1377,1614,1983,1675,1552,1527,1440
2025-06-24 14:32:54.979,1451,1509,1472,1074,1577,1470,1517,1314,1521,1435
2025-06-24 14:32:55.079,1461,1476,1420,913,1520,831,1521,1377,1520,1430
2025-06-24 14:32:55.179,1479,1431,1363,858,1506,176,1502,1327,1520,1437
2025-06-24 14:32:55.278,1513,1405,1311,944,1429,0,1434,1079,1520,1436
2025-06-24 14:32:55.377,1504,1406,1322,1104,1365,0,1022,843,1525,1440
2025-06-24 14:32:55.477,1543,1487,1341,1247,1344,0,966,847,1542,1452
2025-06-24 14:32:55.576,1583,1535,1358,1345,1344,168,1103,1118,1553,1462
2025-06-24 14:32:55.676,1586,1566,1414,1413,1421,627,1139,1454,1543,1455
2025-06-24 14:32:55.776,1527,1574,1489,1550,1475,1058,1270,1694,1521,1435
2025-06-24 14:32:55.876,1477,1465,1595,1683,1503,1392,1321,1930,1514,1424
2025-06-24 14:32:55.976,1489,1402,1692,1801,1570,1713,1418,1916,1527,1441
2025-06-24 14:32:56.076,1479,1394,1746,1905,1603,1959,1825,1456,1531,1450
2025-06-24 14:32:56.176,1472,1406,1711,1921,1570,1827,2167,1220,1526,1442
2025-06-24 14:32:56.276,1470,1437,1708,1927,1521,1424,2224,1260,1529,1445
2025-06-24 14:32:56.376,1469,1483,1670,1897,1519,1039,1908,1291,1531,1446
2025-06-24 14:32:56.476,1465,1552,1645,1927,1541,799,1664,1325,1526,1443
2025-06-24 14:32:56.576,1406,1602,1611,1934,1498,142,1559,1414,1520,1435
2025-06-24 14:32:56.676,1380,1654,1569,1817,1466,0,1562,1429,1530,1443
2025-06-24 14:32:56.775,1381,1674,1495,1717,1470,0,1474,1479,1530,1427
2025-06-24 14:32:56.875,1408,1605,1455,1600,1446,403,1210,1454,1527,1443
2025-06-24 14:32:56.975,1429,1505,1389,1484,1482,911,1199,1254,1520,1418
2025-06-24 14:32:57.075,1470,1440,1387,1394,1533,1351,1261,1165,1522,1437
2025-06-24 14:32:57.175,1502,1422,1374,1387,1513,1713,1321,1136,1519,1427
2025-06-24 14:32:57.274,1535,1441,1403,1424,1489,2084,1347,1090,1523,1437
2025-06-24 14:32:57.374,1564,1489,1447,1457,1487,2439,1366,1109,1523,1437
2025-06-24 14:32:57.474,1614,1549,1463,1463,1506,2739,1440,1327,1523,1424
2025-06-24 14:32:57.578,1627,1584,1247,1493,1527,2977,1599,1584,1523,1439
2025-06-24 14:32:57.677,1591,1650,895,1567,1569,3286,1926,1753,1525,1439
2025-06-24 14:32:57.776,1524,1591,749,1515,1543,3453,2097,1926,1520,1440
2025-06-24 14:32:57.875,1503,1552,728,1520,1543,3489,1927,1670,1528,1441
2025-06-24 14:32:57.974,1484,1520,802,1520,1564,3330,1609,1249,1530,1446
2025-06-24 14:32:58.073,1472,1527,976,1487,1575,3126,1521,1089,1535,1446
2025-06-24 14:32:58.173,1461,1535,1194,1535,1502,3081,1430,1104,1535,1450
2025-06-24 14:32:58.272,1456,1552,1397,1515,1514,3443,1488,1166,1547,1455
2025-06-24 14:32:58.372,1461,1594,1617,1511,1495,2946,1424,1159,1526,1439
2025-06-24 14:32:58.472,1399,1632,1818,1595,1516,2175,1147,1297,1535,1447
2025-06-24 14:32:58.573,1401,1694,1967,1566,1535,1418,1099,1347,1525,1441
2025-06-24 14:32:58.668,1419,1680,2083,1535,1518,995,1159,1472,1520,1437
2025-06-24 14:32:58.768,1442,1600,2192,1506,1502,742,1187,1487,1526,1435
2025-06-24 14:32:58.867,1471,1488,2314,1545,1482,300,1238,1417,1530,1443
2025-06-24 14:32:58.967,1485,1401,2341,1624,1413,0,1258,1328,1533,1444
2025-06-24 14:32:59.068,1503,1362,2271,1577,1343,0,1370,1138,1522,1443
2025-06-24 14:32:59.168,1520,1394,2158,1542,1269,0,1680,915,1533,1443
2025-06-24 14:32:59.268,1520,1443,2080,1535,1189,297,2134,791,1527,1441
2025-06-24 14:32:59.367,1520,1493,1963,1458,1228,864,2163,1107,1521,1439
2025-06-24 14:32:59.466,1498,1570,1891,1535,1260,1376,1841,1550,1522,1442
2025-06-24 14:32:59.566,1459,1600,1793,1606,1296,1802,1669,1847,1518,1433
2025-06-24 14:32:59.666,1449,1647,1724,1575,1343,2142,1621,1948,1527,1443
2025-06-24 14:32:59.766,1442,1613,1641,1546,1431,2435,1600,1968,1520,1437
2025-06-24 14:32:59.865,1451,1582,1593,1520,1535,2576,1490,1949,1534,1446
2025-06-24 14:32:59.964,1463,1598,1584,1499,1635,1887,1321,1552,1529,1441
2025-06-24 14:33:00.063,1468,1623,1604,1487,1691,1040,1171,1218,1534,1446
2025-06-24 14:33:00.169,1433,1627,1559,1424,1840,953,1072,1123,1532,1441
2025-06-24 14:33:00.263,1424,1619,1582,1488,1884,1258,1082,1155,1523,1436
2025-06-24 14:33:00.363,1439,1606,1627,1522,1894,1651,1057,1172,1520,1437
2025-06-24 14:33:00.463,1458,1648,1637,1520,1775,1968,1066,1172,1523,1440
2025-06-24 14:33:00.562,1486,1669,1680,1487,1715,2170,1047,1106,1522,1446
2025-06-24 14:33:00.662,1491,1629,1715,1505,1726,2305,1153,1184,1529,1443
2025-06-24 14:33:00.761,1516,1546,1679,1493,1680,2446,1662,1318,1543,1453
2025-06-24 14:33:00.860,1549,1423,1626,1514,1611,2652,1984,1264,1542,1456
2025-06-24 14:33:00.960,1571,1374,1561,1563,1609,2832,1877,1304,1533,1456
2025-06-24 14:33:01.060,1597,1394,1474,1552,1566,3014,1711,1071,1531,1433
2025-06-24 14:33:01.160,1607,1423,1391,1461,1535,3184,1659,726,1525,1439
2025-06-24 14:33:01.259,1604,1483,1378,1271,1503,3280,1620,748,1519,1432
2025-06-24 14:33:01.359,1530,1525,1370,1006,1450,3234,1638,1136,1505,1422
2025-06-24 14:33:01.459,1487,1571,1396,893,1481,3022,1649,1669,1522,1455
2025-06-24 14:33:01.559,1446,1599,1378,902,1493,3012,1184,1952,1527,1441
2025-06-24 14:33:01.659,1425,1550,1376,1013,1523,3207,1105,2123,1526,1437
2025-06-24 14:33:01.759,1424,1533,1345,1171,1472,2793,1120,2135,1527,1442
2025-06-24 14:33:01.859,1425,1526,1356,1241,1477,2270,1334,2151,1535,1440
2025-06-24 14:33:01.959,1421,1526,1303,1310,1447,1327,1418,2199,1542,1450
2025-06-24 14:33:02.059,1403,1552,1289,1388,1473,361,1531,1925,1543,1455
2025-06-24 14:33:02.159,1379,1605,1232,1616,1444,0,1660,1607,1521,1441
2025-06-24 14:33:02.258,1402,1630,1180,1772,1481,0,1920,1489,1523,1457
2025-06-24 14:33:02.357,1433,1678,1210,1854,1491,0,2432,1440,1523,1445
2025-06-24 14:33:02.456,1456,1726,1183,1949,1472,192,2385,1502,1526,1439
2025-06-24 14:33:02.556,1474,1687,1168,1984,1485,757,2081,1642,1526,1441
2025-06-24 14:33:02.655,1488,1593,1154,2210,1497,1250,1786,1807,1525,1441
2025-06-24 14:33:02.755,1499,1474,1147,2254,1523,1680,1574,1938,1523,1438
2025-06-24 14:33:02.855,1503,1419,1179,2005,1534,2013,1471,2003,1523,1443
2025-06-24 14:33:02.955,1520,1411,1135,1743,1492,1826,1407,1978,1521,1437
2025-06-24 14:33:03.055,1521,1444,899,1573,1543,1056,1010,1684,1525,1443
2025-06-24 14:33:03.155,1520,1487,750,1379,1519,916,985,1344,1522,1439
2025-06-24 14:33:03.255,1507,1569,686,1331,1518,1136,1152,1139,1531,1445
2025-06-24 14:33:03.355,1472,1625,751,1328,1520,1492,1298,1247,1527,1439
2025-06-24 14:33:03.455,1441,1686,782,1328,1523,1872,1344,1703,1522,1438
2025-06-24 14:33:03.555,1440,1702,925,1392,1549,2091,1392,2081,1519,1438
2025-06-24 14:33:03.655,1443,1634,1089,1457,1552,2177,1529,2321,1517,1437
2025-06-24 14:33:03.755,1456,1593,1227,1491,1570,2330,1809,2438,1520,1456
2025-06-24 14:33:03.854,1458,1566,1368,1520,1586,2498,2244,2503,1520,1435
2025-06-24 14:33:03.954,1446,1571,1533,1475,1519,2672,2251,2455,1533,1445
2025-06-24 14:33:04.054,1407,1595,1677,1525,1521,2769,2013,2421,1535,1453
2025-06-24 14:33:04.154,1406,1592,1776,1556,1546,2837,1835,2031,1533,1453
2025-06-24 14:33:04.254,1425,1601,1876,1547,1514,2825,1678,1690,1534,1447
2025-06-24 14:33:04.353,1455,1653,1961,1520,1463,2762,1616,1601,1523,1436
2025-06-24 14:33:04.452,1488,1553,1970,1523,1499,2611,1563,1559,1533,1442
2025-06-24 14:33:04.552,1491,1459,1904,1546,1543,2898,1173,1569,1526,1443
2025-06-24 14:33:04.652,1499,1363,1845,1522,1564,2992,1109,1623,1524,1441
2025-06-24 14:33:04.752,1514,1296,1798,1519,1607,1639,1184,1567,1521,1435
2025-06-24 14:33:04.851,1527,1275,1770,1551,1519,0,1280,1460,1529,1442
2025-06-24 14:33:04.951,1553,1319,1728,1485,1419,0,1392,1602,1530,1439
2025-06-24 14:33:05.051,1568,1362,1657,1525,1301,0,1478,1387,1526,1437
2025-06-24 14:33:05.151,1552,1417,1562,1603,1261,0,1632,1136,1520,1434
2025-06-24 14:33:05.250,1510,1489,1499,1520,1148,0,1744,1054,1533,1445
2025-06-24 14:33:05.349,1471,1552,1493,1507,1107,99,2224,1360,1526,1442
2025-06-24 14:33:05.449,1453,1555,1454,1505,1135,688,2206,1719,1525,1439
2025-06-24 14:33:05.549,1456,1526,1436,1596,1254,1264,1792,1947,1522,1440
2025-06-24 14:33:05.649,1470,1529,1388,1530,1309,1510,1472,2162,1522,1439
2025-06-24 14:33:05.749,1483,1571,1383,1535,1392,1033,1319,2181,1526,1441
2025-06-24 14:33:05.849,1483,1596,1392,1567,1425,972,1284,2109,1520,1433
2025-06-24 14:33:05.949,1453,1646,1405,1524,1565,1261,1347,1939,1520,1435
2025-06-24 14:33:06.049,1408,1685,1398,1520,1682,1671,1126,1280,1530,1449
2025-06-24 14:33:06.149,1403,1702,1498,1582,1743,1998,944,929,1529,1445
2025-06-24 14:33:06.249,1426,1764,1498,1549,1755,2219,973,941,1527,1445
2025-06-24 14:33:06.348,1457,1758,1470,1474,1715,2287,1074,992,1525,1445
2025-06-24 14:33:06.447,1485,1693,1472,1468,1721,2331,1168,1174,1530,1447
2025-06-24 14:33:06.547,1505,1608,1488,1497,1666,2443,1299,1259,1535,1447
2025-06-24 14:33:06.646,1535,1475,1488,1555,1686,2587,1406,1344,1541,1446
2025-06-24 14:33:06.746,1563,1370,1485,1573,1621,2689,1488,1510,1520,1435
2025-06-24 14:33:06.846,1552,1359,1485,1570,1578,2713,1977,1387,1514,1426
2025-06-24 14:33:06.946,1607,1415,1485,1558,1565,2713,2239,1370,1527,1441
2025-06-24 14:33:07.046,1600,1456,1509,1506,1562,2747,1984,1151,1533,1449
2025-06-24 14:33:07.146,1552,1475,1516,1542,1453,3365,1648,1139,1533,1449
2025-06-24 14:33:07.246,1505,1482,1410,1520,1441,3885,1590,1106,1525,1437
2025-06-24 14:33:07.345,1476,1525,1162,1489,1431,2735,1653,1487,1530,1439
2025-06-24 14:33:07.445,1467,1493,1058,1469,1472,843,1677,1837,1527,1440
2025-06-24 14:33:07.545,1467,1479,1056,1429,1502,0,1472,1935,1535,1445
2025-06-24 14:33:07.649,1465,1491,1131,1456,1477,0,1100,2064,1542,1450
2025-06-24 14:33:07.749,1468,1527,1232,1504,1531,0,1138,2112,1529,1445
2025-06-24 14:33:07.849,1429,1558,1286,1555,1575,0,1226,2117,1534,1454
2025-06-24 14:33:07.948,1410,1603,1431,1613,1641,0,1278,1975,1520,1440
2025-06-24 14:33:08.047,1430,1634,1506,1518,1601,541,1386,1649,1525,1438
2025-06-24 14:33:08.146,1453,1663,1594,1509,1566,1232,1442,1527,1523,1439
2025-06-24 14:33:08.245,1471,1727,1686,1514,1600,1721,1543,1500,1521,1436
2025-06-24 14:33:08.344,1481,1671,1760,1456,1635,1458,1824,1569,1532,1447
2025-06-24 14:33:08.444,1495,1605,1813,1471,1582,1311,2198,1726,1520,1419
2025-06-24 14:33:08.544,1513,1535,1867,1515,1552,1493,2053,1567,1524,1441
2025-06-24 14:33:08.645,1543,1487,1934,1502,1572,1875,1767,1615,1528,1443
2025-06-24 14:33:08.740,1545,1472,2013,1497,1471,2215,1579,1585,1523,1438
2025-06-24 14:33:08.840,1547,1499,2011,1475,1521,2483,1522,1517,1521,1437
2025-06-24 14:33:08.940,1534,1522,1971,1530,1552,2570,1579,1267,1530,1443
2025-06-24 14:33:09.040,1488,1528,1856,1521,1535,2531,1571,895,1523,1439
2025-06-24 14:33:09.140,1452,1553,1792,1523,1547,2563,1259,768,1515,1425
2025-06-24 14:33:09.240,1435,1578,1680,1488,1574,2577,1271,875,1523,1438
2025-06-24 14:33:09.339,1447,1553,1568,1389,1546,2570,1328,1238,1535,1451
2025-06-24 14:33:09.438,1472,1495,1552,1169,1507,2638,1412,1637,1526,1441
2025-06-24 14:33:09.538,1488,1499,1471,1009,1503,2640,1454,1889,1527,1441
2025-06-24 14:33:09.638,1463,1497,1467,913,1506,2838,1501,1999,1533,1446
2025-06-24 14:33:09.738,1451,1510,1520,1002,1535,3207,1546,2032,1525,1441
2025-06-24 14:33:09.838,1467,1514,1572,1129,1507,2839,1646,2032,1549,1450
2025-06-24 14:33:09.937,1491,1519,1637,1287,1530,1613,1690,1666,1534,1444
2025-06-24 14:33:10.037,1518,1577,1691,1683,1483,0,1406,1298,1534,1453
2025-06-24 14:33:10.137,1523,1698,1738,2064,1534,0,976,1106,1546,1455
2025-06-24 14:33:10.237,1526,1727,1693,2171,1535,0,756,1177,1533,1447
2025-06-24 14:33:10.337,1527,1694,1665,2112,1487,0,721,1226,1531,1441
2025-06-24 14:33:10.437,1523,1662,1698,2035,1480,0,746,1195,1521,1436
2025-06-24 14:33:10.537,1546,1605,1658,1971,1526,187,827,1246,1530,1445
2025-06-24 14:33:10.637,1546,1567,1602,1919,1520,912,593,1302,1527,1446
2025-06-24 14:33:10.737,1542,1523,1582,1830,1507,1574,681,1149,1524,1435
2025-06-24 14:33:10.837,1535,1531,1551,1713,1461,1302,799,1161,1520,1440
2025-06-24 14:33:10.936,1526,1564,1463,1472,1427,1152,1105,1136,1522,1439
2025-06-24 14:33:11.036,1486,1572,1447,1266,1423,1487,1450,899,1521,1439
2025-06-24 14:33:11.136,1392,1535,1253,1194,1372,2015,1664,901,1520,1459
2025-06-24 14:33:11.236,1317,1561,962,1136,1355,2493,1965,1075,1520,1435
2025-06-24 14:33:11.335,1251,1505,770,1163,1302,2801,2240,1363,1519,1436
2025-06-24 14:33:11.434,1225,1452,752,1207,1307,2941,2522,1638,1523,1439
2025-06-24 14:33:11.534,1232,1456,781,1179,1259,3084,2613,1870,1525,1447
2025-06-24 14:33:11.634,1259,1424,827,1269,1274,3189,2442,1974,1533,1447
2025-06-24 14:33:11.734,1271,1446,916,1392,1350,3216,2103,2024,1530,1448
2025-06-24 14:33:11.834,1296,1522,1048,1382,1399,3280,1981,1995,1527,1443
2025-06-24 14:33:11.933,1332,1637,1156,1403,1520,3184,1904,1680,1526,1441
2025-06-24 14:33:12.033,1392,1685,1244,1488,1600,3249,1758,1411,1520,1441
2025-06-24 14:33:12.133,1425,1712,1445,1587,1664,3794,1658,1404,1519,1430
2025-06-24 14:33:12.233,1447,1651,1607,1614,1671,3623,1373,1488,1523,1437
2025-06-24 14:33:12.333,1438,1535,1691,1619,1703,2647,1314,1593,1515,1426
2025-06-24 14:33:12.432,1477,1508,1847,1650,1694,1063,1377,1616,1523,1439
2025-06-24 14:33:12.532,1495,1441,1934,1643,1680,0,1390,1520,1542,1450
2025-06-24 14:33:12.631,1530,1444,2000,1629,1612,0,1369,1517,1546,1454
2025-06-24 14:33:12.731,1552,1552,2101,1534,1599,0,1417,1507,1542,1455
2025-06-24 14:33:12.830,1566,1584,2032,1602,1623,0,1392,1499,1530,1450
2025-06-24 14:33:12.929,1565,1600,1936,1618,1653,148,1723,1409,1532,1437
2025-06-24 14:33:13.029,1579,1577,1829,1598,1581,723,2161,1255,1522,1437
2025-06-24 14:33:13.129,1563,1552,1680,1579,1598,1360,2128,1174,1521,1439
2025-06-24 14:33:13.229,1499,1502,1589,1610,1545,1276,1776,1434,1527,1439
2025-06-24 14:33:13.329,1467,1425,1501,1629,1447,1034,1612,1884,1530,1455
2025-06-24 14:33:13.428,1461,1383,1470,1616,1456,1295,1671,2107,1523,1440
2025-06-24 14:33:13.528,1472,1347,1552,1567,1408,1821,1552,2287,1520,1437
2025-06-24 14:33:13.628,1478,1358,1687,1489,1471,2311,1552,2347,1525,1443
2025-06-24 14:33:13.728,1485,1395,1776,1486,1485,2530,1157,2410,1529,1445
2025-06-24 14:33:13.828,1483,1426,1891,1520,1535,2662,923,2405,1531,1445
2025-06-24 14:33:13.928,1430,1502,1906,1543,1520,2752,912,2240,1523,1438
2025-06-24 14:33:14.028,1419,1596,1905,1488,1550,2899,979,1887,1529,1441
2025-06-24 14:33:14.128,1438,1638,1855,1402,1563,2962,1181,1683,1529,1440
2025-06-24 14:33:14.228,1466,1600,1791,1449,1511,3040,1270,1606,1523,1440
2025-06-24 14:33:14.327,1485,1535,1799,1488,1439,3098,1419,1506,1533,1446
2025-06-24 14:33:14.426,1491,1431,1827,1562,1414,3279,1684,1501,1527,1442
2025-06-24 14:33:14.526,1506,1362,1856,1514,1503,3904,2113,1478,1535,1454
2025-06-24 14:33:14.626,1519,1359,1819,1528,1552,3226,2215,1516,1535,1447
2025-06-24 14:33:14.726,1535,1399,1660,1579,1520,2045,1872,1421,1533,1447
2025-06-24 14:33:14.826,1584,1438,1273,1520,1498,369,1698,1223,1530,1442
2025-06-24 14:33:14.925,1617,1453,1046,1520,1507,0,1629,1147,1526,1439
2025-06-24 14:33:15.025,1623,1475,921,1499,1546,0,1646,885,1520,1431
2025-06-24 14:33:15.125,1583,1491,926,1483,1519,0,1586,682,1523,1431
2025-06-24 14:33:15.225,1527,1481,1008,1521,1483,0,1406,786,1531,1445
2025-06-24 14:33:15.325,1499,1454,1105,1472,1470,103,1102,1053,1520,1439
2025-06-24 14:33:15.424,1489,1419,1161,1462,1484,630,1050,1307,1522,1439
2025-06-24 14:33:15.524,1489,1453,1281,1455,1533,887,1119,1637,1529,1450
2025-06-24 14:33:15.624,1505,1490,1386,1518,1542,498,1280,1743,1522,1439
2025-06-24 14:33:15.724,1509,1533,1505,1574,1533,521,1457,1808,1521,1431
2025-06-24 14:33:15.824,1488,1589,1680,1555,1527,906,1599,1799,1526,1443
2025-06-24 14:33:15.923,1418,1635,1855,1488,1534,1462,1703,1595,1520,1438
2025-06-24 14:33:16.023,1392,1712,1997,1483,1557,1923,1970,1359,1511,1425
2025-06-24 14:33:16.123,1408,1747,2112,1454,1520,2192,2231,1375,1519,1434
2025-06-24 14:33:16.223,1423,1689,2154,1481,1567,2368,1985,1353,1521,1435
2025-06-24 14:33:16.323,1430,1574,2201,1571,1519,2575,1713,1340,1521,1440
2025-06-24 14:33:16.423,1454,1469,2203,1565,1514,2774,1664,1284,1543,1456
2025-06-24 14:33:16.523,1488,1467,2055,1552,1545,2944,1623,1299,1535,1448
2025-06-24 14:33:16.623,1531,1549,1998,1550,1530,3137,1603,1317,1523,1436
2025-06-24 14:33:16.723,1566,1651,1858,1519,1519,3376,1435,1245,1524,1439
2025-06-24 14:33:16.823,1602,1730,1680,1447,1524,4095,1117,1240,1530,1441
2025-06-24 14:33:16.922,1654,1801,1569,1361,1503,4095,1041,1319,1533,1445
2025-06-24 14:33:17.022,1633,1827,1466,1278,1522,3126,1072,1257,1525,1438
2025-06-24 14:33:17.122,1582,1842,1440,1296,1613,1390,1201,1143,1522,1435
2025-06-24 14:33:17.222,1549,1770,1484,1329,1574,0,1287,1167,1531,1441
2025-06-24 14:33:17.322,1520,1691,1469,1375,1520,0,1424,1328,1534,1448
2025-06-24 14:33:17.421,1520,1619,1476,1482,1438,0,1523,1623,1545,1451
2025-06-24 14:33:17.521,1516,1605,1361,1514,1391,0,1820,1851,1535,1470
2025-06-24 14:33:17.621,1501,1590,1293,1522,1343,95,2231,1939,1523,1441
2025-06-24 14:33:17.725,1483,1585,1245,1645,1321,731,2080,2001,1529,1440
2025-06-24 14:33:17.825,1390,1571,1217,1635,1306,741,1770,1963,1517,1427
2025-06-24 14:33:17.925,1358,1597,1104,1597,1345,226,1691,1751,1525,1443
2025-06-24 14:33:18.024,1363,1600,842,1617,1410,81,1650,1387,1527,1441
2025-06-24 14:33:18.124,1386,1510,599,1626,1482,327,1530,1264,1526,1440
2025-06-24 14:33:18.223,1414,1446,463,1517,1520,756,1515,1151,1527,1439
2025-06-24 14:33:18.322,1467,1341,412,1104,1563,1065,1088,1143,1520,1434
2025-06-24 14:33:18.421,1510,1275,431,793,1561,1179,869,1210,1523,1438
2025-06-24 14:33:18.521,1558,1307,573,785,1595,1389,905,1232,1518,1431
2025-06-24 14:33:18.621,1584,1392,705,802,1609,1678,1052,1259,1529,1441
2025-06-24 14:33:18.722,1600,1391,865,978,1616,2112,1145,1240,1525,1440
2025-06-24 14:33:18.817,1611,1452,1008,1203,1587,2608,1287,1184,1530,1444
2025-06-24 14:33:18.917,1563,1454,1207,1333,1584,2956,1585,1279,1523,1442
2025-06-24 14:33:19.016,1499,1472,1407,1499,1555,3027,1749,1219,1524,1442
2025-06-24 14:33:19.116,1467,1495,1645,1676,1493,3659,2058,982,1533,1451
2025-06-24 14:33:19.216,1455,1501,1841,1808,1481,4095,2062,927,1521,1439
2025-06-24 14:33:19.316,1439,1447,1999,1936,1517,3600,1760,1109,1520,1439
2025-06-24 14:33:19.415,1435,1497,2096,2000,1565,1585,1571,1298,1531,1443
2025-06-24 14:33:19.514,1424,1617,2129,2011,1579,0,1561,1591,1542,1439
2025-06-24 14:33:19.614,1385,1639,2160,1965,1555,0,1473,1744,1534,1445
2025-06-24 14:33:19.713,1392,1505,2158,2130,1524,0,1499,1827,1529,1441
2025-06-24 14:33:19.813,1421,1330,2003,2228,1439,0,1104,1840,1526,1441
2025-06-24 14:33:19.912,1446,1375,1807,2231,1286,0,1016,1751,1535,1449
2025-06-24 14:33:20.011,1469,1443,1654,2153,1280,165,1190,1431,1530,1442
2025-06-24 14:33:20.111,1483,1475,1548,1978,1248,27,1296,1190,1525,1447
2025-06-24 14:33:20.211,1489,1458,1522,1825,1186,0,1280,1137,1534,1450
2025-06-24 14:33:20.311,1488,1413,1491,1664,1303,207,1401,1069,1523,1437
2025-06-24 14:33:20.411,1488,1366,1525,1615,1299,896,1670,1075,1522,1438
2025-06-24 14:33:20.511,1509,1397,1565,1570,1289,1875,1831,1175,1525,1447
2025-06-24 14:33:20.610,1529,1429,1569,1423,1341,2423,2124,1233,1521,1438
2025-06-24 14:33:20.710,1521,1504,1544,1383,1344,2742,2190,1085,1518,1429
2025-06-24 14:33:20.810,1471,1552,1495,1395,1408,3041,1938,1008,1515,1430
2025-06-24 14:33:20.909,1455,1557,1511,1411,1404,3264,1746,1141,1516,1429
2025-06-24 14:33:21.008,1447,1584,1525,1369,1418,3375,1618,1072,1511,1424
2025-06-24 14:33:21.108,1456,1531,1590,1415,1435,3333,1552,907,1526,1438
2025-06-24 14:33:21.208,1449,1542,1611,1422,1490,3255,1446,957,1547,1456
2025-06-24 14:33:21.308,1424,1554,1344,1505,1485,3238,1221,1216,1549,1477
2025-06-24 14:33:21.407,1389,1629,963,1472,1531,4095,1208,1673,1535,1450
2025-06-24 14:33:21.506,1396,1675,782,1491,1542,4095,1223,1916,1523,1441
2025-06-24 14:33:21.606,1424,1680,757,1472,1533,2765,1205,2118,1533,1462
2025-06-24 14:33:21.706,1451,1634,824,1463,1519,874,1321,2256,1532,1445
2025-06-24 14:33:21.805,1467,1637,943,1509,1507,0,1479,2230,1523,1435
2025-06-24 14:33:21.904,1474,1695,1067,1505,1518,0,1525,1808,1527,1443
2025-06-24 14:33:22.003,1486,1657,1222,1502,1529,0,1734,1648,1535,1449
2025-06-24 14:33:22.103,1499,1569,1392,1523,1500,348,2019,1696,1535,1452
2025-06-24 14:33:22.203,1488,1463,1551,1563,1489,891,2067,1650,1535,1456
2025-06-24 14:33:22.303,1491,1399,1659,1487,1505,981,1744,1680,1520,1435
2025-06-24 14:33:22.403,1498,1410,1831,1456,1585,816,1562,1742,1521,1445
2025-06-24 14:33:22.503,1507,1498,2019,1283,1520,1246,1601,1747,1523,1433
2025-06-24 14:33:22.603,1499,1517,2127,1197,1495,1922,1616,1695,1520,1431
2025-06-24 14:33:22.703,1446,1535,2151,1049,1535,2555,1575,1655,1521,1435
2025-06-24 14:33:22.802,1426,1563,2119,915,1560,3025,1429,1518,1520,1431
2025-06-24 14:33:22.901,1424,1599,2097,944,1549,3344,1379,1357,1524,1438
2025-06-24 14:33:22.999,1429,1591,2030,1029,1526,3559,1326,1197,1535,1447
2025-06-24 14:33:23.101,1442,1552,1846,1137,1469,3523,1216,1053,1535,1457
2025-06-24 14:33:23.201,1453,1509,1642,1259,1497,3439,1202,1197,1535,1450
2025-06-24 14:33:23.301,1425,1511,1488,1346,1519,3495,1328,1587,1534,1447
2025-06-24 14:33:23.401,1396,1533,1345,1417,1488,3391,1408,1956,1522,1439
2025-06-24 14:33:23.501,1439,1573,1297,1542,1504,3439,1617,2256,1531,1445
2025-06-24 14:33:23.601,1472,1582,1264,1661,1507,4057,1971,2207,1529,1449
2025-06-24 14:33:23.701,1489,1600,1211,1728,1409,3327,2043,2112,1525,1439
2025-06-24 14:33:23.800,1495,1659,1168,1787,1445,2219,1781,1702,1530,1445
2025-06-24 14:33:23.900,1506,1701,1178,1866,1533,601,1622,1439,1529,1444
2025-06-24 14:33:23.999,1525,1620,1179,1932,1634,0,1491,1437,1522,1437
2025-06-24 14:33:24.099,1513,1521,1174,2013,1490,0,1455,1424,1525,1435
2025-06-24 14:33:24.199,1516,1417,1220,1979,1447,0,1407,1447,1527,1442
2025-06-24 14:33:24.299,1521,1347,1206,1945,1392,0,1234,1410,1525,1437
2025-06-24 14:33:24.398,1520,1330,1105,1836,1450,224,1050,1414,1521,1433
2025-06-24 14:33:24.497,1519,1389,691,1748,1469,384,1030,1406,1515,1427
2025-06-24 14:33:24.597,1493,1438,416,1649,1485,0,1206,1490,1526,1442
2025-06-24 14:33:24.697,1446,1483,256,1552,1501,53,1339,1322,1530,1439
2025-06-24 14:33:24.796,1410,1437,304,1419,1456,579,1458,1206,1523,1437
2025-06-24 14:33:24.896,1408,1590,412,1374,1433,1282,1599,1053,1535,1447
2025-06-24 14:33:24.996,1425,1665,613,1381,1424,1843,1687,864,1530,1445
2025-06-24 14:33:25.096,1457,1552,859,1424,1459,2195,1959,976,1522,1455
2025-06-24 14:33:25.196,1483,1552,1131,1488,1486,2531,2210,1392,1523,1442
2025-06-24 14:33:25.296,1462,1551,1438,1489,1523,2757,2115,1695,1531,1446
2025-06-24 14:33:25.395,1422,1474,1737,1475,1561,2894,1886,1898,1526,1445
2025-06-24 14:33:25.494,1428,1377,2069,1475,1593,2992,1755,1994,1531,1452
2025-06-24 14:33:25.594,1461,1375,2279,1498,1603,3133,1669,2013,1525,1443
2025-06-24 14:33:25.694,1485,1424,2490,1488,1523,3253,1606,1707,1529,1442
2025-06-24 14:33:25.793,1485,1487,2582,1391,1424,4095,1490,1473,1520,1433
2025-06-24 14:33:25.893,1486,1467,2559,1475,1456,4095,1147,1367,1522,1437
2025-06-24 14:33:25.993,1488,1486,2479,1553,1491,3119,1033,1361,1528,1443
2025-06-24 14:33:26.093,1488,1445,2429,1571,1565,1281,1061,1364,1520,1435
2025-06-24 14:33:26.193,1500,1330,2294,1567,1643,0,1086,1450,1533,1443
2025-06-24 14:33:26.293,1518,1310,2106,1534,1717,0,1197,1479,1531,1450
2025-06-24 14:33:26.392,1520,1379,1840,1543,1795,0,1360,1552,1547,1454
2025-06-24 14:33:26.492,1532,1462,1491,1597,1808,0,1520,1487,1543,1456
2025-06-24 14:33:26.592,1525,1501,1221,1456,1825,257,1808,1355,1527,1447
2025-06-24 14:33:26.692,1485,1533,1065,1169,1809,478,2160,1392,1533,1450
2025-06-24 14:33:26.792,1439,1561,990,944,1793,0,2127,1331,1527,1442
2025-06-24 14:33:26.892,1417,1511,928,834,1729,80,1934,1371,1543,1454
2025-06-24 14:33:26.991,1427,1467,970,793,1712,629,1690,1500,1520,1437
2025-06-24 14:33:27.091,1433,1442,1051,975,1713,1349,1589,1739,1509,1429
2025-06-24 14:33:27.191,1439,1424,1143,1173,1633,1951,1639,1954,1515,1427
2025-06-24 14:33:27.291,1426,1437,1216,1296,1566,2285,1627,2109,1520,1435
2025-06-24 14:33:27.391,1393,1422,1332,1424,1595,2515,1331,2179,1519,1434
2025-06-24 14:33:27.490,1387,1461,1363,1479,1548,2732,1133,1947,1521,1441
2025-06-24 14:33:27.590,1408,1558,1065,1678,1615,2893,1152,1573,1544,1456
2025-06-24 14:33:27.690,1441,1631,786,1809,1601,3068,1148,1355,1535,1453
2025-06-24 14:33:27.793,1472,1710,781,1904,1574,3326,1149,1328,1526,1442
2025-06-24 14:33:27.892,1483,1694,959,1923,1520,3557,1225,1307,1521,1437
2025-06-24 14:33:27.992,1489,1616,1166,1937,1549,4095,1478,1271,1516,1426
2025-06-24 14:33:28.091,1508,1473,1366,1974,1535,4095,1675,1279,1520,1442
2025-06-24 14:33:28.190,1515,1447,1578,1998,1506,3195,2022,1328,1523,1437
2025-06-24 14:33:28.290,1525,1488,1721,1986,1437,1408,2122,1326,1542,1450
2025-06-24 14:33:28.389,1552,1495,1865,1918,1440,0,1834,1362,1535,1449
2025-06-24 14:33:28.488,1575,1547,1970,1823,1427,0,1581,1239,1524,1435
2025-06-24 14:33:28.588,1557,1571,2092,1679,1391,0,1520,1294,1534,1445
2025-06-24 14:33:28.688,1516,1617,2140,1603,1391,241,1584,1197,1532,1444
2025-06-24 14:33:28.789,1480,1604,2144,1489,1389,736,1557,1105,1520,1437
2025-06-24 14:33:28.884,1457,1553,2145,1425,1350,829,1230,1103,1525,1439
2025-06-24 14:33:28.984,1437,1504,2096,1389,1303,255,1057,1328,1526,1435
2025-06-24 14:33:29.084,1465,1520,2115,1383,1358,301,961,1524,1533,1454
2025-06-24 14:33:29.184,1475,1543,2151,1413,1393,785,1170,1643,1531,1450
2025-06-24 14:33:29.284,1478,1575,2032,1454,1414,1456,1219,1780,1523,1440
2025-06-24 14:33:29.384,1407,1609,1767,1531,1391,2019,1406,1600,1520,1438
2025-06-24 14:33:29.483,1384,1648,1558,1490,1419,2221,1548,1487,1531,1443
2025-06-24 14:33:29.582,1398,1683,1493,1520,1515,2425,1682,1477,1525,1441
2025-06-24 14:33:29.682,1433,1754,1470,1535,1549,2727,2067,1378,1522,1439
2025-06-24 14:33:29.782,1457,1744,1466,1450,1462,2974,2263,1396,1520,1439
2025-06-24 14:33:29.882,1472,1692,1494,1439,1492,3216,1995,1493,1525,1439
2025-06-24 14:33:29.982,1491,1566,1529,1491,1476,3412,1719,1488,1523,1438
2025-06-24 14:33:30.081,1517,1503,1565,1488,1459,3589,1685,1502,1526,1438
2025-06-24 14:33:30.181,1555,1545,1547,1503,1456,4095,1617,1452,1530,1443
2025-06-24 14:33:30.281,1553,1619,1489,1525,1488,4095,1487,1488,1531,1446
2025-06-24 14:33:30.381,1588,1637,1205,1566,1505,3066,1084,1355,1527,1442
2025-06-24 14:33:30.480,1648,1669,916,1570,1472,1126,817,1207,1533,1445
2025-06-24 14:33:30.579,1616,1719,871,1588,1474,0,878,1056,1532,1445
2025-06-24 14:33:30.679,1556,1744,963,1584,1459,0,993,730,1529,1442
2025-06-24 14:33:30.779,1535,1678,1146,1595,1450,0,1127,732,1523,1431
2025-06-24 14:33:30.879,1495,1664,1287,1509,1477,305,1279,1139,1522,1437
2025-06-24 14:33:30.979,1491,1610,1454,1353,1431,857,1453,1570,1523,1440
2025-06-24 14:33:31.079,1489,1621,1587,1147,1408,417,1635,1856,1523,1443
2025-06-24 14:33:31.179,1509,1600,1728,957,1375,64,1978,1999,1527,1442
2025-06-24 14:33:31.279,1471,1602,1855,939,1321,343,2236,2070,1524,1443
2025-06-24 14:33:31.378,1408,1607,1805,953,1401,885,1872,1872,1529,1440
2025-06-24 14:33:31.477,1379,1651,1655,1043,1397,1440,1643,1753,1534,1443
2025-06-24 14:33:31.576,1407,1709,1643,1242,1435,1808,1707,1765,1531,1449
2025-06-24 14:33:31.675,1428,1696,1648,1292,1454,2131,1693,1705,1535,1453
2025-06-24 14:33:31.775,1461,1622,1687,1407,1388,2275,1630,1698,1521,1438
2025-06-24 14:33:31.874,1488,1488,1729,1545,1439,2471,1365,1717,1535,1451
2025-06-24 14:33:31.974,1520,1360,1730,1659,1476,2911,1147,1846,1527,1439
2025-06-24 14:33:32.073,1535,1346,1956,1803,1496,3437,1255,1947,1524,1440
2025-06-24 14:33:32.173,1554,1379,2096,1888,1541,3957,1327,1991,1522,1437
2025-06-24 14:33:32.273,1574,1419,1857,1974,1595,4095,1401,1745,1523,1440
2025-06-24 14:33:32.373,1590,1488,1609,2055,1616,4095,1329,1453,1526,1439
2025-06-24 14:33:32.472,1553,1441,1595,2000,1604,4085,1430,1168,1522,1437
2025-06-24 14:33:32.571,1489,1355,1557,1920,1642,2032,1502,835,1520,1436
2025-06-24 14:33:32.671,1455,1294,1530,1925,1709,141,1883,705,1529,1442
2025-06-24 14:33:32.770,1429,1311,1467,1906,1646,0,2223,912,1535,1444
2025-06-24 14:33:32.870,1424,1313,1341,1813,1584,0,2036,1566,1528,1443
2025-06-24 14:33:32.970,1424,1360,1107,1626,1625,65,1788,1937,1522,1441
2025-06-24 14:33:33.070,1429,1419,942,1474,1611,506,1581,2119,1528,1443
2025-06-24 14:33:33.170,1381,1474,863,1475,1603,125,1483,2183,1528,1439
2025-06-24 14:33:33.270,1359,1584,623,1473,1547,0,1522,2176,1534,1456
2025-06-24 14:33:33.369,1383,1654,320,1406,1455,0,1442,1875,1531,1443
2025-06-24 14:33:33.468,1426,1696,263,1459,1472,202,1129,1641,1527,1443
2025-06-24 14:33:33.567,1457,1659,396,1477,1481,788,1077,1547,1519,1429
2025-06-24 14:33:33.667,1481,1616,660,1454,1473,1136,1194,1440,1522,1441
2025-06-24 14:33:33.767,1520,1524,922,1510,1485,1381,1299,1427,1526,1441
2025-06-24 14:33:33.867,1548,1467,1167,1472,1483,1666,1290,1417,1534,1458
2025-06-24 14:33:33.967,1553,1515,1392,1509,1456,1973,1437,1545,1526,1441
2025-06-24 14:33:34.067,1567,1520,1473,1456,1427,2234,1386,1547,1520,1437
2025-06-24 14:33:34.167,1563,1603,1703,1502,1510,2639,1731,1708,1524,1442
2025-06-24 14:33:34.267,1583,1616,1808,1467,1470,2990,2039,1591,1525,1442
2025-06-24 14:33:34.367,1513,1648,2030,1518,1577,3899,2199,1519,1518,1425
2025-06-24 14:33:34.467,1456,1595,2187,1581,1572,4095,1923,1181,1505,1424
2025-06-24 14:33:34.567,1457,1578,2338,1623,1622,3870,1682,928,1521,1444
2025-06-24 14:33:34.667,1450,1573,2367,1637,1663,1745,1492,815,1534,1450
2025-06-24 14:33:34.767,1450,1567,2277,1581,1677,0,1488,1150,1542,1447
2025-06-24 14:33:34.867,1441,1600,2119,1520,1617,0,1450,1595,1535,1450
2025-06-24 14:33:34.967,1426,1601,2095,1530,1573,0,1119,1808,1542,1465
2025-06-24 14:33:35.066,1387,1617,2151,1488,1542,5,1019,1904,1526,1443
2025-06-24 14:33:35.166,1389,1611,1883,1520,1574,432,1054,1958,1523,1438
2025-06-24 14:33:35.266,1414,1602,1680,1524,1581,0,1042,2014,1523,1436
2025-06-24 14:33:35.366,1440,1595,1647,1529,1605,0,1125,1949,1527,1442
2025-06-24 14:33:35.466,1458,1586,1665,1472,1499,0,1241,1616,1527,1445
2025-06-24 14:33:35.565,1477,1519,1663,1232,1507,198,1469,1546,1533,1444
2025-06-24 14:33:35.665,1494,1392,1660,1015,1520,891,1686,1488,1525,1442
2025-06-24 14:33:35.765,1501,1379,1658,909,1520,1488,2115,1513,1524,1443
2025-06-24 14:33:35.865,1501,1424,1669,899,1488,2036,2227,1491,1525,1442
2025-06-24 14:33:35.965,1541,1474,1657,967,1488,2529,1913,1488,1520,1430
2025-06-24 14:33:36.064,1509,1492,1365,1085,1456,2865,1713,1507,1527,1440
2025-06-24 14:33:36.164,1501,1547,896,1203,1443,3251,1632,1585,1531,1449
2025-06-24 14:33:36.264,1461,1506,626,1323,1479,3812,1675,1602,1531,1449
2025-06-24 14:33:36.363,1417,1466,592,1475,1472,4095,1615,1574,1521,1437
2025-06-24 14:33:36.463,1406,1447,753,1583,1472,4095,1039,1299,1520,1431
2025-06-24 14:33:36.563,1408,1447,912,1734,1504,4095,848,962,1527,1441
2025-06-24 14:33:36.663,1422,1466,1072,1843,1520,3935,876,701,1534,1443
2025-06-24 14:33:36.763,1432,1489,1274,1962,1466,1558,979,954,1527,1441
2025-06-24 14:33:36.863,1437,1535,1399,1943,1315,0,1235,1443,1524,1437
2025-06-24 14:33:36.962,1405,1583,1599,1979,1167,0,1397,1623,1535,1446
2025-06-24 14:33:37.061,1413,1614,1776,1840,1194,0,1476,1786,1527,1441
2025-06-24 14:33:37.161,1439,1711,2000,1757,1303,96,1671,1825,1535,1447
2025-06-24 14:33:37.261,1474,1712,2202,1840,1395,462,2031,1812,1519,1434
2025-06-24 14:33:37.360,1501,1648,2325,1853,1387,0,2224,1736,1520,1435
2025-06-24 14:33:37.460,1520,1511,2347,1706,1402,0,1904,1616,1530,1443
2025-06-24 14:33:37.559,1545,1412,2352,1584,1418,754,1703,1313,1531,1443
2025-06-24 14:33:37.659,1556,1424,2504,1504,1456,892,1647,1290,1532,1454
2025-06-24 14:33:37.758,1575,1474,2633,1471,1488,29,1654,1218,1523,1439
2025-06-24 14:33:37.862,1593,1511,2241,1414,1529,0,1682,1198,1521,1440
2025-06-24 14:33:37.961,1600,1513,1813,1447,1483,0,1367,1296,1527,1442
2025-06-24 14:33:38.061,1600,1557,1598,1434,1503,0,1199,1407,1527,1441
2025-06-24 14:33:38.161,1583,1506,1488,1405,1503,668,1140,1551,1529,1439
2025-06-24 14:33:38.260,1535,1456,1472,1490,1569,1660,1168,1596,1525,1438
2025-06-24 14:33:38.359,1505,1424,1395,1517,1619,2709,1214,1581,1520,1435
2025-06-24 14:33:38.458,1490,1406,1339,1518,1630,4010,1379,1616,1520,1432
2025-06-24 14:33:38.557,1477,1429,1276,1495,1635,4095,1564,1413,1529,1445
2025-06-24 14:33:38.657,1477,1489,1202,1447,1716,4095,1703,1136,1527,1443
2025-06-24 14:33:38.757,1462,1575,695,1424,1749,4089,2064,1027,1533,1449
2025-06-24 14:33:38.858,1411,1623,220,1462,1781,2114,2275,1223,1535,1449
2025-06-24 14:33:38.953,1397,1647,64,1509,1734,864,2015,1572,1531,1441
2025-06-24 14:33:39.053,1415,1764,208,1509,1635,742,1822,1765,1521,1439
2025-06-24 14:33:39.152,1433,1811,436,1471,1617,1149,1783,1878,1520,1441
2025-06-24 14:33:39.252,1449,1781,719,1519,1559,1525,1733,1904,1531,1445
2025-06-24 14:33:39.351,1459,1648,970,1594,1456,1275,1651,1936,1529,1443
2025-06-24 14:33:39.451,1466,1503,1301,1568,1481,517,1183,1917,1533,1443
2025-06-24 14:33:39.551,1472,1468,1549,1541,1502,490,944,1801,1533,1450
2025-06-24 14:33:39.650,1475,1456,1734,1571,1469,763,1090,1547,1530,1446
2025-06-24 14:33:39.750,1474,1491,1940,1611,1474,1190,1189,1242,1527,1442
2025-06-24 14:33:39.850,1470,1535,2097,1595,1453,1437,1335,1051,1520,1440
2025-06-24 14:33:39.950,1471,1584,2239,1535,1435,1597,1283,999,1521,1439
2025-06-24 14:33:40.050,1451,1617,2291,1488,1416,1734,1328,1011,1517,1426
2025-06-24 14:33:40.150,1471,1568,2337,1377,1409,1847,1470,1136,1526,1442
2025-06-24 14:33:40.250,1433,1488,2358,1200,1399,1986,1879,1367,1523,1437
2025-06-24 14:33:40.350,1404,1472,2363,955,1413,2288,2194,1505,1525,1443
2025-06-24 14:33:40.450,1394,1488,2126,891,1417,2576,2038,1790,1533,1445
2025-06-24 14:33:40.549,1421,1524,1889,976,1411,2822,1799,2000,1541,1454
2025-06-24 14:33:40.648,1435,1578,1758,1014,1371,3456,1746,1648,1526,1442
2025-06-24 14:33:40.748,1449,1599,1677,1108,1437,4095,1659,1373,1526,1435
2025-06-24 14:33:40.848,1429,1651,1569,1295,1488,2141,1600,1255,1525,1438
2025-06-24 14:33:40.948,1412,1750,1488,1404,1488,307,1238,1388,1522,1435
2025-06-24 14:33:41.047,1415,1809,1433,1501,1520,0,913,1683,1532,1441
2025-06-24 14:33:41.147,1435,1779,1343,1619,1571,0,862,1909,1527,1441
2025-06-24 14:33:41.246,1481,1761,883,1761,1518,306,966,2059,1533,1450
2025-06-24 14:33:41.345,1473,1633,546,1842,1450,874,1175,2128,1534,1458
2025-06-24 14:33:41.445,1489,1579,436,1937,1439,388,1240,2022,1526,1447
2025-06-24 14:33:41.545,1495,1572,587,2017,1418,0,1318,1954,1544,1455
2025-06-24 14:33:41.645,1500,1563,770,1954,1451,144,1495,1978,1531,1445
2025-06-24 14:33:41.745,1529,1569,972,1869,1454,727,1903,1830,1520,1435
2025-06-24 14:33:41.845,1572,1530,1152,1888,1435,1445,2209,1515,1519,1433
2025-06-24 14:33:41.945,1585,1503,1328,1995,1430,1871,2073,1385,1520,1431
2025-06-24 14:33:42.045,1584,1498,1468,1906,1491,2111,1714,1503,1520,1434
2025-06-24 14:33:42.145,1543,1422,1655,1685,1534,2370,1533,1754,1528,1442
2025-06-24 14:33:42.244,1497,1348,1782,1473,1609,2709,1593,1815,1522,1445
2025-06-24 14:33:42.344,1467,1348,1933,1393,1629,3126,1553,1847,1523,1439
2025-06-24 14:33:42.444,1458,1393,2009,1450,1661,3675,1472,1722,1520,1431
2025-06-24 14:33:42.544,1474,1514,2057,1431,1689,4057,1121,1599,1520,1440
2025-06-24 14:33:42.643,1481,1621,2117,1471,1674,4067,993,1583,1522,1436
2025-06-24 14:33:42.743,1477,1680,2254,1422,1682,4095,1110,1375,1527,1443
2025-06-24 14:33:42.843,1437,1730,2027,1397,1662,4095,1061,1066,1530,1443
2025-06-24 14:33:42.943,1401,1819,1795,1473,1715,1968,1068,1072,1532,1441
2025-06-24 14:33:43.042,1409,1836,1719,1507,1674,202,1301,1218,1533,1451
2025-06-24 14:33:43.142,1441,1738,1676,1531,1546,0,1525,1406,1535,1450
2025-06-24 14:33:43.242,1472,1582,1634,1534,1453,0,1797,1599,1527,1445
2025-06-24 14:33:43.341,1490,1408,1582,1534,1378,237,2192,1806,1521,1436
2025-06-24 14:33:43.441,1511,1356,1566,1524,1422,607,2247,1851,1535,1451
2025-06-24 14:33:43.540,1533,1379,1478,1504,1442,0,2009,1758,1525,1439
2025-06-24 14:33:43.639,1561,1450,1072,1521,1443,0,1791,1817,1529,1445
2025-06-24 14:33:43.738,1574,1478,713,1424,1429,0,1743,1616,1527,1443
2025-06-24 14:33:43.838,1579,1497,613,1565,1447,342,1631,1551,1530,1445
2025-06-24 14:33:43.938,1601,1525,675,1524,1495,1038,1551,1565,1523,1438
2025-06-24 14:33:44.037,1583,1552,848,1525,1489,1466,1228,1595,1530,1443
2025-06-24 14:33:44.136,1519,1515,1005,1567,1551,1877,1297,1669,1529,1458
2025-06-24 14:33:44.236,1470,1465,1179,1552,1519,2333,1459,1618,1524,1440
2025-06-24 14:33:44.336,1451,1456,1378,1552,1465,2763,1455,1533,1520,1435
2025-06-24 14:33:44.436,1448,1469,1552,1482,1483,3071,1371,1424,1519,1427
2025-06-24 14:33:44.536,1450,1485,1751,1530,1441,3270,1342,1289,1531,1429
2025-06-24 14:33:44.636,1455,1518,1919,1511,1463,3431,1468,1475,1521,1439
2025-06-24 14:33:44.736,1430,1529,2126,1498,1456,3559,1639,1301,1520,1431
2025-06-24 14:33:44.836,1393,1615,2301,1501,1392,4095,2047,1033,1527,1444
2025-06-24 14:33:44.936,1387,1627,2317,1445,1405,3227,2119,905,1527,1442
2025-06-24 14:33:45.036,1397,1593,2378,1197,1419,1179,1813,946,1533,1446
2025-06-24 14:33:45.136,1439,1511,2589,1006,1456,0,1535,1241,1535,1453
2025-06-24 14:33:45.236,1462,1445,2486,860,1472,0,1450,1552,1541,1453
2025-06-24 14:33:45.335,1477,1413,2093,848,1530,245,1454,1839,1527,1442
2025-06-24 14:33:45.435,1489,1472,1835,921,1600,781,1457,1875,1527,1442
2025-06-24 14:33:45.535,1494,1525,1709,982,1574,848,1183,1665,1520,1434
2025-06-24 14:33:45.634,1508,1582,1728,1214,1597,110,1040,1462,1535,1450
2025-06-24 14:33:45.734,1547,1556,1714,1419,1605,0,1017,1301,1544,1451
2025-06-24 14:33:45.834,1567,1556,1696,1498,1707,352,1097,1290,1535,1450
2025-06-24 14:33:45.934,1549,1600,1657,1502,1778,993,1178,1312,1524,1439
2025-06-24 14:33:46.034,1499,1557,1279,1649,1787,1344,1255,1401,1520,1437
2025-06-24 14:33:46.133,1457,1525,688,1770,1694,1370,1488,1427,1520,1435
2025-06-24 14:33:46.233,1437,1477,370,1867,1565,1269,1706,1391,1526,1447
2025-06-24 14:33:46.333,1432,1522,341,1943,1507,1143,2015,1456,1542,1454
2025-06-24 14:33:46.433,1451,1584,495,1933,1471,1162,2267,1343,1528,1445
2025-06-24 14:33:46.532,1463,1589,658,1792,1493,1392,2104,1259,1524,1440
2025-06-24 14:33:46.631,1462,1607,796,1809,1471,1722,1763,1173,1523,1437
2025-06-24 14:33:46.731,1411,1654,1014,1883,1470,1941,1520,976,1520,1439
2025-06-24 14:33:46.831,1393,1696,1237,1840,1434,2705,1283,848,1523,1437
2025-06-24 14:33:46.930,1409,1666,1469,1681,1445,2086,1278,1113,1520,1435
2025-06-24 14:33:47.030,1446,1573,1697,1552,1495,626,1250,1424,1530,1445
2025-06-24 14:33:47.129,1467,1458,1906,1507,1559,0,1111,1647,1526,1443
2025-06-24 14:33:47.229,1478,1383,2073,1437,1533,41,939,1764,1535,1446
2025-06-24 14:33:47.328,1481,1365,2182,1344,1570,522,903,1968,1526,1441
2025-06-24 14:33:47.428,1495,1391,2315,1344,1535,1148,1056,1907,1511,1424
2025-06-24 14:33:47.528,1520,1403,2544,1387,1493,1181,1216,1633,1517,1429
2025-06-24 14:33:47.627,1535,1435,2381,1439,1474,482,1503,1580,1521,1439
2025-06-24 14:33:47.727,1574,1501,1824,1485,1431,560,2546,1532,1522,1435
2025-06-24 14:33:47.827,1574,1498,1504,1549,1364,1153,2174,1583,1535,1455
2025-06-24 14:33:47.931,1519,1473,1403,1593,1354,1893,1916,1636,1531,1445
2025-06-24 14:33:48.030,1473,1434,1429,1552,1337,2336,1659,1656,1520,1438
2025-06-24 14:33:48.129,1450,1465,1456,1472,1344,2636,1168,1718,1521,1439
2025-06-24 14:33:48.228,1447,1493,1424,1488,1363,2779,870,1673,1535,1451
2025-06-24 14:33:48.328,1453,1558,1338,1511,1451,2896,784,1557,1527,1441
2025-06-24 14:33:48.427,1446,1616,976,1512,1555,3021,875,1499,1534,1447
2025-06-24 14:33:48.526,1456,1647,405,1520,1581,3136,978,1376,1535,1453
2025-06-24 14:33:48.625,1427,1700,113,1503,1588,3380,1253,1152,1527,1441
2025-06-24 14:33:48.725,1378,1715,162,1518,1593,3898,1327,1008,1524,1442
2025-06-24 14:33:48.825,1390,1668,359,1520,1639,4095,1310,1077,1522,1439
2025-06-24 14:33:48.926,1419,1598,590,1494,1690,2271,1305,1332,1525,1441
2025-06-24 14:33:49.021,1425,1511,745,1535,1616,613,1399,1684,1523,1435
2025-06-24 14:33:49.121,1484,1471,927,1552,1408,0,1507,1858,1521,1437
2025-06-24 14:33:49.220,1505,1461,1057,1606,1238,144,1519,1916,1527,1440
2025-06-24 14:33:49.320,1533,1503,1261,1601,1165,622,1555,1762,1524,1430
2025-06-24 14:33:49.420,1565,1503,1521,1586,1120,1195,1712,1499,1521,1437
2025-06-24 14:33:49.520,1579,1552,1827,1551,1099,575,1972,1349,1530,1441
2025-06-24 14:33:49.620,1590,1630,2096,1604,1115,0,2113,1404,1527,1444
2025-06-24 14:33:49.719,1584,1605,2240,1589,1197,0,1831,1515,1533,1447
2025-06-24 14:33:49.819,1531,1561,2337,1553,1350,393,1575,1584,1520,1435
2025-06-24 14:33:49.919,1475,1520,2583,1344,1114,795,1543,1563,1523,1453
2025-06-24 14:33:50.019,1445,1504,2292,1136,1040,1246,1600,1561,1529,1442
2025-06-24 14:33:50.119,1441,1530,1786,1021,1221,1751,1611,1502,1535,1455
2025-06-24 14:33:50.219,1450,1570,1554,967,1328,2309,1403,1429,1525,1442
2025-06-24 14:33:50.319,1455,1619,1527,974,1392,2975,1172,1259,1535,1447
2025-06-24 14:33:50.419,1451,1637,1560,1121,1487,3987,1146,1254,1535,1453
2025-06-24 14:33:50.519,1418,1664,1552,1243,1600,4095,1179,1098,1529,1443
2025-06-24 14:33:50.619,1424,1699,1529,1366,1694,4095,1291,1034,1518,1433
2025-06-24 14:33:50.719,1453,1681,1454,1471,1778,4095,1484,1104,1520,1433
2025-06-24 14:33:50.819,1479,1602,1008,1535,1818,4095,1694,1325,1530,1446
2025-06-24 14:33:50.919,1499,1511,592,1647,1843,2156,1831,1499,1525,1440
2025-06-24 14:33:51.019,1524,1490,412,1728,1855,722,1904,1726,1523,1439
2025-06-24 14:33:51.119,1513,1495,525,1803,1837,462,2155,1840,1519,1431
2025-06-24 14:33:51.219,1522,1495,731,1856,1802,811,1901,1827,1523,1439
2025-06-24 14:33:51.319,1524,1504,973,2000,1760,1311,1657,1687,1531,1446
2025-06-24 14:33:51.419,1527,1501,1264,1904,1741,1124,1493,1614,1530,1443
2025-06-24 14:33:51.519,1518,1533,1509,1808,1728,0,1488,1543,1530,1439
2025-06-24 14:33:51.618,1499,1515,1785,1831,1728,0,1623,1649,1527,1447
2025-06-24 14:33:51.717,1498,1437,2058,1859,1725,0,1486,1605,1520,1431
2025-06-24 14:33:51.817,1462,1402,2306,1773,1599,0,1359,1634,1535,1446
2025-06-24 14:33:51.917,1424,1405,2516,1641,1410,475,1285,1669,1527,1443
2025-06-24 14:33:52.017,1399,1441,2594,1547,1263,1264,1280,1582,1529,1442
2025-06-24 14:33:52.117,1406,1467,2528,1488,1166,2097,1400,1598,1523,1440
2025-06-24 14:33:52.216,1423,1527,2656,1472,1134,3143,1505,1443,1530,1442
2025-06-24 14:33:52.316,1451,1570,2663,1463,1152,4095,1621,1362,1533,1446
2025-06-24 14:33:52.416,1450,1581,2032,1495,1232,4095,1781,1338,1529,1442
2025-06-24 14:33:52.516,1453,1591,1642,1514,1277,4095,1991,1056,1535,1454
2025-06-24 14:33:52.615,1463,1591,1487,1535,1294,4095,2234,853,1523,1440
2025-06-24 14:33:52.715,1467,1508,1421,1510,1324,4095,2033,1043,1520,1438
2025-06-24 14:33:52.815,1478,1443,1413,1596,1474,4095,1771,1341,1530,1445
2025-06-24 14:33:52.915,1488,1454,1312,1566,1589,2967,1669,1563,1531,1443
2025-06-24 14:33:53.015,1487,1505,1232,1488,1666,1350,1623,1753,1542,1450
2025-06-24 14:33:53.115,1482,1505,820,1494,1722,380,1623,1828,1530,1439
2025-06-24 14:33:53.214,1490,1521,214,1533,1706,208,1434,1957,1525,1439
2025-06-24 14:33:53.313,1494,1584,0,1478,1712,469,1264,1752,1526,1447
2025-06-24 14:33:53.413,1510,1594,0,1471,1616,933,1163,1585,1533,1445
2025-06-24 14:33:53.513,1511,1530,262,1513,1591,117,1113,1513,1533,1447
2025-06-24 14:33:53.613,1506,1473,535,1525,1569,0,1148,1547,1529,1442
2025-06-24 14:33:53.713,1495,1455,802,1503,1587,0,1197,1549,1530,1445
2025-06-24 14:33:53.813,1466,1458,1111,1488,1570,0,1301,1575,1527,1440
2025-06-24 14:33:53.912,1442,1505,1424,1517,1595,315,1393,1563,1525,1440
2025-06-24 14:33:54.012,1395,1579,1747,1583,1597,1146,1735,1523,1527,1442
2025-06-24 14:33:54.112,1398,1627,2047,1505,1629,1975,2089,1484,1523,1440
2025-06-24 14:33:54.212,1419,1725,2325,1543,1705,3008,2017,1241,1530,1450
2025-06-24 14:33:54.312,1405,1730,2454,1514,1809,4095,1776,1312,1530,1445
2025-06-24 14:33:54.412,1456,1738,2485,1457,1873,4095,1634,1271,1530,1443
2025-06-24 14:33:54.512,1431,1678,2640,1482,1810,4095,1645,996,1523,1441
2025-06-24 14:33:54.611,1419,1561,2703,1507,1671,4095,1650,928,1520,1446
2025-06-24 14:33:54.711,1425,1469,2096,1552,1549,4095,1433,1117,1526,1445
2025-06-24 14:33:54.811,1454,1456,1655,1607,1415,3599,1043,1408,1526,1442
2025-06-24 14:33:54.911,1477,1485,1503,1486,1371,2605,937,1584,1522,1436
2025-06-24 14:33:55.011,1491,1517,1467,1191,1354,1217,976,1731,1520,1456
2025-06-24 14:33:55.111,1495,1553,1436,978,1397,295,1087,1742,1531,1442
2025-06-24 14:33:55.211,1471,1629,1375,911,1366,272,1274,1802,1535,1447
2025-06-24 14:33:55.311,1511,1579,1376,971,1369,608,1427,1504,1523,1438
2025-06-24 14:33:55.411,1527,1552,1109,1087,1392,1059,1535,1409,1529,1441
2025-06-24 14:33:55.511,1556,1526,487,1250,1369,275,1772,1386,1525,1441
2025-06-24 14:33:55.611,1570,1520,150,1330,1369,0,2119,1409,1521,1434
2025-06-24 14:33:55.711,1554,1495,177,1454,1360,0,2026,1503,1519,1427
2025-06-24 14:33:55.811,1551,1511,426,1600,1459,0,1903,1623,1535,1451
2025-06-24 14:33:55.911,1495,1561,727,1708,1395,503,1773,1808,1535,1456
2025-06-24 14:33:56.011,1462,1575,1008,1763,1408,1199,1709,1914,1543,1455
2025-06-24 14:33:56.111,1450,1637,1343,1858,1464,1872,1709,1911,1525,1440
2025-06-24 14:33:56.210,1455,1651,1671,1922,1431,2418,1573,1709,1519,1437
2025-06-24 14:33:56.310,1472,1629,2016,1957,1487,2964,1226,1520,1520,1436
2025-06-24 14:33:56.410,1475,1543,2263,1899,1559,3492,1136,1219,1529,1445
2025-06-24 14:33:56.510,1473,1426,2477,1904,1586,3824,1138,916,1520,1437
2025-06-24 14:33:56.610,1402,1394,2577,1921,1584,3505,1204,887,1521,1435
2025-06-24 14:33:56.709,1355,1421,2582,1894,1616,3071,1223,1291,1530,1446
2025-06-24 14:33:56.809,1379,1454,2657,1779,1717,1841,1422,1666,1530,1441
2025-06-24 14:33:56.909,1423,1519,2625,1611,1891,181,1563,1882,1534,1439
2025-06-24 14:33:57.009,1457,1583,2117,1482,1894,0,1762,2028,1535,1451
2025-06-24 14:33:57.108,1481,1552,1714,1369,1722,0,2137,2082,1543,1455
2025-06-24 14:33:57.207,1514,1507,1551,1345,1554,0,2224,2069,1519,1434
2025-06-24 14:33:57.307,1552,1498,1509,1373,1406,149,1953,1815,1535,1451
2025-06-24 14:33:57.407,1586,1504,1430,1385,1379,0,1757,1627,1541,1452
2025-06-24 14:33:57.507,1603,1506,1360,1440,1381,0,1681,1546,1527,1441
2025-06-24 14:33:57.607,1617,1558,1325,1482,1391,0,1719,1557,1522,1438
2025-06-24 14:33:57.706,1646,1614,969,1469,1374,0,1549,1586,1520,1435
2025-06-24 14:33:57.806,1615,1657,317,1510,1351,64,1312,1704,1520,1437
2025-06-24 14:33:57.906,1534,1681,9,1559,1348,500,1194,1670,1527,1443
2025-06-24 14:33:58.010,1490,1669,41,1563,1377,1178,1237,1741,1520,1435
2025-06-24 14:33:58.109,1471,1647,279,1545,1408,1840,1201,1690,1528,1445
2025-06-24 14:33:58.208,1463,1591,576,1523,1415,2501,1168,1552,1533,1445
2025-06-24 14:33:58.307,1459,1476,848,1568,1391,3091,1300,1457,1522,1435
2025-06-24 14:33:58.407,1459,1424,1226,1549,1408,3826,1507,1251,1522,1436
2025-06-24 14:33:58.507,1439,1419,1590,1519,1463,4095,1764,961,1529,1453
2025-06-24 14:33:58.606,1408,1456,1959,1504,1494,4095,1952,997,1542,1443
2025-06-24 14:33:58.705,1398,1502,2287,1462,1502,2549,1841,1297,1530,1443
2025-06-24 14:33:58.805,1449,1594,2534,1490,1519,1155,1542,1553,1525,1441
2025-06-24 14:33:58.905,1482,1574,2661,1571,1527,757,1360,1712,1531,1442
2025-06-24 14:33:59.007,1519,1520,2647,1559,1581,1050,1399,1829,1531,1441
2025-06-24 14:33:59.102,1531,1426,2727,1522,1553,1411,1445,1941,1520,1439
2025-06-24 14:33:59.201,1552,1387,2517,1553,1586,1041,1461,1779,1520,1430
2025-06-24 14:33:59.301,1559,1413,2037,1554,1639,0,1292,1578,1521,1434
2025-06-24 14:33:59.401,1552,1429,1744,1483,1775,0,1111,1530,1522,1437
2025-06-24 14:33:59.501,1564,1510,1691,1483,1886,0,1088,1554,1535,1445
2025-06-24 14:33:59.601,1581,1535,1618,1520,1835,160,1200,1646,1532,1445
2025-06-24 14:33:59.701,1558,1611,1516,1525,1680,850,1379,1724,1529,1435
2025-06-24 14:33:59.801,1509,1692,1429,1533,1445,1562,1433,1731,1533,1450
2025-06-24 14:33:59.901,1457,1690,1357,1552,1328,2226,1452,1710,1525,1439
2025-06-24 14:33:59.999,1421,1651,906,1584,1329,2751,1569,1667,1531,1449
2025-06-24 14:34:00.100,1377,1549,288,1559,1344,3213,1984,1502,1535,1449
2025-06-24 14:34:00.206,1328,1461,63,1584,1367,3911,2247,1411,1533,1445
2025-06-24 14:34:00.300,1297,1421,173,1503,1330,3822,1847,1312,1547,1459
2025-06-24 14:34:00.400,1240,1437,432,1475,1286,4095,1589,1066,1535,1445
2025-06-24 14:34:00.500,1219,1472,717,1424,1342,3266,1426,912,1520,1435
2025-06-24 14:34:00.600,1222,1547,1053,1147,1348,1370,1462,1136,1529,1442
2025-06-24 14:34:00.700,1261,1615,1411,999,1370,493,1456,1449,1524,1437
2025-06-24 14:34:00.799,1303,1575,1813,898,1344,683,1065,1695,1526,1438
2025-06-24 14:34:00.898,1330,1488,2192,945,1328,1131,959,1803,1530,1442
2025-06-24 14:34:00.997,1335,1421,2467,1066,1346,1318,1062,1886,1527,1450
2025-06-24 14:34:01.097,1340,1419,2682,1184,1421,0,1250,1739,1533,1451
2025-06-24 14:34:01.197,1317,1439,2693,1313,1411,0,1284,1603,1515,1430
2025-06-24 14:34:01.297,1355,1543,2752,1424,1440,0,1446,1473,1531,1456
2025-06-24 14:34:01.397,1395,1616,2672,1549,1493,0,1611,1501,1543,1449
2025-06-24 14:34:01.497,1449,1664,2358,1639,1597,0,1915,1529,1520,1436
2025-06-24 14:34:01.597,1457,1687,2006,1783,1612,401,2293,1549,1524,1442
2025-06-24 14:34:01.696,1434,1712,1728,1842,1611,1072,2542,1639,1519,1435
2025-06-24 14:34:01.795,1450,1699,1600,1925,1680,1890,2313,1694,1525,1435
2025-06-24 14:34:01.895,1419,1617,1497,1945,1829,2814,1940,1638,1528,1442
2025-06-24 14:34:01.995,1378,1471,1399,1859,1828,3815,1710,1583,1519,1431
2025-06-24 14:34:02.095,1389,1413,1331,1915,1630,4095,1627,1407,1523,1441
2025-06-24 14:34:02.195,1413,1441,1040,2016,1472,4095,1520,1388,1522,1439
2025-06-24 14:34:02.294,1456,1477,459,1929,1413,4095,1175,1255,1545,1453
2025-06-24 14:34:02.394,1487,1511,160,1759,1387,3266,885,1173,1541,1451
2025-06-24 14:34:02.494,1521,1529,160,1533,1429,1631,863,1179,1535,1446
2025-06-24 14:34:02.594,1545,1586,357,1437,1429,960,848,1381,1527,1441
2025-06-24 14:34:02.693,1543,1541,624,1406,1451,1126,1008,1483,1523,1443
2025-06-24 14:34:02.793,1554,1522,927,1402,1467,1597,1196,1583,1530,1444
2025-06-24 14:34:02.893,1584,1500,1264,1391,1499,1520,1610,1662,1527,1441
2025-06-24 14:34:02.993,1584,1492,1607,1414,1548,0,1872,1533,1520,1437
2025-06-24 14:34:03.093,1583,1490,1939,1396,1531,0,2213,1388,1522,1439
2025-06-24 14:34:03.193,1586,1554,2207,1520,1502,0,2341,1325,1533,1449
2025-06-24 14:34:03.293,1581,1616,2337,1533,1455,0,1947,1338,1523,1444
2025-06-24 14:34:03.393,1584,1671,2379,1544,1472,610,1687,1296,1520,1442
2025-06-24 14:34:03.493,1601,1707,2435,1533,1547,1466,1507,1226,1515,1425
2025-06-24 14:34:03.593,1613,1729,2374,1461,1565,2411,1446,1200,1519,1434
2025-06-24 14:34:03.693,1621,1718,1969,1511,1477,3776,1420,1182,1525,1439
2025-06-24 14:34:03.793,1619,1648,1677,1495,1507,4095,1249,1296,1525,1440
2025-06-24 14:34:03.893,1606,1535,1564,1488,1588,4095,1098,1297,1530,1447
2025-06-24 14:34:03.993,1561,1461,1514,1535,1615,4095,1051,1138,1535,1447
2025-06-24 14:34:04.093,1519,1457,1462,1595,1616,4095,1011,1103,1535,1450
2025-06-24 14:34:04.193,1502,1515,1359,1623,1680,4095,1152,1017,1533,1446
2025-06-24 14:34:04.292,1520,1532,1075,1587,1830,3171,1358,942,1520,1435
2025-06-24 14:34:04.392,1535,1575,562,1563,1878,1459,1595,1010,1523,1437
2025-06-24 14:34:04.492,1551,1588,353,1542,1798,656,1717,1406,1521,1435
2025-06-24 14:34:04.592,1545,1616,397,1488,1680,752,1904,1594,1523,1434
2025-06-24 14:34:04.692,1520,1595,547,1506,1581,1149,2098,1726,1521,1439
2025-06-24 14:34:04.791,1486,1519,751,1565,1473,1319,1831,1859,1522,1435
2025-06-24 14:34:04.890,1483,1521,1033,1525,1511,0,1664,1871,1531,1442
2025-06-24 14:34:04.990,1498,1520,1281,1487,1482,0,1582,1697,1530,1445
2025-06-24 14:34:05.090,1517,1569,1520,1467,1463,0,1607,1638,1530,1443
2025-06-24 14:34:05.190,1535,1630,1690,1525,1532,0,1525,1600,1525,1443
2025-06-24 14:34:05.289,1552,1665,1871,1458,1648,0,1085,1601,1530,1445
2025-06-24 14:34:05.389,1557,1685,1947,1469,1600,592,933,1645,1530,1446
2025-06-24 14:34:05.489,1567,1749,1997,1514,1527,1765,950,1733,1524,1439
2025-06-24 14:34:05.589,1594,1731,2122,1533,1507,2994,911,1805,1523,1443
2025-06-24 14:34:05.688,1611,1701,2023,1550,1580,4095,995,1791,1523,1434
2025-06-24 14:34:05.787,1637,1585,1662,1584,1520,4095,1237,1863,1532,1443
2025-06-24 14:34:05.887,1648,1474,1513,1659,1491,4095,1393,1776,1531,1441
2025-06-24 14:34:05.987,1617,1453,1548,1619,1410,4095,1553,1471,1529,1446
2025-06-24 14:34:06.087,1562,1475,1635,1552,1453,4095,1998,1383,1525,1439
2025-06-24 14:34:06.187,1515,1493,1698,1534,1511,2718,2219,1232,1526,1441
2025-06-24 14:34:06.286,1511,1522,1647,1533,1567,1342,2011,1021,1531,1437
2025-06-24 14:34:06.386,1486,1575,1333,1551,1610,929,1763,1041,1533,1446
2025-06-24 14:34:06.486,1488,1581,809,1533,1680,1153,1623,1338,1531,1447
2025-06-24 14:34:06.586,1483,1565,639,1493,1805,1515,1549,1629,1529,1444
2025-06-24 14:34:06.685,1487,1519,736,1488,1882,710,1545,1804,1529,1441
2025-06-24 14:34:06.785,1434,1507,861,1424,1821,0,1184,1952,1517,1430
2025-06-24 14:34:06.885,1377,1520,1092,1272,1697,0,1103,1930,1524,1438
2025-06-24 14:34:06.985,1364,1515,1279,1050,1550,0,1123,1855,1520,1440
2025-06-24 14:34:07.085,1386,1535,1456,909,1472,76,1232,1686,1533,1456
2025-06-24 14:34:07.185,1403,1563,1670,880,1438,753,1348,1611,1535,1451
2025-06-24 14:34:07.284,1426,1587,1807,999,1455,1475,1488,1685,1531,1446
2025-06-24 14:34:07.383,1459,1637,1968,1111,1445,1984,1754,1649,1522,1439
2025-06-24 14:34:07.483,1498,1627,2059,1298,1473,2432,1949,1601,1520,1436
2025-06-24 14:34:07.582,1529,1589,2082,1420,1386,2818,2252,1648,1519,1424
2025-06-24 14:34:07.682,1561,1472,2160,1567,1264,3175,2519,1655,1521,1435
2025-06-24 14:34:07.781,1587,1363,2208,1634,1136,3613,2285,1618,1520,1434
2025-06-24 14:34:07.881,1627,1375,1909,1719,1091,3859,1933,1451,1520,1440
2025-06-24 14:34:07.981,1616,1422,1667,1771,1059,2047,1737,1318,1523,1427
2025-06-24 14:34:08.085,1557,1488,1552,1779,1036,885,1631,1268,1546,1453
2025-06-24 14:34:08.184,1519,1522,1600,1922,1040,763,1683,1095,1531,1458
2025-06-24 14:34:08.283,1497,1589,1621,1965,1187,912,1444,949,1526,1439
2025-06-24 14:34:08.382,1487,1577,1570,2109,1254,1109,1225,1095,1533,1443
2025-06-24 14:34:08.482,1484,1520,1511,2014,1298,0,1523,1270,1531,1441
2025-06-24 14:34:08.581,1468,1547,1158,1862,1370,0,1508,1408,1546,1454
2025-06-24 14:34:08.680,1462,1532,656,1641,1465,0,1287,1562,1531,1451
2025-06-24 14:34:08.780,1431,1515,575,1503,1579,0,1078,1744,1527,1442
2025-06-24 14:34:08.880,1356,1520,683,1414,1802,178,1040,1759,1525,1439
2025-06-24 14:34:08.980,1329,1527,873,1311,1915,932,1148,1529,1521,1434
2025-06-24 14:34:09.081,1363,1520,1117,1263,1792,1696,1311,1389,1521,1435
2025-06-24 14:34:09.176,1397,1552,1353,1264,1578,2374,1792,1381,1519,1430
2025-06-24 14:34:09.276,1429,1605,1527,1335,1447,3004,1861,1413,1523,1438
2025-06-24 14:34:09.375,1472,1614,1747,1456,1386,3726,1663,1460,1521,1439
2025-06-24 14:34:09.475,1505,1549,1984,1575,1408,4095,1574,1494,1524,1437
2025-06-24 14:34:09.574,1532,1434,2161,1595,1409,4095,1546,1586,1525,1438
2025-06-24 14:34:09.674,1555,1347,2267,1550,1449,3746,1475,1622,1523,1440
2025-06-24 14:34:09.773,1569,1331,2311,1502,1451,1893,1469,1706,1524,1439
2025-06-24 14:34:09.873,1557,1409,2416,1520,1403,1006,1216,1520,1531,1443
2025-06-24 14:34:09.973,1514,1477,2369,1497,1415,974,1175,1506,1527,1439
2025-06-24 14:34:10.073,1457,1570,2114,1555,1437,1154,1194,1392,1530,1441
2025-06-24 14:34:10.173,1417,1590,1865,1595,1416,948,1202,1077,1531,1443
2025-06-24 14:34:10.273,1408,1550,1766,1574,1441,0,1250,1046,1531,1443
2025-06-24 14:34:10.373,1411,1499,1686,1552,1422,0,1327,1277,1530,1443
2025-06-24 14:34:10.473,1394,1535,1662,1552,1462,0,1525,1774,1530,1447
2025-06-24 14:34:10.572,1392,1553,1615,1549,1523,0,1809,2583,1531,1447
2025-06-24 14:34:10.672,1365,1564,1623,1556,1566,624,2130,2075,1522,1437
2025-06-24 14:34:10.771,1360,1599,1457,1520,1670,1549,2208,1291,1526,1443
2025-06-24 14:34:10.871,1385,1606,827,1494,1678,2368,1872,809,1530,1450
2025-06-24 14:34:10.970,1411,1617,531,1507,1693,3008,1529,304,1519,1434
2025-06-24 14:34:11.070,1436,1652,618,1550,1842,3766,1501,84,1525,1442
2025-06-24 14:34:11.170,1456,1694,775,1591,1950,4095,1479,310,1527,1447
2025-06-24 14:34:11.270,1470,1627,998,1581,1900,4095,1469,833,1522,1441
2025-06-24 14:34:11.369,1488,1504,1230,1585,1767,4095,1338,1371,1521,1439
2025-06-24 14:34:11.469,1488,1422,1466,1552,1565,4080,1179,1826,1530,1447
2025-06-24 14:34:11.569,1500,1393,1687,1523,1381,2031,1129,2128,1526,1443
2025-06-24 14:34:11.669,1503,1429,1904,1511,1437,935,1095,2368,1525,1436
2025-06-24 14:34:11.769,1506,1434,2083,1501,1440,909,1166,2484,1520,1430
2025-06-24 14:34:11.868,1471,1472,2221,1498,1437,1246,1264,2576,1520,1427
2025-06-24 14:34:11.967,1445,1527,2272,1520,1421,1302,1446,2479,1525,1438
2025-06-24 14:34:12.067,1435,1529,2425,1514,1422,0,1707,2306,1526,1440
2025-06-24 14:34:12.167,1445,1496,2403,1501,1456,0,2091,2013,1525,1439
2025-06-24 14:34:12.267,1437,1446,2061,1510,1456,0,2384,1591,1520,1433
2025-06-24 14:34:12.366,1470,1461,1792,1522,1511,0,2033,1555,1532,1451
2025-06-24 14:34:12.466,1447,1491,1683,1522,1441,0,1652,1649,1541,1453
2025-06-24 14:34:12.566,1429,1533,1690,1463,1222,906,1610,1810,1535,1446
2025-06-24 14:34:12.666,1454,1560,1637,1455,1129,2112,1602,1936,1522,1447
2025-06-24 14:34:12.766,1472,1552,1523,1547,1250,3435,1605,1975,1521,1437
2025-06-24 14:34:12.865,1488,1554,1421,1568,947,4095,1379,1879,1533,1445
2025-06-24 14:34:12.965,1498,1594,1375,1552,638,4095,1040,1488,1531,1444
2025-06-24 14:34:13.065,1519,1650,804,1571,631,4095,924,1317,1542,1451
2025-06-24 14:34:13.165,1525,1561,353,1561,794,4095,1059,1162,1530,1435
2025-06-24 14:34:13.264,1526,1435,333,1483,1047,4095,980,1085,1527,1443
2025-06-24 14:34:13.364,1535,1377,496,1456,1465,2458,1104,1099,1531,1431
2025-06-24 14:34:13.464,1545,1376,785,1415,1705,954,1261,1045,1530,1441
2025-06-24 14:34:13.564,1551,1424,1069,1249,1701,445,1495,1101,1533,1444
2025-06-24 14:34:13.664,1552,1467,1309,1110,1618,642,1839,1196,1550,1453
2025-06-24 14:34:13.764,1519,1490,1561,960,1517,1013,2230,1230,1525,1441
2025-06-24 14:34:13.863,1470,1533,1845,925,1550,418,2160,1184,1520,1431
2025-06-24 14:34:13.963,1418,1529,2033,957,1479,0,1951,1316,1522,1441
2025-06-24 14:34:14.063,1407,1520,2172,1177,1473,0,1675,1458,1523,1438
2025-06-24 14:34:14.163,1403,1511,2209,1344,1391,0,1638,1302,1518,1430
2025-06-24 14:34:14.263,1417,1528,2379,1364,1283,0,1627,1161,1522,1438
2025-06-24 14:34:14.363,1424,1552,2321,1477,1285,291,1408,1199,1527,1442
2025-06-24 14:34:14.463,1392,1585,1935,1595,1273,1464,877,1389,1535,1453
2025-06-24 14:34:14.563,1382,1600,1521,1615,1265,2781,796,1600,1525,1449
2025-06-24 14:34:14.663,1406,1600,1251,1740,1338,4095,895,1699,1519,1433
2025-06-24 14:34:14.763,1442,1605,1146,1866,1418,4095,1021,1750,1521,1435
2025-06-24 14:34:14.862,1477,1651,1113,2066,1487,4095,1227,1638,1529,1441
2025-06-24 14:34:14.962,1503,1577,1091,2236,1637,4095,1387,1573,1530,1449
2025-06-24 14:34:15.062,1521,1488,1063,2253,1616,4095,1639,1501,1525,1443
2025-06-24 14:34:15.162,1535,1405,993,1941,1607,4095,2030,1376,1525,1443
2025-06-24 14:34:15.262,1549,1371,612,1679,1723,2951,2339,1258,1523,1440
2025-06-24 14:34:15.361,1552,1408,554,1491,1830,1335,2242,1217,1523,1436
2025-06-24 14:34:15.461,1562,1453,691,1344,1904,495,2151,1242,1520,1434
2025-06-24 14:34:15.561,1573,1493,927,1305,2039,359,2141,1365,1524,1440
2025-06-24 14:34:15.660,1569,1559,1179,1237,2245,667,2164,1463,1523,1438
2025-06-24 14:34:15.760,1547,1531,1455,1242,2315,560,2038,1543,1530,1442
2025-06-24 14:34:15.859,1483,1518,1659,1291,2225,0,1637,1520,1533,1453
2025-06-24 14:34:15.959,1437,1514,1862,1369,1970,0,1393,1488,1527,1442
2025-06-24 14:34:16.058,1424,1534,1982,1486,1863,0,1361,1330,1520,1438
2025-06-24 14:34:16.158,1427,1523,2084,1543,1709,0,1302,1030,1520,1441
2025-06-24 14:34:16.258,1424,1553,2128,1565,1585,479,1332,872,1526,1444
2025-06-24 14:34:16.358,1424,1551,2156,1566,1478,1827,1391,983,1524,1442
2025-06-24 14:34:16.458,1394,1601,2187,1542,1450,3347,1474,1278,1527,1443
2025-06-24 14:34:16.558,1361,1648,1995,1563,1503,4095,1535,1564,1516,1435
2025-06-24 14:34:16.658,1342,1665,1728,1559,1478,4095,1891,1753,1520,1438
2025-06-24 14:34:16.758,1374,1664,1559,1554,1329,4095,2013,1872,1520,1436
2025-06-24 14:34:16.857,1408,1609,1511,1529,1232,4095,1773,1968,1525,1440
2025-06-24 14:34:16.957,1439,1518,1472,1595,1207,4095,1702,1921,1530,1444
2025-06-24 14:34:17.057,1451,1424,1456,1585,1171,4095,1714,1549,1535,1452
2025-06-24 14:34:17.157,1469,1397,1472,1535,1165,2610,1728,1146,1533,1444
2025-06-24 14:34:17.257,1473,1437,1467,1503,1203,1245,1628,949,1518,1434
2025-06-24 14:34:17.356,1488,1487,1360,1570,1237,727,1386,997,1521,1433
2025-06-24 14:34:17.456,1485,1585,997,1532,1263,1013,1260,1082,1527,1442
2025-06-24 14:34:17.556,1507,1584,857,1530,1435,1534,1170,1247,1541,1451
2025-06-24 14:34:17.656,1552,1566,928,1543,1623,1182,1230,1456,1532,1446
2025-06-24 14:34:17.756,1552,1548,1086,1545,1766,0,1255,1584,1530,1441
2025-06-24 14:34:17.855,1473,1530,1216,1578,1975,0,1250,1535,1518,1429
2025-06-24 14:34:17.955,1466,1525,1359,1585,2078,0,1477,1585,1531,1443
2025-06-24 14:34:18.055,1457,1550,1483,1519,2206,418,1660,1674,1529,1446
2025-06-24 14:34:18.159,1463,1570,1632,1473,2182,1268,1904,1379,1520,1435
2025-06-24 14:34:18.259,1477,1617,1799,1499,2032,2029,1969,1021,1523,1439
2025-06-24 14:34:18.358,1465,1637,1919,1533,1927,2685,1705,846,1525,1441
2025-06-24 14:34:18.457,1455,1695,1986,1523,1831,3249,1386,1147,1529,1443
2025-06-24 14:34:18.557,1397,1708,2073,1482,1737,3728,1232,1491,1523,1441
2025-06-24 14:34:18.656,1373,1641,2083,1488,1685,3939,1262,1775,1526,1443
2025-06-24 14:34:18.755,1392,1505,2001,1507,1643,3915,1363,2039,1520,1434
2025-06-24 14:34:18.854,1435,1407,1856,1519,1562,3954,1338,2192,1521,1434
2025-06-24 14:34:18.954,1472,1406,1695,1449,1487,2143,1148,2243,1525,1438
2025-06-24 14:34:19.054,1472,1447,1613,1475,1403,831,1074,1886,1542,1451
2025-06-24 14:34:19.155,1517,1483,1582,1531,1197,591,1167,1639,1549,1456
2025-06-24 14:34:19.250,1534,1488,1554,1498,618,877,1178,1495,1542,1452
2025-06-24 14:34:19.350,1559,1543,1519,1552,418,1107,1296,1585,1529,1447
2025-06-24 14:34:19.449,1574,1526,1493,1552,430,0,1344,1599,1528,1457
2025-06-24 14:34:19.548,1597,1525,1424,1556,576,0,1446,1553,1529,1442
2025-06-24 14:34:19.647,1598,1535,1132,1508,707,0,1619,1679,1522,1438
2025-06-24 14:34:19.747,1531,1495,609,1543,914,0,1946,1717,1520,1439
2025-06-24 14:34:19.846,1463,1472,436,1552,1148,317,2031,1723,1520,1436
2025-06-24 14:34:19.945,1421,1474,485,1499,1380,1166,1675,1590,1524,1440
2025-06-24 14:34:20.045,1411,1456,688,1443,1584,2005,1428,1629,1523,1440
2025-06-24 14:34:20.145,1415,1510,912,1505,1839,2706,1334,1326,1521,1438
2025-06-24 14:34:20.245,1422,1520,1107,1523,2027,3231,1392,973,1529,1444
2025-06-24 14:34:20.344,1424,1611,1298,1502,2203,3574,1405,896,1526,1442
2025-06-24 14:34:20.444,1407,1643,1506,1549,2167,4095,1080,1083,1521,1442
2025-06-24 14:34:20.544,1377,1566,1670,1518,2102,4095,927,1451,1531,1449
2025-06-24 14:34:20.644,1392,1450,1808,1474,1931,2651,919,1776,1526,1440
2025-06-24 14:34:20.743,1426,1396,1905,1559,1840,954,921,1952,1529,1442
2025-06-24 14:34:20.842,1467,1437,2065,1571,1734,583,1107,2027,1529,1441
2025-06-24 14:34:20.941,1500,1472,2059,1501,1648,866,1392,1967,1523,1438
2025-06-24 14:34:21.041,1513,1517,1919,1486,1594,1232,1726,1711,1527,1439
2025-06-24 14:34:21.141,1543,1554,1759,1534,1550,0,2043,1478,1525,1442
2025-06-24 14:34:21.240,1551,1595,1674,1483,1503,0,2462,1398,1527,1440
2025-06-24 14:34:21.340,1569,1597,1647,1252,1553,0,2541,1462,1526,1441
2025-06-24 14:34:21.439,1577,1542,1584,1082,1613,0,2221,1493,1522,1441
2025-06-24 14:34:21.538,1579,1511,1555,997,1735,294,1958,1591,1527,1444
2025-06-24 14:34:21.638,1573,1497,1511,991,1765,1072,1801,1657,1523,1440
2025-06-24 14:34:21.738,1511,1559,1499,1019,1721,1979,1646,1753,1532,1447
2025-06-24 14:34:21.838,1457,1601,1478,1136,1611,2843,1473,1701,1523,1440
2025-06-24 14:34:21.937,1428,1611,1165,1318,1616,3891,1088,1661,1527,1442
2025-06-24 14:34:22.037,1427,1637,818,1412,1604,4095,960,1648,1529,1447
2025-06-24 14:34:22.137,1440,1670,784,1500,1585,4095,1005,1412,1522,1438
2025-06-24 14:34:22.237,1454,1744,863,1658,1527,4095,1127,1095,1527,1444
2025-06-24 14:34:22.336,1450,1754,1019,1760,1431,3809,1247,960,1534,1454
2025-06-24 14:34:22.435,1413,1681,1347,1898,1392,1735,1294,1178,1533,1447
2025-06-24 14:34:22.535,1405,1563,1994,2161,1408,569,1424,1388,1531,1450
2025-06-24 14:34:22.635,1425,1471,1947,2274,1505,569,1631,1584,1523,1442
2025-06-24 14:34:22.734,1445,1447,1862,2306,1497,989,2039,1616,1520,1433
2025-06-24 14:34:22.834,1485,1467,1818,2157,1442,297,2224,1727,1514,1427
2025-06-24 14:34:22.933,1509,1501,1819,1895,1352,0,2134,1799,1525,1439
2025-06-24 14:34:23.032,1527,1531,1889,1593,1308,0,2043,1651,1526,1440
2025-06-24 14:34:23.132,1552,1568,2022,1393,1314,0,1933,1462,1528,1445
2025-06-24 14:34:23.231,1567,1604,1868,1252,1371,0,1860,1365,1534,1447
2025-06-24 14:34:23.330,1571,1600,1616,1121,1382,164,1585,1323,1533,1449
2025-06-24 14:34:23.430,1559,1579,1482,1070,1367,1261,1180,1362,1520,1437
2025-06-24 14:34:23.529,1587,1595,1474,1168,1347,2591,1119,1476,1534,1451
2025-06-24 14:34:23.629,1585,1552,1423,1247,1379,4095,1101,1535,1520,1436
2025-06-24 14:34:23.729,1515,1583,1365,1296,1473,4095,1120,1627,1525,1440
2025-06-24 14:34:23.829,1472,1585,1381,1360,1520,4095,1232,1648,1519,1417
2025-06-24 14:34:23.928,1456,1612,1356,1319,1655,4095,1201,1545,1529,1439
2025-06-24 14:34:24.028,1431,1638,1279,1422,1744,4095,1251,1569,1521,1435
2025-06-24 14:34:24.128,1465,1664,801,1506,1585,3363,1559,1389,1525,1440
2025-06-24 14:34:24.228,1468,1617,624,1554,1257,1516,2058,1104,1527,1442
2025-06-24 14:34:24.328,1432,1534,645,1591,1219,592,2256,1018,1532,1441
2025-06-24 14:34:24.427,1414,1450,767,1623,1263,479,1979,1153,1527,1442
2025-06-24 14:34:24.527,1422,1378,943,1582,1350,860,1776,1380,1521,1435
2025-06-24 14:34:24.627,1438,1363,1187,1680,1387,279,1648,1584,1529,1441
2025-06-24 14:34:24.727,1467,1370,1404,1706,1405,0,1477,1712,1530,1438
2025-06-24 14:34:24.826,1481,1397,1639,1657,1456,0,1457,1739,1523,1431
2025-06-24 14:34:24.925,1489,1426,1885,1646,1241,0,1105,1725,1519,1437
2025-06-24 14:34:25.025,1502,1489,2093,1651,1292,0,983,1792,1521,1438
2025-06-24 14:34:25.125,1511,1552,2235,1589,1506,433,974,1466,1522,1423
2025-06-24 14:34:25.225,1505,1568,2417,1545,1632,1759,984,1185,1533,1449
2025-06-24 14:34:25.325,1524,1532,2391,1552,1573,3195,1040,1042,1541,1454
2025-06-24 14:34:25.424,1543,1542,2135,1552,1427,4095,1148,1061,1524,1442
2025-06-24 14:34:25.524,1549,1551,1923,1561,1438,4095,1344,1124,1520,1440
2025-06-24 14:34:25.624,1501,1580,1851,1568,1503,4095,1639,1206,1520,1435
2025-06-24 14:34:25.724,1449,1590,1778,1543,1553,4095,2031,1441,1531,1451
2025-06-24 14:34:25.824,1451,1566,1664,1521,1604,4095,2402,1783,1527,1446
2025-06-24 14:34:25.924,1423,1607,1596,1510,1642,3834,2112,1861,1527,1444
2025-06-24 14:34:26.024,1437,1679,1506,1520,1682,1963,1817,1966,1541,1457
2025-06-24 14:34:26.124,1455,1626,1409,1458,1691,887,1758,1891,1535,1450
2025-06-24 14:34:26.224,1443,1554,976,1487,1810,519,1616,1508,1530,1447
2025-06-24 14:34:26.324,1409,1466,704,1526,1851,699,1554,1200,1543,1454
2025-06-24 14:34:26.423,1411,1408,694,1520,1812,627,1247,1162,1531,1455
2025-06-24 14:34:26.523,1441,1424,803,1526,1755,0,1052,1471,1531,1444
2025-06-24 14:34:26.623,1461,1492,1047,1558,1725,0,1130,1777,1527,1441
2025-06-24 14:34:26.723,1475,1493,1297,1607,1616,0,1168,1984,1530,1447
2025-06-24 14:34:26.822,1488,1565,1522,1562,1605,0,1190,2114,1522,1437
2025-06-24 14:34:26.921,1498,1567,1682,1520,1648,580,1293,2124,1517,1429
2025-06-24 14:34:27.021,1507,1543,1887,1514,1584,1810,1430,2019,1520,1436
2025-06-24 14:34:27.121,1515,1501,2032,1455,1623,3119,1613,1936,1520,1441
2025-06-24 14:34:27.221,1520,1469,2132,1459,1698,4095,1840,1823,1520,1437
2025-06-24 14:34:27.321,1525,1509,2187,1519,1741,4095,2012,1633,1523,1430
2025-06-24 14:34:27.420,1515,1554,2162,1511,1815,4095,1835,1600,1530,1446
2025-06-24 14:34:27.520,1491,1581,1892,1518,1742,4095,1638,1659,1535,1467
2025-06-24 14:34:27.620,1454,1542,1635,1469,1646,4095,1594,1744,1525,1438
2025-06-24 14:34:27.720,1444,1543,1493,1551,1579,2797,1639,1753,1531,1444
2025-06-24 14:34:27.820,1422,1616,1419,1555,1484,1151,1469,1684,1531,1439
2025-06-24 14:34:27.919,1429,1595,1317,1495,1447,523,1063,1634,1522,1435
2025-06-24 14:34:28.019,1449,1569,1221,1525,1425,731,1013,1547,1534,1440
2025-06-24 14:34:28.119,1459,1495,1200,1551,1408,1210,1122,1727,1532,1445
2025-06-24 14:34:28.223,1441,1438,895,1534,1374,239,1120,1679,1533,1441
2025-06-24 14:34:28.322,1399,1433,741,1516,1326,0,1200,1312,1525,1439
2025-06-24 14:34:28.421,1410,1447,714,1481,1343,0,1344,1045,1520,1426
2025-06-24 14:34:28.520,1438,1496,795,1483,1328,0,1450,1089,1522,1435
2025-06-24 14:34:28.619,1458,1556,942,1488,1451,0,1714,1251,1521,1440
2025-06-24 14:34:28.718,1487,1567,1089,1498,1510,693,2130,1377,1535,1449
2025-06-24 14:34:28.817,1505,1524,1228,1472,1435,1686,2154,1408,1520,1438
2025-06-24 14:34:28.917,1494,1494,1303,1519,1434,2625,1974,1494,1517,1431
2025-06-24 14:34:29.016,1535,1481,1440,1495,955,3486,1809,1559,1533,1446
2025-06-24 14:34:29.116,1552,1488,1623,1514,475,3984,1694,1478,1534,1454
2025-06-24 14:34:29.217,1563,1501,1696,1535,575,3945,1553,1239,1531,1447
2025-06-24 14:34:29.312,1584,1547,1775,1559,775,4095,1146,1199,1530,1445
2025-06-24 14:34:29.412,1590,1557,1840,1552,1009,2448,956,1260,1521,1436
2025-06-24 14:34:29.511,1552,1600,1570,1484,1281,762,931,1345,1529,1445
2025-06-24 14:34:29.611,1483,1629,1392,1473,1524,230,1088,1324,1530,1446
2025-06-24 14:34:29.710,1446,1664,1371,1499,1787,528,1108,1426,1535,1447
2025-06-24 14:34:29.810,1434,1659,1365,1557,1971,1008,1218,1374,1530,1446
2025-06-24 14:34:29.909,1433,1569,1440,1495,1941,19,1421,1350,1529,1453
2025-06-24 14:34:30.010,1446,1457,1505,1472,1859,0,1661,1363,1529,1441
2025-06-24 14:34:30.109,1456,1424,1558,1459,1831,0,1836,1575,1520,1437
2025-06-24 14:34:30.209,1441,1452,1411,1456,1775,0,2229,1615,1523,1441
2025-06-24 14:34:30.308,1394,1483,1199,1526,1755,0,2225,1346,1526,1442
2025-06-24 14:34:30.407,1390,1501,1134,1507,1699,602,1977,1219,1522,1439
2025-06-24 14:34:30.507,1405,1534,1083,1501,1706,1813,1839,1244,1519,1431
2025-06-24 14:34:30.607,1437,1562,1121,1470,1744,3122,1771,1499,1518,1431
2025-06-24 14:34:30.706,1471,1514,1271,1466,1794,4095,1740,1781,1520,1439
2025-06-24 14:34:30.806,1489,1486,1411,1495,1781,4095,1197,1782,1525,1446
2025-06-24 14:34:30.905,1491,1479,1523,1488,1714,4095,935,1842,1529,1441
2025-06-24 14:34:31.004,1521,1493,1680,1475,1623,4095,1010,1553,1523,1437
2025-06-24 14:34:31.103,1552,1527,1861,1572,1517,3453,1089,1456,1520,1435
2025-06-24 14:34:31.203,1554,1581,2010,1582,1523,1579,1163,1503,1531,1451
2025-06-24 14:34:31.303,1584,1617,2130,1552,1493,701,1247,1637,1535,1453
2025-06-24 14:34:31.402,1592,1635,2205,1584,1435,818,1395,1823,1529,1439
2025-06-24 14:34:31.501,1531,1642,1909,1580,1401,1200,1672,1706,1527,1446
2025-06-24 14:34:31.601,1473,1713,1680,1439,1406,370,1870,1639,1542,1451
2025-06-24 14:34:31.700,1447,1693,1609,1411,1456,0,2214,1694,1525,1445
2025-06-24 14:34:31.800,1443,1600,1600,1438,1561,0,2238,1764,1533,1447
2025-06-24 14:34:31.900,1455,1499,1559,1435,1596,0,2026,1791,1526,1440
2025-06-24 14:34:31.999,1460,1479,1509,1438,1709,0,1840,1686,1520,1431
2025-06-24 14:34:32.099,1463,1491,1216,1513,1766,118,1764,1878,1525,1440
2025-06-24 14:34:32.199,1410,1510,858,1498,1706,976,1749,1755,1531,1449
2025-06-24 14:34:32.298,1383,1527,850,1296,1563,2032,1390,1394,1518,1434
2025-06-24 14:34:32.397,1391,1520,970,973,1450,2867,1296,1264,1520,1435
2025-06-24 14:34:32.496,1419,1582,1168,742,1424,3446,1327,1555,1525,1440
2025-06-24 14:34:32.595,1447,1543,1316,706,1381,3655,1343,1841,1523,1442
2025-06-24 14:34:32.694,1472,1520,1457,851,1344,3524,1383,2084,1525,1445
2025-06-24 14:34:32.793,1472,1506,1547,1072,1349,3383,1408,1980,1511,1431
2025-06-24 14:34:32.893,1507,1529,1638,1136,1330,1440,1486,1761,1531,1453
2025-06-24 14:34:32.992,1533,1542,1808,1232,1276,304,1623,1587,1547,1452
2025-06-24 14:34:33.091,1550,1574,1883,1434,1348,400,1802,1405,1535,1452
2025-06-24 14:34:33.191,1584,1616,1973,1594,1367,899,2019,1387,1526,1441
2025-06-24 14:34:33.291,1618,1605,2107,1751,1357,700,1794,1264,1531,1444
2025-06-24 14:34:33.390,1581,1633,1861,1833,1376,0,1498,1179,1520,1433
2025-06-24 14:34:33.489,1505,1665,1647,1877,1483,0,1446,1040,1522,1437
2025-06-24 14:34:33.589,1474,1622,1567,1958,1446,0,1573,944,1522,1438
2025-06-24 14:34:33.688,1459,1520,1490,1950,1439,97,1593,968,1525,1443
2025-06-24 14:34:33.788,1472,1408,1465,2087,1463,656,1277,925,1531,1442
2025-06-24 14:34:33.887,1488,1357,1424,2309,1488,1277,1228,900,1532,1451
2025-06-24 14:34:33.986,1454,1371,1055,2257,1584,2068,1150,971,1521,1438
2025-06-24 14:34:34.085,1437,1442,818,2122,1718,3060,1221,1009,1526,1446
2025-06-24 14:34:34.185,1366,1476,880,1985,1822,4089,1342,752,1520,1436
2025-06-24 14:34:34.284,1355,1488,953,1889,1778,4095,1380,569,1524,1439
2025-06-24 14:34:34.384,1379,1555,1043,1808,1680,4095,1472,624,1526,1441
2025-06-24 14:34:34.484,1390,1522,1087,1616,1505,4095,1599,688,1515,1427
2025-06-24 14:34:34.584,1426,1488,1170,1454,1485,2153,1936,839,1520,1434
2025-06-24 14:34:34.684,1459,1509,1168,1315,1510,752,2178,593,1541,1446
2025-06-24 14:34:34.783,1483,1520,1185,1231,1469,633,2026,397,1532,1442
2025-06-24 14:34:34.883,1507,1529,1291,1093,1481,1008,1756,522,1547,1457
2025-06-24 14:34:34.982,1521,1577,1414,1154,1513,878,1571,906,1535,1451
2025-06-24 14:34:35.082,1551,1647,1567,1250,1461,0,1518,1454,1541,1456
2025-06-24 14:34:35.182,1600,1667,1733,1371,1506,0,1649,1813,1525,1440
2025-06-24 14:34:35.282,1590,1693,1545,1433,1568,0,1424,2139,1524,1446
2025-06-24 14:34:35.382,1523,1742,1302,1492,1611,0,1243,2330,1527,1447
2025-06-24 14:34:35.481,1491,1670,1195,1495,1559,277,1096,2341,1521,1438
2025-06-24 14:34:35.581,1456,1552,1137,1520,1552,1069,1034,2336,1525,1441
2025-06-24 14:34:35.681,1472,1427,1122,1594,1491,2032,1047,2155,1521,1422
2025-06-24 14:34:35.781,1470,1383,1213,1549,1456,2821,1121,1823,1517,1429
2025-06-24 14:34:35.881,1459,1408,1270,1535,1440,3396,1344,1648,1525,1445
2025-06-24 14:34:35.980,1440,1463,836,1565,1395,3801,1571,1334,1525,1442
2025-06-24 14:34:36.080,1358,1473,581,1621,1442,4095,1902,1207,1534,1449
2025-06-24 14:34:36.180,1335,1486,610,1582,1450,4095,2083,1342,1532,1447
2025-06-24 14:34:36.280,1353,1556,698,1427,1554,2070,1867,1819,1531,1446
2025-06-24 14:34:36.380,1379,1479,983,1145,1662,675,1632,2198,1535,1449
2025-06-24 14:34:36.479,1413,1477,1230,959,1552,461,1467,2313,1527,1443
2025-06-24 14:34:36.579,1457,1463,1495,925,1470,757,1360,2175,1526,1439
2025-06-24 14:34:36.679,1495,1509,1847,982,1399,557,1290,1727,1523,1443
2025-06-24 14:34:36.779,1535,1494,2254,1090,1413,0,1088,1424,1520,1431
2025-06-24 14:34:36.878,1568,1535,2544,1232,1392,0,938,1317,1519,1431
2025-06-24 14:34:36.977,1584,1590,2742,1378,1427,0,820,1295,1525,1440
2025-06-24 14:34:37.077,1616,1641,2893,1454,1474,157,853,1222,1525,1442
2025-06-24 14:34:37.177,1625,1710,2925,1584,1449,1152,1035,1138,1522,1441
2025-06-24 14:34:37.277,1563,1765,2668,1690,1453,2243,1072,1097,1521,1443
2025-06-24 14:34:37.377,1522,1707,2258,1817,1444,3473,1264,1104,1515,1427
2025-06-24 14:34:37.476,1503,1584,2043,1852,1474,4095,1488,1252,1522,1434
2025-06-24 14:34:37.576,1495,1483,1882,1865,1507,4095,1706,1386,1526,1441
2025-06-24 14:34:37.676,1483,1457,1730,1937,1522,4095,2142,1365,1533,1451
2025-06-24 14:34:37.776,1481,1471,1633,1941,1479,4095,2123,1233,1534,1450
2025-06-24 14:34:37.876,1456,1485,1542,2066,1420,4095,1741,813,1530,1443
2025-06-24 14:34:37.975,1402,1510,1336,2138,1405,2374,1580,534,1530,1445
2025-06-24 14:34:38.075,1402,1523,700,2018,1407,1643,1521,639,1542,1451
2025-06-24 14:34:38.175,1431,1553,624,1907,1447,1567,1505,857,1525,1437
2025-06-24 14:34:38.279,1470,1496,833,1785,1525,1396,1437,1191,1526,1439
2025-06-24 14:34:38.378,1505,1494,1062,1662,1547,667,1057,1415,1525,1437
2025-06-24 14:34:38.477,1535,1497,1280,1478,1587,0,944,1501,1531,1447
2025-06-24 14:34:38.576,1562,1504,1507,1383,1680,0,1008,1365,1521,1436
2025-06-24 14:34:38.675,1574,1558,1739,1296,1820,0,1093,1040,1531,1442
2025-06-24 14:34:38.774,1578,1605,1965,1242,1712,0,1215,856,1530,1450
2025-06-24 14:34:38.874,1584,1634,2165,1268,1494,0,1369,944,1531,1438
2025-06-24 14:34:38.974,1602,1680,2286,1359,1424,1233,1587,1239,1523,1439
2025-06-24 14:34:39.074,1565,1711,2379,1415,1408,3130,1886,1575,1523,1442
2025-06-24 14:34:39.174,1507,1729,2486,1488,1425,4095,2250,1811,1516,1430
2025-06-24 14:34:39.275,1473,1648,2219,1488,1478,4095,2228,1978,1518,1433
2025-06-24 14:34:39.370,1471,1492,1938,1520,1488,4095,2073,2107,1521,1436
2025-06-24 14:34:39.470,1471,1379,1777,1550,1495,4095,1870,2142,1531,1443
2025-06-24 14:34:39.570,1472,1368,1520,1531,1526,4095,1763,2093,1534,1447
2025-06-24 14:34:39.670,1439,1395,1335,1520,1519,3771,1756,1817,1527,1437
2025-06-24 14:34:39.770,1377,1427,1152,1489,1550,1883,1200,1285,1523,1437
2025-06-24 14:34:39.870,1360,1470,1087,1497,1490,943,976,897,1531,1446
2025-06-24 14:34:39.970,1349,1462,1089,1414,1441,774,975,767,1533,1443
2025-06-24 14:34:40.070,1395,1514,811,1169,1488,873,1022,991,1534,1450
2025-06-24 14:34:40.170,1425,1449,245,945,1493,0,1235,1570,1520,1437
2025-06-24 14:34:40.269,1438,1439,159,895,1460,0,1392,1818,1529,1440
2025-06-24 14:34:40.368,1456,1434,347,841,1426,0,1666,1853,1527,1441
2025-06-24 14:34:40.467,1473,1456,638,1003,1477,0,2066,2024,1520,1445
2025-06-24 14:34:40.566,1487,1490,1011,1159,1456,0,2350,2270,1520,1440
2025-06-24 14:34:40.665,1501,1535,1439,1296,1488,1175,2549,2309,1526,1439
2025-06-24 14:34:40.765,1526,1568,1847,1424,1641,3015,2498,2061,1519,1430
2025-06-24 14:34:40.865,1513,1617,2207,1510,1742,4095,2262,1955,1513,1429
2025-06-24 14:34:40.965,1466,1712,2490,1599,1695,4095,2119,1972,1518,1434
2025-06-24 14:34:41.064,1449,1761,2807,1709,1568,4095,2018,2033,1523,1431
2025-06-24 14:34:41.164,1410,1703,3024,1821,1459,4095,1719,2224,1521,1436
2025-06-24 14:34:41.264,1407,1552,2749,1853,1472,4095,1121,2333,1533,1451
2025-06-24 14:34:41.364,1416,1437,2411,1870,1479,4095,1006,2426,1530,1444
2025-06-24 14:34:41.464,1431,1428,2256,1983,1516,2634,1098,2458,1533,1446
2025-06-24 14:34:41.563,1391,1439,2125,2045,1543,1150,1226,2365,1533,1445
2025-06-24 14:34:41.663,1373,1461,2023,1982,1518,542,1313,2130,1543,1456
2025-06-24 14:34:41.763,1379,1472,1882,2037,1509,561,1461,1535,1535,1454
2025-06-24 14:34:41.863,1408,1493,1765,2054,1525,607,1505,970,1535,1456
2025-06-24 14:34:41.962,1434,1547,1595,1940,1621,0,1604,699,1530,1445
2025-06-24 14:34:42.061,1456,1491,1105,1760,1545,0,1809,1010,1526,1440
2025-06-24 14:34:42.161,1478,1491,677,1670,1495,0,2083,1587,1534,1447
2025-06-24 14:34:42.260,1493,1482,843,1601,1514,0,1995,1811,1531,1450
2025-06-24 14:34:42.360,1508,1514,1166,1453,1474,0,1665,1953,1531,1446
2025-06-24 14:34:42.459,1516,1518,1297,1394,1502,1205,1546,1991,1524,1446
2025-06-24 14:34:42.559,1519,1520,1296,1334,1483,2654,1472,2243,1521,1437
2025-06-24 14:34:42.659,1546,1573,1281,1311,1470,4095,1267,2266,1519,1431
2025-06-24 14:34:42.759,1526,1596,1328,1328,1470,4095,1023,1984,1520,1440
2025-06-24 14:34:42.859,1479,1678,1328,1422,1507,4095,1003,1648,1521,1436
2025-06-24 14:34:42.959,1457,1706,1367,1470,1546,4095,1072,1503,1520,1441
2025-06-24 14:34:43.058,1440,1605,1411,1522,1674,4095,1117,1424,1520,1437
2025-06-24 14:34:43.158,1461,1462,1175,1569,1731,3149,1137,1283,1520,1436
2025-06-24 14:34:43.258,1482,1394,1007,1559,1630,1770,1190,1169,1531,1443
2025-06-24 14:34:43.358,1498,1393,1075,1477,1479,955,1424,1172,1520,1432
2025-06-24 14:34:43.457,1488,1446,1296,1446,1483,788,1663,1195,1528,1442
2025-06-24 14:34:43.557,1446,1459,1433,1419,1442,1072,1931,1202,1533,1447
2025-06-24 14:34:43.657,1443,1454,1341,1477,1474,535,2014,1377,1529,1442
2025-06-24 14:34:43.757,1456,1454,1138,1533,1434,0,1841,1039,1531,1445
2025-06-24 14:34:43.856,1472,1482,610,1342,1419,0,1711,679,1530,1446
2025-06-24 14:34:43.955,1489,1464,481,1012,1463,0,1555,554,1535,1445
2025-06-24 14:34:44.054,1504,1463,594,939,1559,0,1533,815,1533,1433
2025-06-24 14:34:44.154,1507,1467,739,873,1565,838,1584,1253,1532,1447
2025-06-24 14:34:44.254,1523,1495,927,921,1543,2063,1406,1582,1525,1442
2025-06-24 14:34:44.354,1533,1542,1162,1030,1471,3255,1389,1776,1520,1430
2025-06-24 14:34:44.454,1558,1584,1386,1159,1391,4095,1412,1969,1517,1431
2025-06-24 14:34:44.553,1579,1648,1589,1306,1431,4095,1324,1952,1517,1435
2025-06-24 14:34:44.653,1589,1680,1774,1434,1454,4095,1317,1602,1520,1437
2025-06-24 14:34:44.753,1547,1778,1917,1554,1449,4095,1357,1411,1525,1439
2025-06-24 14:34:44.853,1483,1759,2031,1636,1461,4095,1470,1441,1527,1450
2025-06-24 14:34:44.953,1459,1650,2016,1724,1486,2593,1597,1561,1526,1442
2025-06-24 14:34:45.052,1454,1522,1988,1831,1506,1298,1872,1495,1546,1453
2025-06-24 14:34:45.152,1456,1453,1864,1920,1582,657,2023,1535,1546,1454
2025-06-24 14:34:45.252,1462,1414,1701,1919,1729,525,1745,1546,1524,1439
2025-06-24 14:34:45.352,1449,1425,1605,1966,1814,755,1450,1550,1521,1430
2025-06-24 14:34:45.451,1378,1469,1535,1975,1697,0,1361,1553,1522,1449
2025-06-24 14:34:45.551,1358,1488,1506,1911,1616,0,1392,1489,1514,1425
2025-06-24 14:34:45.651,1407,1498,1546,1909,1570,0,1397,1510,1527,1435
2025-06-24 14:34:45.751,1438,1552,1361,1918,1514,0,1084,1277,1535,1453
2025-06-24 14:34:45.851,1461,1561,883,1895,1471,0,979,1072,1543,1455
2025-06-24 14:34:45.950,1488,1542,789,1760,1439,867,956,1168,1545,1455
2025-06-24 14:34:46.049,1521,1552,919,1648,1433,2032,967,1559,1532,1440
2025-06-24 14:34:46.149,1547,1552,1143,1552,1458,3280,1106,1920,1527,1444
2025-06-24 14:34:46.249,1574,1585,1373,1433,1506,4095,1269,2126,1513,1441
2025-06-24 14:34:46.349,1584,1604,1600,1395,1521,4095,1517,2320,1505,1422
2025-06-24 14:34:46.449,1603,1638,1835,1363,1495,4095,1679,2337,1520,1431
2025-06-24 14:34:46.548,1584,1662,2011,1364,1439,4095,2011,2085,1520,1437
2025-06-24 14:34:46.648,1527,1735,2072,1377,1370,4095,2372,1787,1525,1443
2025-06-24 14:34:46.748,1477,1719,2157,1427,1376,2547,2301,1597,1530,1449
2025-06-24 14:34:46.848,1450,1612,2107,1470,1344,1399,2082,1520,1530,1442
2025-06-24 14:34:46.948,1443,1477,2068,1520,1346,1166,2040,1520,1535,1445
2025-06-24 14:34:47.048,1451,1427,2047,1520,1365,1271,1967,1601,1527,1440
2025-06-24 14:34:47.148,1449,1425,1897,1501,1392,832,1567,1529,1523,1441
2025-06-24 14:34:47.248,1405,1445,1747,1472,1447,0,1173,1578,1531,1446
2025-06-24 14:34:47.348,1357,1494,1648,1502,1529,0,1253,1729,1530,1443
2025-06-24 14:34:47.448,1359,1520,1557,1488,1535,0,1298,2002,1535,1453
2025-06-24 14:34:47.548,1388,1552,1517,1457,1454,0,1225,2297,1526,1430
2025-06-24 14:34:47.648,1410,1565,1472,1479,1358,192,1188,2367,1527,1443
2025-06-24 14:34:47.747,1425,1550,1471,1441,1334,927,1322,2006,1533,1443
2025-06-24 14:34:47.847,1459,1553,1117,1445,1379,1884,1516,1714,1526,1447
2025-06-24 14:34:47.947,1479,1569,720,1274,1391,2691,1693,1689,1530,1447
2025-06-24 14:34:48.046,1515,1579,742,999,1360,3179,1973,1776,1526,1442
2025-06-24 14:34:48.146,1535,1600,1073,878,1371,3583,2158,2150,1520,1437
2025-06-24 14:34:48.246,1567,1603,1433,867,1483,4095,1981,2304,1523,1441
2025-06-24 14:34:48.349,1603,1647,1671,917,1456,3334,1776,2294,1522,1440
2025-06-24 14:34:48.448,1587,1654,1837,1022,1520,1489,1648,1936,1517,1434
2025-06-24 14:34:48.547,1514,1693,1977,1237,1568,782,1469,1648,1526,1437
2025-06-24 14:34:48.646,1483,1664,2090,1410,1521,946,1423,1405,1531,1443
2025-06-24 14:34:48.745,1469,1546,2077,1519,1438,1287,1178,1407,1533,1445
2025-06-24 14:34:48.844,1466,1435,1952,1615,1438,285,1104,1488,1531,1446
2025-06-24 14:34:48.944,1471,1399,1788,1698,1421,0,1130,1588,1532,1441
2025-06-24 14:34:49.043,1456,1437,1666,1824,1458,0,1213,1712,1527,1441
2025-06-24 14:34:49.143,1408,1471,1622,1938,1389,0,1296,1690,1535,1439
2025-06-24 14:34:49.243,1360,1477,1499,1953,1408,32,1422,1744,1525,1440
2025-06-24 14:34:49.344,1361,1494,1488,2000,1449,719,1568,1730,1522,1436
2025-06-24 14:34:49.439,1382,1535,1573,2016,1590,1618,1621,1689,1522,1438
2025-06-24 14:34:49.539,1383,1517,1616,1953,1648,2608,1808,1755,1532,1447
2025-06-24 14:34:49.639,1427,1527,1665,1872,1596,3727,1831,1325,1520,1438
2025-06-24 14:34:49.739,1470,1518,1745,1832,1440,4095,1669,781,1523,1439
2025-06-24 14:34:49.839,1517,1517,1869,1743,1408,4095,1350,631,1532,1446
2025-06-24 14:34:49.939,1511,1545,1721,1706,1471,4095,1231,855,1527,1445
2025-06-24 14:34:50.039,1559,1571,1249,1649,1456,2246,1162,1056,1520,1438
2025-06-24 14:34:50.138,1585,1594,1142,1584,1392,479,1173,1168,1523,1439
2025-06-24 14:34:50.238,1625,1600,1179,1574,1446,119,1075,1491,1522,1443
2025-06-24 14:34:50.338,1591,1644,1359,1449,1446,352,966,1743,1529,1438
2025-06-24 14:34:50.438,1551,1639,1585,1408,1484,287,1059,1451,1522,1435
2025-06-24 14:34:50.538,1511,1582,1757,1424,1572,0,1075,1054,1525,1440
2025-06-24 14:34:50.637,1506,1488,1946,1407,1533,0,1172,710,1531,1444
2025-06-24 14:34:50.737,1501,1396,2125,1413,1511,0,1268,642,1522,1443
2025-06-24 14:34:50.837,1504,1399,2282,1488,1471,0,1345,517,1519,1434
2025-06-24 14:34:50.936,1489,1397,2391,1479,1479,0,1532,462,1522,1439
2025-06-24 14:34:51.036,1419,1456,2294,1522,1461,686,1768,704,1525,1439
2025-06-24 14:34:51.136,1347,1453,2069,1505,1471,1662,2032,925,1515,1426
2025-06-24 14:34:51.236,1376,1549,1890,1431,1520,2687,2081,1266,1522,1440
2025-06-24 14:34:51.336,1397,1600,1757,1469,1584,3563,1772,1296,1529,1446
2025-06-24 14:34:51.435,1427,1562,1600,1490,1793,3963,1618,1395,1535,1442
2025-06-24 14:34:51.535,1454,1562,1477,1502,1831,4095,1646,1531,1542,1453
2025-06-24 14:34:51.634,1485,1560,1326,1579,1633,3749,1535,1574,1533,1450
2025-06-24 14:34:51.734,1505,1566,761,1584,1503,1200,1452,1488,1525,1441
2025-06-24 14:34:51.833,1533,1597,430,1541,1439,0,1181,1712,1534,1446
2025-06-24 14:34:51.932,1554,1623,422,1563,1477,170,1152,1921,1543,1453
2025-06-24 14:34:52.031,1584,1649,496,1524,1509,807,1003,1931,1527,1437
2025-06-24 14:34:52.130,1604,1679,785,1502,1494,464,1131,1921,1527,1443
2025-06-24 14:34:52.229,1558,1726,1058,1339,1454,0,1168,1766,1526,1443
2025-06-24 14:34:52.328,1511,1709,1278,1103,1497,0,1275,1117,1530,1452
2025-06-24 14:34:52.427,1477,1585,1492,894,1510,0,1504,592,1525,1440
2025-06-24 14:34:52.526,1471,1465,1675,833,1584,0,1675,398,1529,1438
2025-06-24 14:34:52.626,1458,1421,1799,891,1501,671,1997,479,1525,1439
2025-06-24 14:34:52.726,1458,1522,1872,1049,1457,1649,2225,432,1522,1446
2025-06-24 14:34:52.826,1426,1407,1654,1174,1476,2753,2082,682,1523,1439
2025-06-24 14:34:52.926,1354,1483,1488,1299,1520,4095,1926,786,1524,1439
2025-06-24 14:34:53.025,1340,1517,1453,1415,1561,4095,1798,969,1520,1437
2025-06-24 14:34:53.124,1360,1566,1437,1659,1591,4095,1765,1223,1520,1440
2025-06-24 14:34:53.223,1375,1554,1474,1723,1584,4095,1441,1393,1520,1439
2025-06-24 14:34:53.323,1406,1443,1414,1808,1711,2943,1280,1494,1520,1436
2025-06-24 14:34:53.422,1456,1357,1150,1841,1871,1245,1367,1552,1520,1437
2025-06-24 14:34:53.522,1498,1362,1165,1943,1763,641,1392,1360,1525,1445
2025-06-24 14:34:53.621,1533,1362,1296,1963,1501,1097,1461,1200,1523,1438
2025-06-24 14:34:53.721,1568,1394,1360,2014,1418,1648,1514,1341,1530,1440
2025-06-24 14:34:53.820,1612,1406,1357,1963,1430,675,1491,1936,1521,1431
2025-06-24 14:34:53.920,1627,1456,1454,1844,1477,0,1553,2459,1531,1444
2025-06-24 14:34:54.019,1593,1498,1521,1821,1473,0,1535,2656,1534,1449
2025-06-24 14:34:54.118,1531,1622,1662,1851,1478,0,1857,2453,1535,1449
2025-06-24 14:34:54.217,1495,1623,1829,1744,1375,0,2206,1997,1543,1446
2025-06-24 14:34:54.317,1483,1552,1985,1705,1447,494,1956,1584,1527,1445
2025-06-24 14:34:54.416,1469,1476,2167,1591,1472,1791,1698,1248,1525,1433
2025-06-24 14:34:54.516,1475,1466,2292,1501,1517,2993,1567,1254,1530,1445
2025-06-24 14:34:54.615,1462,1475,2179,1442,1532,4095,1626,1350,1522,1456
2025-06-24 14:34:54.715,1397,1511,2069,1346,1483,4095,1460,1386,1527,1443
2025-06-24 14:34:54.814,1389,1543,1978,1329,1472,4095,1242,1452,1517,1428
2025-06-24 14:34:54.914,1413,1570,1883,1373,1457,4095,1157,1649,1522,1439
2025-06-24 14:34:55.013,1446,1648,1851,1457,1472,3573,1217,1841,1526,1447
2025-06-24 14:34:55.112,1483,1605,1787,1424,1534,1827,1298,1904,1531,1443
2025-06-24 14:34:55.212,1498,1574,1454,1403,1615,1096,1315,1831,1526,1443
2025-06-24 14:34:55.312,1565,1482,1323,1468,1760,1276,1295,1699,1520,1435
2025-06-24 14:34:55.412,1587,1413,1270,1619,1822,1808,1338,1227,1519,1430
2025-06-24 14:34:55.512,1588,1375,1471,1570,1597,805,1430,910,1534,1445
2025-06-24 14:34:55.612,1619,1377,1740,1545,1429,0,1786,1085,1553,1461
2025-06-24 14:34:55.712,1638,1427,1823,1493,1361,0,1941,1616,1535,1447
2025-06-24 14:34:55.812,1589,1459,1785,1455,1398,0,1778,2123,1525,1439
2025-06-24 14:34:55.912,1521,1534,1732,1487,1472,0,1531,2512,1520,1430
2025-06-24 14:34:56.012,1471,1680,1746,1503,1438,470,1457,2348,1525,1441
2025-06-24 14:34:56.111,1442,1683,1689,1518,1425,1901,1450,1812,1522,1424
2025-06-24 14:34:56.211,1424,1558,1791,1521,1429,3481,1360,1383,1523,1424
2025-06-24 14:34:56.311,1428,1463,1915,1517,1505,4095,1072,1328,1527,1444
2025-06-24 14:34:56.411,1409,1520,1763,1497,1489,4095,1164,1341,1520,1435
2025-06-24 14:34:56.511,1360,1561,1648,1535,1418,4095,1187,1499,1529,1442
2025-06-24 14:34:56.610,1359,1586,1510,1579,1487,4095,1338,1589,1519,1433
2025-06-24 14:34:56.710,1381,1563,1375,1568,1465,4095,1447,1647,1522,1439
2025-06-24 14:34:56.810,1414,1521,1251,1488,1447,2319,1472,1631,1525,1441
2025-06-24 14:34:56.910,1446,1529,1077,1470,1452,1350,1590,1600,1533,1447
2025-06-24 14:34:57.010,1470,1474,739,1147,1585,1259,1807,1542,1534,1443
2025-06-24 14:34:57.109,1491,1451,686,1008,1595,1426,2114,1437,1552,1455
2025-06-24 14:34:57.209,1513,1459,751,934,1754,1058,2437,1295,1531,1441
2025-06-24 14:34:57.309,1518,1545,877,1003,1876,0,2281,991,1525,1443
2025-06-24 14:34:57.409,1554,1609,1010,1074,1739,0,1985,918,1531,1434
2025-06-24 14:34:57.508,1567,1619,1186,1202,1578,0,1829,1099,1531,1446
2025-06-24 14:34:57.607,1525,1625,1334,1332,1504,0,1719,1469,1523,1444
2025-06-24 14:34:57.707,1473,1597,1517,1459,1468,592,1603,1798,1520,1430
2025-06-24 14:34:57.807,1431,1678,1649,1535,1473,2077,1315,1958,1520,1425
2025-06-24 14:34:57.907,1422,1746,1828,1571,1438,3712,1195,2197,1522,1439
2025-06-24 14:34:58.007,1434,1689,2006,1598,1403,4095,1145,2240,1522,1437
2025-06-24 14:34:58.107,1448,1598,1904,1712,1378,4095,1165,2084,1527,1445
2025-06-24 14:34:58.207,1447,1463,1777,1838,1392,4095,1152,1967,1529,1446
2025-06-24 14:34:58.307,1392,1424,1779,1894,1392,4095,1185,1819,1535,1451
2025-06-24 14:34:58.411,1370,1315,1750,1965,1404,4095,739,1665,1529,1446
2025-06-24 14:34:58.510,1395,1271,1577,1987,1401,2247,761,1594,1520,1434
2025-06-24 14:34:58.609,1421,1246,970,1877,1427,572,1250,1379,1530,1427
2025-06-24 14:34:58.708,1446,1172,569,1876,1467,0,1794,1211,1531,1444
2025-06-24 14:34:58.807,1476,1216,525,1877,1507,53,1751,1063,1519,1434
2025-06-24 14:34:58.906,1501,1231,656,1806,1488,373,1438,1040,1527,1440
2025-06-24 14:34:59.006,1520,1311,867,1706,1551,0,1207,1296,1527,1438
2025-06-24 14:34:59.106,1552,1417,1088,1591,1680,0,1252,1234,1525,1446
2025-06-24 14:34:59.206,1566,1524,1260,1458,1823,0,1330,938,1530,1446
2025-06-24 14:34:59.306,1602,1619,1413,1355,1755,0,1147,547,1535,1452
2025-06-24 14:34:59.407,1616,1691,1589,1376,1601,29,1032,454,1530,1456
2025-06-24 14:34:59.502,1552,1723,1681,1359,1459,1066,1022,742,1520,1434
2025-06-24 14:34:59.601,1489,1782,1815,1418,1453,2346,1154,1127,1517,1434
2025-06-24 14:34:59.701,1456,1765,1718,1424,1455,3794,1209,1390,1519,1433
2025-06-24 14:34:59.801,1453,1747,1485,1471,1456,4095,1317,1637,1525,1443
2025-06-24 14:34:59.900,1457,1699,1392,1456,1419,4095,1509,1894,1525,1443
2025-06-24 14:34:59.999,1465,1551,1364,1477,1395,4095,1667,1998,1531,1441
2025-06-24 14:35:00.098,1455,1435,1389,1478,1417,4095,1769,1947,1525,1440
2025-06-24 14:35:00.204,1387,1453,1156,1430,1436,3337,2204,1725,1543,1453
2025-06-24 14:35:00.298,1357,1518,752,1544,1407,1789,2417,1591,1535,1449
2025-06-24 14:35:00.398,1370,1558,681,1567,1449,901,2224,1424,1533,1436
2025-06-24 14:35:00.498,1392,1610,791,1555,1409,813,1951,1359,1531,1442
2025-06-24 14:35:00.597,1421,1663,913,1527,1377,1185,1888,1090,1524,1438
2025-06-24 14:35:00.696,1443,1711,1032,1438,1393,779,1791,848,1529,1442
2025-06-24 14:35:00.796,1454,1616,1190,1488,1449,0,1246,989,1525,1434
2025-06-24 14:35:00.896,1485,1567,1380,1567,1565,0,847,1191,1520,1434
2025-06-24 14:35:00.996,1488,1555,1558,1543,1683,0,939,1170,1520,1434
2025-06-24 14:35:01.096,1520,1613,1789,1564,1841,0,1071,1180,1541,1453
2025-06-24 14:35:01.195,1552,1634,2062,1499,1722,704,1161,991,1548,1456
2025-06-24 14:35:01.295,1587,1635,2261,1589,1488,1995,1373,624,1543,1456
2025-06-24 14:35:01.395,1552,1642,2135,1520,1416,3399,1680,481,1535,1446
2025-06-24 14:35:01.495,1494,1659,1845,1551,1439,4095,1884,609,1520,1437
2025-06-24 14:35:01.595,1462,1695,1711,1529,1465,4095,2032,976,1520,1436
2025-06-24 14:35:01.694,1429,1712,1627,1468,1479,4095,2341,1479,1511,1431
2025-06-24 14:35:01.794,1437,1648,1561,1493,1455,4095,2509,1899,1517,1427
2025-06-24 14:35:01.894,1442,1543,1407,1507,1381,4095,2364,1901,1520,1431
2025-06-24 14:35:01.994,1446,1493,965,1517,1326,3086,2211,1952,1525,1440
2025-06-24 14:35:02.094,1407,1448,784,1570,1323,1926,2138,2000,1526,1441
2025-06-24 14:35:02.193,1377,1415,831,1546,1348,1462,2032,2015,1527,1444
2025-06-24 14:35:02.292,1386,1450,1034,1519,1453,1344,1506,1627,1535,1447
2025-06-24 14:35:02.392,1403,1450,1185,1500,1458,1322,1446,1507,1542,1453
2025-06-24 14:35:02.491,1423,1517,1398,1277,1490,0,1370,1602,1545,1455
2025-06-24 14:35:02.591,1471,1552,1951,983,1519,0,1345,1627,1527,1440
2025-06-24 14:35:02.690,1488,1535,2739,887,1534,0,1435,1491,1520,1431
2025-06-24 14:35:02.790,1522,1519,2871,914,1657,0,1488,1527,1529,1444
2025-06-24 14:35:02.889,1535,1535,2437,962,1826,385,1569,1648,1529,1443
2025-06-24 14:35:02.989,1547,1564,1951,1219,1831,1587,1605,1744,1527,1441
2025-06-24 14:35:03.089,1566,1604,1543,1373,1638,2755,1647,1724,1530,1440
2025-06-24 14:35:03.188,1585,1629,1191,1453,1451,4095,1856,1838,1522,1441
2025-06-24 14:35:03.288,1575,1657,1008,1534,1357,4095,1808,1874,1526,1443
2025-06-24 14:35:03.388,1483,1682,981,1584,1392,4095,1594,1525,1534,1447
2025-06-24 14:35:03.488,1457,1684,1104,1664,1472,4095,1547,1231,1529,1443
2025-06-24 14:35:03.587,1447,1661,1183,1749,1511,4095,1503,1424,1529,1441
2025-06-24 14:35:03.686,1452,1554,1111,1829,1551,3235,1408,1809,1531,1446
2025-06-24 14:35:03.786,1458,1447,704,1906,1523,1670,1205,2146,1541,1454
2025-06-24 14:35:03.886,1462,1429,613,1909,1509,711,1152,2090,1535,1450
2025-06-24 14:35:03.986,1424,1453,817,1811,1523,423,1033,2078,1535,1447
2025-06-24 14:35:04.085,1409,1482,1035,1840,1531,529,1053,2256,1527,1443
2025-06-24 14:35:04.184,1420,1492,1251,1899,1473,0,1069,2178,1523,1435
2025-06-24 14:35:04.284,1438,1528,1521,1914,1468,0,1119,1808,1523,1439
2025-06-24 14:35:04.384,1461,1588,1761,1840,1495,0,1349,1489,1524,1436
2025-06-24 14:35:04.484,1487,1559,1966,1648,1533,0,1549,1314,1522,1436
2025-06-24 14:35:04.584,1504,1529,2092,1528,1567,509,1825,1072,1513,1427
2025-06-24 14:35:04.683,1517,1530,2194,1440,1664,1761,2002,816,1523,1436
2025-06-24 14:35:04.783,1547,1546,2252,1395,1793,2876,1872,923,1519,1425
2025-06-24 14:35:04.883,1551,1564,2176,1391,1643,3906,1707,1095,1521,1427
2025-06-24 14:35:04.983,1565,1587,2115,1374,1442,4095,1476,1265,1523,1425
2025-06-24 14:35:05.082,1584,1611,1923,1375,1360,4095,1407,1457,1526,1441
2025-06-24 14:35:05.181,1544,1615,1814,1446,1321,3703,1415,1552,1533,1449
2025-06-24 14:35:05.281,1492,1652,1833,1443,1424,4095,1179,1377,1525,1441
2025-06-24 14:35:05.381,1470,1683,1895,1447,1425,2502,1188,991,1530,1443
2025-06-24 14:35:05.481,1467,1627,2077,1519,1431,944,1275,677,1533,1445
2025-06-24 14:35:05.581,1477,1524,1869,1600,1503,491,1326,766,1521,1437
2025-06-24 14:35:05.680,1491,1438,1357,1554,1579,560,1310,1076,1520,1426
2025-06-24 14:35:05.780,1485,1456,1079,1471,1572,411,1330,1333,1528,1439
2025-06-24 14:35:05.880,1435,1457,1047,1578,1549,0,1391,1562,1527,1441
2025-06-24 14:35:05.980,1456,1479,1117,1522,1591,0,1469,1759,1521,1439
2025-06-24 14:35:06.079,1459,1523,1273,1472,1612,0,1709,1451,1534,1452
2025-06-24 14:35:06.179,1494,1523,1479,1553,1591,0,1946,1197,1523,1438
2025-06-24 14:35:06.279,1522,1585,1643,1577,1494,263,1904,1217,1527,1441
2025-06-24 14:35:06.379,1520,1563,1962,1570,1515,954,1590,1291,1535,1453
2025-06-24 14:35:06.479,1546,1511,2379,1624,1593,1693,1509,1455,1525,1452
2025-06-24 14:35:06.579,1527,1485,2416,1590,1611,2320,1474,1680,1519,1427
2025-06-24 14:35:06.679,1564,1498,2194,1531,1571,2827,1489,1859,1534,1447
2025-06-24 14:35:06.779,1553,1519,1790,1574,1499,3275,1335,1941,1522,1443
2025-06-24 14:35:06.879,1559,1553,1514,1583,1367,4095,1285,2005,1542,1455
2025-06-24 14:35:06.979,1562,1600,1441,1549,1317,2709,1328,2227,1541,1455
2025-06-24 14:35:07.079,1494,1614,1358,1435,1407,986,1342,2695,1535,1454
2025-06-24 14:35:07.178,1428,1653,1299,1472,1418,561,1302,2587,1542,1454
2025-06-24 14:35:07.277,1394,1683,1031,1507,1413,849,1212,1862,1533,1451
2025-06-24 14:35:07.377,1395,1587,675,1486,1381,1125,1360,1313,1523,1438
2025-06-24 14:35:07.477,1407,1505,866,1493,1440,282,1548,939,1529,1439
2025-06-24 14:35:07.576,1414,1458,948,1549,1462,0,1685,1036,1525,1439
2025-06-24 14:35:07.676,1409,1487,853,1568,1494,1,1982,1165,1535,1456
2025-06-24 14:35:07.776,1383,1504,720,1563,1530,423,1889,1238,1525,1437
2025-06-24 14:35:07.876,1385,1511,770,1491,1511,1093,1633,1360,1522,1439
2025-06-24 14:35:07.976,1392,1533,907,1504,1437,1703,1510,1521,1522,1441
2025-06-24 14:35:08.076,1418,1535,1125,1504,1415,2266,1380,1488,1520,1441
2025-06-24 14:35:08.175,1441,1581,1371,1456,1369,2738,1037,1535,1520,1440
2025-06-24 14:35:08.275,1465,1590,1615,1511,1371,3237,287,1726,1521,1441
2025-06-24 14:35:08.375,1482,1598,1600,1472,1439,3542,0,1916,1527,1446
2025-06-24 14:35:08.478,1506,1566,1483,1431,1713,4095,91,1793,1525,1439
2025-06-24 14:35:08.577,1506,1563,1291,1239,1728,3565,372,1530,1531,1445
2025-06-24 14:35:08.677,1533,1557,1136,1036,1570,1370,668,1391,1522,1438
2025-06-24 14:35:08.776,1552,1571,1057,881,1530,341,1077,1424,1535,1442
2025-06-24 14:35:08.875,1555,1563,981,901,1604,479,1482,1802,1534,1443
2025-06-24 14:35:08.974,1510,1584,903,1023,1661,803,1770,1839,1534,1449
2025-06-24 14:35:09.073,1454,1600,464,1175,1648,67,2076,1469,1533,1449
2025-06-24 14:35:09.172,1426,1600,423,1296,1532,0,2368,345,1529,1441
2025-06-24 14:35:09.272,1424,1492,617,1402,1489,0,2263,0,1524,1439
2025-06-24 14:35:09.372,1440,1369,886,1530,1427,0,2090,0,1531,1443
2025-06-24 14:35:09.473,1458,1335,1138,1727,1359,0,1965,0,1533,1445
2025-06-24 14:35:09.568,1464,1346,1487,1762,1360,434,1907,0,1525,1440
2025-06-24 14:35:09.668,1423,1408,1818,1771,1367,1459,1833,0,1526,1438
2025-06-24 14:35:09.767,1413,1449,2109,1840,1367,2669,1655,0,1524,1442
2025-06-24 14:35:09.867,1421,1499,2198,1950,1303,3706,1533,75,1524,1441
2025-06-24 14:35:09.967,1427,1511,2239,1904,1350,4095,1401,560,1517,1431
2025-06-24 14:35:10.067,1443,1547,2192,1902,1407,4095,1113,0,1519,1430
2025-06-24 14:35:10.167,1465,1563,2102,1935,1439,4095,663,0,1520,1431
2025-06-24 14:35:10.266,1473,1550,1963,1984,1630,2233,443,0,1535,1450
2025-06-24 14:35:10.366,1494,1511,1871,1861,1835,673,505,0,1527,1441
2025-06-24 14:35:10.465,1510,1459,1787,1651,1766,212,793,0,1531,1443
2025-06-24 14:35:10.565,1535,1409,1761,1456,1556,473,1102,0,1534,1454
2025-06-24 14:35:10.664,1549,1437,1712,1369,1425,915,1567,0,1529,1447
2025-06-24 14:35:10.763,1584,1478,1607,1334,1435,0,1781,878,1533,1440
2025-06-24 14:35:10.862,1573,1522,1150,1313,1456,0,1745,2237,1525,1439
2025-06-24 14:35:10.962,1510,1584,876,1367,1385,0,1778,4095,1515,1435
2025-06-24 14:35:11.062,1458,1595,867,1361,1325,0,1894,4095,1527,1443
2025-06-24 14:35:11.162,1449,1534,1040,1383,1258,342,1999,4095,1525,1442
2025-06-24 14:35:11.261,1443,1446,1152,1457,1262,1413,2109,4095,1523,1440
2025-06-24 14:35:11.361,1441,1393,1279,1552,1313,2647,2006,4095,1520,1437
2025-06-24 14:35:11.461,1455,1421,1525,1587,1348,4095,2018,4095,1525,1424
2025-06-24 14:35:11.561,1431,1475,1747,1555,1443,4095,1991,4095,1524,1441
2025-06-24 14:35:11.661,1378,1507,1921,1517,1436,4095,1955,4095,1525,1442
2025-06-24 14:35:11.760,1360,1566,2053,1533,1489,4095,1872,4095,1546,1454
2025-06-24 14:35:11.860,1370,1633,2018,1521,1507,4095,1791,4095,1534,1451
2025-06-24 14:35:11.960,1406,1642,1946,1545,1559,2288,1712,2862,1542,1453
2025-06-24 14:35:12.060,1431,1593,1829,1555,1584,1030,1758,2212,1535,1443
2025-06-24 14:35:12.160,1443,1559,1700,1487,1673,781,1981,1857,1522,1435
2025-06-24 14:35:12.260,1497,1586,1719,1569,1849,1155,2179,1715,1534,1446
2025-06-24 14:35:12.360,1544,1585,1706,1621,1816,1251,2001,1587,1523,1439
2025-06-24 14:35:12.460,1569,1600,1744,1570,1658,0,1806,1510,1522,1443
2025-06-24 14:35:12.560,1595,1598,1761,1558,1520,0,1669,1421,1523,1439
2025-06-24 14:35:12.660,1617,1635,1629,1511,1488,0,1593,1213,1530,1440
2025-06-24 14:35:12.759,1622,1654,1152,1520,1499,0,1535,1031,1530,1445
2025-06-24 14:35:12.859,1572,1707,1037,1489,1482,257,1378,928,1529,1447
2025-06-24 14:35:12.959,1511,1682,1116,1515,1423,1508,1344,613,1525,1438
2025-06-24 14:35:13.058,1486,1553,1279,1569,1393,2843,1277,135,1520,1434
2025-06-24 14:35:13.158,1456,1457,1422,1552,1324,4095,1315,0,1526,1438
2025-06-24 14:35:13.257,1419,1418,1524,1543,1333,4095,1329,18,1523,1440
2025-06-24 14:35:13.357,1392,1443,1671,1621,1312,4095,1387,585,1517,1430
2025-06-24 14:35:13.456,1334,1461,1835,1568,1411,4095,1503,1264,1520,1437
2025-06-24 14:35:13.556,1263,1513,1968,1526,1456,4095,1610,1635,1527,1445
2025-06-24 14:35:13.656,1237,1493,1999,1503,1469,2069,1634,1935,1533,1451
2025-06-24 14:35:13.755,1249,1567,1985,1488,1456,790,1837,2125,1527,1442
2025-06-24 14:35:13.854,1269,1561,1902,1477,1474,250,1799,2256,1524,1441
2025-06-24 14:35:13.954,1302,1547,1794,1502,1500,192,1596,1922,1531,1441
2025-06-24 14:35:14.053,1339,1531,1702,1513,1604,826,1529,1324,1533,1445
2025-06-24 14:35:14.153,1369,1559,1676,1488,1891,266,1559,1310,1526,1445
2025-06-24 14:35:14.252,1378,1535,1680,1551,1845,0,1650,1399,1523,1435
2025-06-24 14:35:14.352,1397,1583,1684,1478,1637,0,1455,1662,1521,1439
2025-06-24 14:35:14.452,1398,1602,1360,1494,1520,0,1309,1836,1529,1447
2025-06-24 14:35:14.552,1398,1619,969,1474,1488,432,1285,1711,1532,1446
2025-06-24 14:35:14.652,1424,1616,926,1473,1473,1472,1255,1907,1529,1445
2025-06-24 14:35:14.751,1432,1680,1069,1440,1408,2572,1232,2257,1529,1449
2025-06-24 14:35:14.851,1403,1633,1259,1452,1359,3804,1314,2529,1522,1437
2025-06-24 14:35:14.951,1371,1553,1469,1358,1258,4095,1518,1872,1513,1427
2025-06-24 14:35:15.051,1364,1477,1677,1456,1197,4095,1697,546,1526,1440
2025-06-24 14:35:15.151,1367,1445,1809,1569,1125,3154,1257,0,1520,1437
2025-06-24 14:35:15.250,1405,1495,1891,1598,1140,2499,1267,0,1527,1443
2025-06-24 14:35:15.350,1456,1520,1975,1521,1222,1042,1503,0,1532,1447
2025-06-24 14:35:15.449,1504,1546,1990,1375,1275,98,1550,0,1533,1445
2025-06-24 14:35:15.549,1545,1573,1932,1072,1377,240,1664,0,1533,1446
2025-06-24 14:35:15.648,1576,1606,1773,943,1479,785,1713,327,1531,1444
2025-06-24 14:35:15.747,1610,1531,1558,904,1495,913,1766,1017,1523,1437
2025-06-24 14:35:15.846,1635,1465,1443,1004,1614,0,1588,1664,1520,1433
2025-06-24 14:35:15.946,1655,1451,1392,1161,1775,0,1486,2186,1521,1438
2025-06-24 14:35:16.045,1662,1468,1293,1303,1951,0,1437,2256,1521,1437
2025-06-24 14:35:16.145,1650,1484,1019,1433,1808,0,1395,2138,1531,1445
2025-06-24 14:35:16.244,1632,1552,756,1565,1630,387,1511,2229,1523,1441
2025-06-24 14:35:16.344,1622,1584,802,1651,1498,1421,1599,2480,1535,1455
2025-06-24 14:35:16.444,1600,1635,1042,1710,1459,2368,1754,2496,1546,1455
2025-06-24 14:35:16.544,1602,1673,1473,1803,1449,2765,1916,2549,1534,1451
2025-06-24 14:35:16.644,1599,1661,2257,1831,1440,3010,1984,2448,1524,1439
2025-06-24 14:35:16.744,1600,1616,3133,1838,1438,3434,2227,2352,1521,1439
2025-06-24 14:35:16.844,1582,1506,3371,1827,1488,4095,2096,2213,1520,1433
2025-06-24 14:35:16.944,1534,1415,2797,2006,1571,3760,1807,1867,1520,1435
2025-06-24 14:35:17.044,1499,1385,2224,2148,1617,1923,1675,1577,1525,1442
2025-06-24 14:35:17.144,1472,1446,1811,2000,1602,1061,1616,1523,1530,1442
2025-06-24 14:35:17.243,1470,1480,1534,1817,1648,1252,1544,1717,1531,1447
2025-06-24 14:35:17.343,1473,1503,1371,1595,1608,1779,1328,1949,1534,1445
2025-06-24 14:35:17.443,1487,1550,1231,1407,1595,1472,1344,2211,1531,1443
2025-06-24 14:35:17.543,1498,1584,1181,1359,1582,234,1370,2448,1529,1441
2025-06-24 14:35:17.643,1481,1573,1159,1280,1549,0,1349,2517,1535,1449
2025-06-24 14:35:17.743,1473,1561,1030,1213,1551,0,1421,2487,1531,1446
2025-06-24 14:35:17.842,1491,1574,766,1296,1695,205,1483,2374,1535,1445
2025-06-24 14:35:17.942,1519,1600,478,1441,1753,1077,1563,2317,1523,1425
2025-06-24 14:35:18.041,1546,1613,249,1552,1603,2063,1552,1600,1515,1434
2025-06-24 14:35:18.141,1552,1599,415,1510,1498,3143,1697,1239,1521,1441
2025-06-24 14:35:18.241,1559,1587,710,1542,1519,4095,2026,1313,1523,1440
2025-06-24 14:35:18.341,1578,1577,999,1532,1514,4095,1835,1407,1520,1435
2025-06-24 14:35:18.440,1574,1602,1205,1577,1545,4095,1572,1591,1523,1439
2025-06-24 14:35:18.544,1595,1616,1355,1616,1497,4095,1478,1801,1529,1450
2025-06-24 14:35:18.643,1586,1584,1488,1562,1461,3367,1521,1897,1533,1447
2025-06-24 14:35:18.742,1611,1490,1707,1515,1547,1682,1483,1887,1533,1443
2025-06-24 14:35:18.841,1599,1422,1893,1441,1664,845,1253,1823,1519,1434
2025-06-24 14:35:18.940,1600,1408,1995,1517,1680,882,1207,1357,1522,1438
2025-06-24 14:35:19.040,1567,1435,2042,1520,1654,1346,1249,992,1527,1437
2025-06-24 14:35:19.139,1518,1474,2037,1600,1648,964,1263,827,1519,1431
2025-06-24 14:35:19.238,1486,1521,1888,1586,1631,0,1373,1104,1526,1439
2025-06-24 14:35:19.338,1470,1567,1744,1522,1587,0,1442,1394,1530,1451
2025-06-24 14:35:19.438,1474,1599,1766,1516,1587,0,1520,1719,1548,1456
2025-06-24 14:35:19.539,1463,1552,1734,1509,1622,0,1600,2005,1535,1452
2025-06-24 14:35:19.634,1498,1547,1651,1574,1712,626,1847,2195,1535,1452
2025-06-24 14:35:19.734,1472,1525,1462,1531,1862,1914,2000,2272,1532,1448
2025-06-24 14:35:19.833,1397,1518,1103,1482,1809,3247,1797,2432,1520,1442
2025-06-24 14:35:19.932,1395,1520,916,1527,1619,4095,1658,2559,1522,1444
2025-06-24 14:35:20.032,1408,1562,1062,1566,1472,4095,1627,2343,1522,1439
2025-06-24 14:35:20.132,1427,1596,1137,1517,1463,4095,1574,1938,1522,1434
2025-06-24 14:35:20.231,1455,1606,1047,1456,1505,4095,1456,1805,1529,1441
2025-06-24 14:35:20.330,1471,1627,1090,1552,1486,3970,1267,1763,1535,1450
2025-06-24 14:35:20.429,1485,1648,1313,1567,1514,2064,1216,1854,1535,1445
2025-06-24 14:35:20.529,1511,1599,1616,1520,1472,962,1328,2028,1532,1443
2025-06-24 14:35:20.629,1547,1479,1672,1535,1506,699,1379,2032,1527,1441
2025-06-24 14:35:20.728,1562,1407,1642,1567,1577,912,1424,1981,1528,1454
2025-06-24 14:35:20.827,1591,1407,1598,1586,1552,946,1599,1947,1525,1437
2025-06-24 14:35:20.926,1639,1472,1411,1545,1591,0,1757,1643,1525,1440
2025-06-24 14:35:21.026,1648,1501,1270,1458,1590,0,1819,1095,1520,1431
2025-06-24 14:35:21.126,1597,1513,1077,1411,1569,0,1945,911,1524,1442
2025-06-24 14:35:21.226,1523,1582,857,1392,1507,0,2064,1052,1520,1434
2025-06-24 14:35:21.325,1486,1591,597,1400,1560,859,1835,1317,1520,1435
2025-06-24 14:35:21.425,1473,1591,235,1578,1596,2004,1601,1673,1521,1436
2025-06-24 14:35:21.525,1472,1577,251,1546,1741,3157,1567,1918,1526,1440
2025-06-24 14:35:21.625,1469,1552,499,1517,1783,4095,1564,2058,1520,1435
2025-06-24 14:35:21.724,1467,1562,779,1520,1608,4095,1311,2010,1524,1443
2025-06-24 14:35:21.824,1399,1584,999,1471,1459,4095,1200,2013,1533,1450
2025-06-24 14:35:21.924,1331,1616,1258,1482,1463,4095,1173,1856,1534,1454
2025-06-24 14:35:22.023,1335,1613,1555,1503,1450,4095,1148,1409,1527,1440
2025-06-24 14:35:22.123,1362,1601,1776,1547,1427,2351,1169,1202,1526,1443
2025-06-24 14:35:22.222,1387,1614,1954,1546,1455,1113,1238,1281,1523,1438
2025-06-24 14:35:22.321,1424,1621,2130,1486,1493,651,1412,1333,1529,1442
2025-06-24 14:35:22.420,1466,1551,2355,1515,1554,784,1512,1386,1531,1444
2025-06-24 14:35:22.520,1511,1429,2191,1485,1571,998,1594,1529,1525,1440
2025-06-24 14:35:22.619,1559,1329,1997,1419,1595,0,1803,1648,1529,1439
2025-06-24 14:35:22.718,1589,1351,1844,1479,1568,0,1851,1616,1520,1435
2025-06-24 14:35:22.817,1601,1385,1531,1554,1488,0,1600,1582,1529,1445
2025-06-24 14:35:22.917,1626,1456,1040,1554,1489,0,1375,1233,1521,1434
2025-06-24 14:35:23.017,1616,1520,283,1575,1488,294,1280,841,1535,1439
2025-06-24 14:35:23.117,1555,1581,0,1493,1750,1520,1247,667,1535,1449
2025-06-24 14:35:23.217,1488,1557,0,1533,1914,2815,1080,799,1522,1439
2025-06-24 14:35:23.317,1488,1585,0,1531,1865,4095,1001,1138,1530,1447
2025-06-24 14:35:23.417,1479,1556,53,1543,1631,4095,1057,1670,1531,1446
2025-06-24 14:35:23.517,1471,1551,457,1477,1281,4095,1107,1993,1531,1454
2025-06-24 14:35:23.617,1456,1513,799,1472,1099,4095,1312,2085,1531,1447
2025-06-24 14:35:23.717,1399,1535,1178,1471,1008,4095,1408,2157,1523,1441
2025-06-24 14:35:23.816,1344,1551,1605,1525,1011,2416,1554,2147,1515,1431
2025-06-24 14:35:23.916,1331,1597,2095,1506,1000,1151,1630,2023,1520,1438
2025-06-24 14:35:24.015,1371,1617,2466,1484,959,626,1781,1579,1525,1441
2025-06-24 14:35:24.115,1392,1653,2709,1549,948,671,2128,1294,1525,1442
2025-06-24 14:35:24.215,1424,1658,2726,1623,1110,994,2091,1150,1529,1447
2025-06-24 14:35:24.314,1456,1600,2640,1628,1494,135,1840,1187,1524,1442
2025-06-24 14:35:24.413,1467,1488,2512,1569,1625,0,1793,1301,1520,1436
2025-06-24 14:35:24.513,1482,1421,2448,1488,1575,0,1733,1330,1518,1434
2025-06-24 14:35:24.613,1476,1411,2355,1514,1481,0,1714,1414,1527,1442
2025-06-24 14:35:24.713,1469,1447,1971,1488,1452,225,1411,1386,1524,1439
2025-06-24 14:35:24.812,1479,1520,1328,1498,1409,1424,1264,1350,1529,1443
2025-06-24 14:35:24.912,1479,1505,907,1488,1462,2640,1216,1152,1526,1441
2025-06-24 14:35:25.012,1450,1532,803,1504,1549,4065,1245,925,1522,1435
2025-06-24 14:35:25.112,1408,1545,894,1520,1626,4095,1227,951,1519,1429
2025-06-24 14:35:25.212,1392,1525,1062,1557,1488,4095,1275,1220,1521,1439
2025-06-24 14:35:25.311,1383,1514,1335,1548,1212,4095,1362,1515,1535,1462
2025-06-24 14:35:25.410,1391,1488,1569,1565,1101,3990,1441,1926,1526,1444
2025-06-24 14:35:25.510,1403,1552,1817,1542,1074,2158,1670,2130,1547,1456
2025-06-24 14:35:25.609,1363,1524,2022,1587,1151,930,2079,2190,1545,1454
2025-06-24 14:35:25.709,1350,1597,2203,1555,1210,618,2114,2160,1526,1441
2025-06-24 14:35:25.809,1360,1610,2469,1529,1353,894,1819,1977,1528,1443
2025-06-24 14:35:25.909,1393,1619,2473,1456,1424,1377,1562,1584,1521,1446
2025-06-24 14:35:26.009,1424,1669,2246,1486,1522,494,1559,1157,1521,1434
2025-06-24 14:35:26.109,1456,1667,2116,1487,1669,0,1481,1070,1533,1447
2025-06-24 14:35:26.209,1479,1602,2005,1508,1723,0,1205,1127,1529,1443
2025-06-24 14:35:26.308,1493,1514,1947,1533,1705,0,1061,1273,1530,1441
2025-06-24 14:35:26.408,1506,1441,1723,1501,1699,350,1107,1365,1527,1441
2025-06-24 14:35:26.508,1520,1414,1054,1519,1715,1424,1264,1337,1526,1441
2025-06-24 14:35:26.608,1523,1447,721,1511,1680,2480,1336,1385,1525,1436
2025-06-24 14:35:26.708,1549,1476,704,1488,1615,3414,1387,1220,1527,1443
2025-06-24 14:35:26.807,1571,1521,790,1559,1626,4095,1438,1118,1527,1443
2025-06-24 14:35:26.907,1553,1599,976,1569,1716,4095,1674,859,1523,1442
2025-06-24 14:35:27.006,1504,1588,1203,1571,1789,4095,1820,816,1518,1434
2025-06-24 14:35:27.106,1465,1545,1449,1589,1675,3247,2077,955,1531,1447
2025-06-24 14:35:27.206,1455,1510,1675,1483,1515,1362,2286,1415,1535,1438
2025-06-24 14:35:27.306,1449,1488,1902,1492,1418,432,1998,1921,1530,1455
2025-06-24 14:35:27.406,1456,1509,2047,1497,1424,548,1780,2241,1531,1446
2025-06-24 14:35:27.506,1457,1535,2169,1481,1489,1136,1695,2448,1535,1449
2025-06-24 14:35:27.606,1435,1519,2183,1488,1575,1226,1648,2571,1526,1441
2025-06-24 14:35:27.706,1392,1584,2005,1553,1535,0,1303,2733,1520,1438
2025-06-24 14:35:27.805,1406,1615,1823,1549,1552,0,1103,2490,1520,1430
2025-06-24 14:35:27.905,1425,1663,1772,1630,1535,0,1117,2066,1530,1443
2025-06-24 14:35:28.005,1456,1707,1691,1651,1600,0,1058,1609,1529,1439
2025-06-24 14:35:28.105,1479,1673,1514,1677,1626,535,1190,1291,1527,1447
2025-06-24 14:35:28.205,1497,1552,1070,1638,1666,1515,1339,1098,1527,1438
2025-06-24 14:35:28.304,1508,1479,549,1638,1614,2404,1533,1097,1522,1441
2025-06-24 14:35:28.403,1535,1465,304,1649,1569,3041,1610,1069,1527,1443
2025-06-24 14:35:28.503,1553,1456,336,1769,1515,3472,1782,1102,1535,1453
2025-06-24 14:35:28.606,1564,1486,473,1779,1468,3755,2000,1133,1523,1440
2025-06-24 14:35:28.705,1552,1550,662,1776,1490,4095,2015,1121,1526,1441
2025-06-24 14:35:28.805,1552,1506,779,1726,1570,2461,1791,1126,1520,1429
2025-06-24 14:35:28.904,1572,1517,1104,1726,1605,912,1713,912,1526,1443
2025-06-24 14:35:29.003,1514,1502,1424,1790,1461,539,1647,866,1526,1435
2025-06-24 14:35:29.102,1449,1484,1573,1659,1339,970,1571,1085,1521,1435
2025-06-24 14:35:29.201,1404,1491,1872,1531,1317,1490,1072,1557,1524,1439
2025-06-24 14:35:29.300,1390,1559,2123,1479,1313,557,934,2020,1529,1449
2025-06-24 14:35:29.400,1392,1573,2139,1583,1306,0,965,2299,1530,1445
2025-06-24 14:35:29.500,1395,1566,2106,1501,1317,0,1105,2174,1526,1438
2025-06-24 14:35:29.601,1392,1576,2063,1297,1327,0,1200,2034,1524,1449
2025-06-24 14:35:29.696,1351,1617,1872,1133,1403,0,1360,1634,1526,1442
2025-06-24 14:35:29.796,1370,1665,1689,1050,1535,707,1511,1088,1530,1439
2025-06-24 14:35:29.895,1403,1727,1269,983,1581,2219,1669,703,1529,1445
2025-06-24 14:35:29.995,1435,1723,675,944,1567,3888,1929,592,1534,1446
2025-06-24 14:35:30.094,1470,1600,415,935,1557,4095,2175,684,1535,1447
2025-06-24 14:35:30.194,1493,1485,430,1072,1595,4095,2010,867,1533,1449
2025-06-24 14:35:30.293,1519,1456,677,1170,1579,4095,1866,1098,1526,1441
2025-06-24 14:35:30.392,1546,1460,1011,1297,1529,4095,1727,1319,1521,1439
2025-06-24 14:35:30.491,1552,1488,1398,1393,1509,2153,1546,1379,1519,1433
2025-06-24 14:35:30.591,1570,1488,1888,1555,1517,1020,1465,1318,1524,1437
2025-06-24 14:35:30.690,1582,1535,2331,1664,1578,825,1154,1261,1532,1443
2025-06-24 14:35:30.789,1613,1580,2597,1762,1477,1109,1106,1095,1531,1447
2025-06-24 14:35:30.888,1597,1578,2834,2021,1408,1345,1059,898,1530,1443
2025-06-24 14:35:30.987,1533,1522,2895,2161,1399,0,1134,944,1525,1440
2025-06-24 14:35:31.086,1475,1493,2698,2147,1390,0,1187,1263,1540,1456
2025-06-24 14:35:31.186,1453,1485,2416,2103,1394,0,1298,1769,1529,1444
2025-06-24 14:35:31.285,1444,1517,2162,2000,1391,0,1464,2192,1533,1441
2025-06-24 14:35:31.384,1447,1525,1957,1923,1410,0,1645,2477,1523,1443
2025-06-24 14:35:31.484,1457,1546,1774,1728,1507,1212,1876,2499,1520,1435
2025-06-24 14:35:31.584,1441,1575,1482,1463,1625,2833,2160,2091,1520,1437
2025-06-24 14:35:31.683,1385,1590,832,1310,1616,4095,2029,1621,1517,1433
2025-06-24 14:35:31.782,1377,1643,483,1140,1617,4095,1819,1328,1524,1437
2025-06-24 14:35:31.881,1403,1653,386,994,1651,4095,1686,1430,1535,1447
2025-06-24 14:35:31.981,1434,1588,521,990,1616,4095,1686,1460,1527,1443
2025-06-24 14:35:32.080,1459,1463,705,1018,1637,4095,1506,1500,1532,1450
2025-06-24 14:35:32.180,1485,1382,950,1116,1600,3332,1155,1533,1529,1445
2025-06-24 14:35:32.279,1477,1366,1213,1162,1581,1984,951,1587,1524,1442
2025-06-24 14:35:32.379,1499,1427,1527,1245,1586,1306,899,1603,1533,1442
2025-06-24 14:35:32.478,1502,1457,1813,1383,1645,1142,976,1507,1525,1440
2025-06-24 14:35:32.578,1517,1470,2006,1392,1554,1132,1088,1354,1524,1438
2025-06-24 14:35:32.677,1527,1563,2176,1502,1444,0,1311,997,1532,1448
2025-06-24 14:35:32.776,1552,1507,2297,1554,1397,0,1466,670,1542,1454
2025-06-24 14:35:32.875,1590,1485,2434,1569,1375,0,1649,683,1534,1449
2025-06-24 14:35:32.974,1555,1437,2359,1580,1343,0,1966,1443,1518,1438
2025-06-24 14:35:33.073,1478,1411,2022,1513,1383,0,2448,2448,1520,1429
2025-06-24 14:35:33.173,1440,1422,1889,1334,1359,1251,2387,2995,1521,1431
2025-06-24 14:35:33.272,1424,1460,1968,1088,1372,2556,2128,2224,1522,1423
2025-06-24 14:35:33.371,1413,1425,1420,991,1447,4095,1744,1178,1527,1441
2025-06-24 14:35:33.470,1408,1503,715,967,1485,4095,1581,490,1521,1439
2025-06-24 14:35:33.570,1421,1604,160,1097,1552,4095,1493,64,1523,1430
2025-06-24 14:35:33.669,1378,1698,0,1155,1521,4095,1007,167,1526,1442
2025-06-24 14:35:33.769,1323,1763,0,1256,1549,4095,799,563,1527,1440
2025-06-24 14:35:33.868,1325,1721,0,1412,1548,3251,820,832,1531,1440
2025-06-24 14:35:33.968,1359,1553,0,1520,1518,1904,970,1213,1532,1452
2025-06-24 14:35:34.067,1392,1441,406,1626,1546,1164,1061,1444,1533,1447
2025-06-24 14:35:34.167,1424,1399,1005,1741,1636,913,1264,1620,1520,1438
2025-06-24 14:35:34.266,1455,1429,1558,1763,1787,895,1443,1823,1526,1443
2025-06-24 14:35:34.366,1466,1437,2064,1807,1693,134,1602,1807,1511,1428
2025-06-24 14:35:34.465,1519,1474,2254,1819,1520,0,1690,1485,1522,1440
2025-06-24 14:35:34.565,1553,1535,2303,1818,1411,0,2005,978,1525,1442
2025-06-24 14:35:34.665,1568,1534,2289,1840,1426,0,2198,639,1525,1442
2025-06-24 14:35:34.764,1587,1488,2229,1973,1451,0,1965,582,1527,1443
2025-06-24 14:35:34.863,1631,1470,2122,2027,1468,977,1699,752,1535,1445
2025-06-24 14:35:34.963,1616,1463,1617,2009,1457,2415,1588,1117,1543,1446
2025-06-24 14:35:35.063,1562,1467,733,1872,1443,4095,1559,1418,1529,1459
2025-06-24 14:35:35.163,1520,1520,442,1787,1474,4095,1274,1671,1527,1446
2025-06-24 14:35:35.263,1498,1579,622,1588,1514,4095,914,1832,1519,1431
2025-06-24 14:35:35.362,1489,1616,844,1463,1535,4095,898,1889,1520,1437
2025-06-24 14:35:35.462,1495,1655,1121,1302,1602,4095,944,2010,1520,1435
2025-06-24 14:35:35.562,1489,1693,1535,1215,1587,2922,1141,1780,1521,1437
2025-06-24 14:35:35.662,1468,1743,1966,1166,1600,1722,1297,1677,1524,1438
2025-06-24 14:35:35.762,1391,1712,2240,1209,1527,1175,1392,1664,1526,1439
2025-06-24 14:35:35.861,1365,1608,2411,1262,1520,1031,1552,1623,1534,1445
2025-06-24 14:35:35.961,1390,1530,2617,1285,1594,1085,1808,1553,1530,1444
2025-06-24 14:35:36.061,1398,1504,2657,1399,1760,535,2147,1336,1521,1437
2025-06-24 14:35:36.161,1446,1521,2624,1458,1714,0,2391,774,1520,1433
2025-06-24 14:35:36.261,1481,1585,2415,1499,1564,0,2367,385,1529,1445
2025-06-24 14:35:36.360,1518,1612,2279,1569,1456,0,2208,217,1541,1454
2025-06-24 14:35:36.460,1532,1616,2358,1547,1430,0,2012,0,1549,1456
2025-06-24 14:35:36.559,1535,1638,2416,1347,1411,1103,1975,0,1531,1450
2025-06-24 14:35:36.659,1535,1574,2315,1102,1452,2533,1331,0,1523,1439
2025-06-24 14:35:36.759,1558,1524,1597,960,1456,4095,1022,0,1524,1437
2025-06-24 14:35:36.858,1570,1515,1077,947,1415,4095,963,0,1520,1435
2025-06-24 14:35:36.958,1549,1548,870,977,1453,4095,859,459,1529,1443
2025-06-24 14:35:37.058,1502,1501,870,1074,1514,4095,897,1259,1534,1450
2025-06-24 14:35:37.158,1479,1552,1013,1167,1598,4095,1013,1968,1528,1445
2025-06-24 14:35:37.258,1454,1600,1253,1305,1554,2574,1269,2472,1522,1442
2025-06-24 14:35:37.357,1468,1638,1532,1440,1510,1519,1497,2777,1521,1440
2025-06-24 14:35:37.457,1472,1660,1575,1639,1520,1127,1735,2952,1520,1438
2025-06-24 14:35:37.557,1461,1707,1773,1707,1524,1137,2063,2978,1534,1453
2025-06-24 14:35:37.657,1406,1678,2162,1793,1495,1254,2155,2682,1530,1439
2025-06-24 14:35:37.757,1380,1590,2400,1858,1552,555,1945,2719,1530,1440
2025-06-24 14:35:37.856,1405,1473,2467,1899,1691,0,1823,2741,1530,1447
2025-06-24 14:35:37.956,1433,1411,2231,1932,1600,0,1753,2709,1525,1436
2025-06-24 14:35:38.056,1457,1442,1936,1969,1467,0,1635,2640,1535,1446
2025-06-24 14:35:38.156,1492,1468,1759,1904,1363,122,1104,2338,1529,1446
2025-06-24 14:35:38.256,1527,1472,1584,1944,1313,1338,886,2045,1527,1441
2025-06-24 14:35:38.355,1553,1508,1456,2053,1328,2762,887,2241,1535,1453
2025-06-24 14:35:38.455,1580,1573,1234,2033,1424,4095,996,2135,1529,1446
2025-06-24 14:35:38.555,1575,1569,865,1922,1424,4095,1280,1840,1526,1447
2025-06-24 14:35:38.659,1577,1550,752,1763,1413,4095,1493,1894,1531,1444
2025-06-24 14:35:38.759,1590,1493,731,1605,1434,4095,1577,2160,1529,1444
2025-06-24 14:35:38.858,1557,1541,689,1520,1447,3184,1837,2411,1520,1439
2025-06-24 14:35:38.957,1499,1547,751,1488,1460,1611,2065,2577,1522,1436
2025-06-24 14:35:39.056,1467,1535,971,1415,1511,801,2274,2666,1517,1431
2025-06-24 14:35:39.155,1460,1563,1295,1356,1519,730,2143,2849,1520,1439
2025-06-24 14:35:39.255,1453,1535,1562,1403,1471,1009,1861,2882,1532,1442
2025-06-24 14:35:39.355,1453,1535,1815,1333,1533,1333,1713,2849,1521,1440
2025-06-24 14:35:39.455,1441,1581,2199,1329,1586,94,1690,2663,1520,1433
2025-06-24 14:35:39.555,1398,1589,2300,1398,1631,0,1399,2199,1525,1434
2025-06-24 14:35:39.656,1402,1557,2318,1456,1695,0,1094,2013,1535,1450
2025-06-24 14:35:39.751,1424,1470,2114,1471,1615,0,987,2180,1532,1444
2025-06-24 14:35:39.851,1451,1411,2007,1491,1403,714,1002,2362,1545,1453
2025-06-24 14:35:39.951,1463,1404,2059,1555,1354,1917,1213,2416,1525,1435
2025-06-24 14:35:40.051,1503,1427,1968,1521,1403,3172,1333,2512,1519,1434
2025-06-24 14:35:40.151,1517,1505,1818,1473,1431,4095,1492,2514,1520,1441
2025-06-24 14:35:40.251,1535,1552,1661,1333,1442,4095,1696,2544,1523,1446
2025-06-24 14:35:40.351,1543,1601,1103,1174,1433,4095,1788,2224,1530,1445
2025-06-24 14:35:40.450,1547,1584,547,951,1459,4095,2000,1722,1530,1445
2025-06-24 14:35:40.550,1552,1509,419,912,1518,2188,2096,1362,1532,1445
2025-06-24 14:35:40.650,1546,1472,585,902,1521,925,1761,1362,1541,1453
2025-06-24 14:35:40.750,1511,1465,845,1051,1600,686,1597,1674,1533,1450
2025-06-24 14:35:40.849,1466,1475,1077,1221,1642,950,1533,1939,1542,1455
2025-06-24 14:35:40.948,1430,1477,1349,1333,1639,1327,1523,2202,1528,1442
2025-06-24 14:35:41.048,1427,1519,1680,1505,1549,426,1323,2497,1526,1446
2025-06-24 14:35:41.148,1439,1567,1983,1639,1547,0,1232,2523,1520,1431
2025-06-24 14:35:41.248,1442,1583,2227,1773,1584,0,1254,2322,1525,1439
2025-06-24 14:35:41.348,1435,1600,2356,1838,1642,0,1175,1589,1523,1438
2025-06-24 14:35:41.447,1422,1618,2261,1883,1689,147,1285,1063,1530,1441
2025-06-24 14:35:41.547,1392,1525,2263,1904,1481,1147,1344,748,1520,1433
2025-06-24 14:35:41.647,1421,1451,2229,1909,1420,2283,1423,768,1520,1435
2025-06-24 14:35:41.746,1456,1398,2179,1951,1399,3281,1503,720,1523,1439
2025-06-24 14:35:41.845,1486,1410,2190,2083,1387,4095,1776,783,1529,1442
2025-06-24 14:35:41.944,1511,1453,2064,1925,1387,4095,2128,848,1526,1443
2025-06-24 14:35:42.044,1520,1511,1904,1935,1407,4095,2066,944,1532,1447
2025-06-24 14:35:42.144,1546,1591,1792,1920,1401,3218,1855,1115,1535,1447
2025-06-24 14:35:42.244,1568,1601,1387,1830,1475,1674,1744,1203,1523,1437
2025-06-24 14:35:42.344,1549,1586,905,1702,1511,912,1626,1020,1535,1443
2025-06-24 14:35:42.443,1552,1555,784,1623,1552,991,1578,706,1531,1445
2025-06-24 14:35:42.543,1549,1530,837,1510,1610,1465,1262,706,1527,1441
2025-06-24 14:35:42.643,1521,1552,956,1394,1584,1403,1168,851,1529,1442
2025-06-24 14:35:42.743,1469,1562,1121,1353,1567,0,1056,1258,1534,1443
2025-06-24 14:35:42.842,1434,1595,1227,1344,1583,0,1021,1734,1543,1449
2025-06-24 14:35:42.941,1423,1598,1466,1331,1621,0,1117,2034,1526,1444
2025-06-24 14:35:43.041,1424,1569,1733,1379,1643,286,1278,2160,1520,1436
2025-06-24 14:35:43.141,1435,1586,2063,1459,1788,1325,1477,1967,1524,1442
2025-06-24 14:35:43.241,1451,1626,2175,1470,1825,2432,1616,1644,1521,1441
2025-06-24 14:35:43.341,1424,1626,2116,1478,1594,3648,1793,1480,1529,1445
2025-06-24 14:35:43.440,1392,1535,2101,1559,1478,4095,2055,1328,1529,1442
2025-06-24 14:35:43.540,1411,1463,2014,1518,1439,4095,1941,1323,1526,1442
2025-06-24 14:35:43.640,1446,1419,1865,1510,1408,4095,1683,1309,1533,1446
2025-06-24 14:35:43.740,1472,1461,1735,1515,1418,4095,1443,1397,1524,1439
2025-06-24 14:35:43.839,1486,1527,1684,1497,1342,2671,1504,1371,1531,1449
2025-06-24 14:35:43.939,1507,1565,1647,1477,1392,1191,1487,1420,1533,1450
2025-06-24 14:35:44.039,1521,1615,1678,1509,1456,663,1290,1454,1534,1451
2025-06-24 14:35:44.139,1527,1597,1551,1488,1413,837,1233,1444,1532,1446
2025-06-24 14:35:44.239,1541,1584,1102,1328,1459,1181,1269,1155,1525,1431
2025-06-24 14:35:44.339,1546,1550,789,1037,1505,128,1297,794,1526,1440
2025-06-24 14:35:44.439,1519,1490,811,844,1517,0,1312,659,1520,1435
2025-06-24 14:35:44.539,1509,1479,944,720,1470,0,1347,767,1522,1440
2025-06-24 14:35:44.639,1489,1454,1190,814,1470,0,1453,1392,1521,1438
2025-06-24 14:35:44.739,1423,1462,1568,973,1414,160,1606,1904,1522,1442
2025-06-24 14:35:44.838,1391,1469,1870,1139,1569,1087,1785,2205,1525,1440
2025-06-24 14:35:44.937,1391,1510,2064,1319,1682,2160,2059,2256,1515,1429
2025-06-24 14:35:45.037,1400,1530,2138,1510,1565,3178,1851,1925,1520,1437
2025-06-24 14:35:45.137,1411,1569,2140,1595,1471,4014,1526,1527,1525,1457
2025-06-24 14:35:45.237,1425,1667,1947,1695,1335,4095,1473,1421,1526,1429
2025-06-24 14:35:45.337,1408,1696,1780,1791,1319,4095,1503,1459,1520,1436
2025-06-24 14:35:45.436,1365,1615,1616,1850,1291,4065,1498,1412,1521,1439
2025-06-24 14:35:45.536,1357,1492,1452,1912,1368,1929,1226,1344,1525,1437
2025-06-24 14:35:45.635,1397,1410,1339,1907,1345,714,1217,1361,1531,1444
2025-06-24 14:35:45.735,1427,1411,1307,1984,1413,465,1152,1333,1550,1456
2025-06-24 14:35:45.835,1616,1423,1242,1983,1600,751,1163,1323,1546,1451
2025-06-24 14:35:45.935,1655,1426,1245,2061,1658,646,1285,1277,1531,1443
2025-06-24 14:35:46.035,1635,1472,1243,2054,1675,0,1379,1136,1525,1440
2025-06-24 14:35:46.135,1621,1456,938,1957,1635,0,1456,944,1524,1437
2025-06-24 14:35:46.235,1631,1399,675,1922,1562,0,1569,577,1529,1442
2025-06-24 14:35:46.335,1594,1416,847,1702,1583,0,1803,471,1534,1450
2025-06-24 14:35:46.434,1555,1408,927,1566,1533,498,1966,575,1522,1437
2025-06-24 14:35:46.534,1531,1456,951,1424,1533,1389,1936,852,1518,1429
2025-06-24 14:35:46.634,1513,1523,1147,1377,1619,2303,1728,1271,1519,1430
2025-06-24 14:35:46.734,1446,1589,1409,1389,1613,3008,1603,1434,1526,1443
2025-06-24 14:35:46.834,1408,1637,1610,1338,1437,3329,1627,1473,1520,1450
2025-06-24 14:35:46.933,1396,1695,1711,1279,1358,3628,1658,1141,1523,1424
2025-06-24 14:35:47.033,1392,1730,1722,1322,1359,4095,1462,903,1534,1462
2025-06-24 14:35:47.133,1406,1776,1698,1424,1386,2446,1145,966,1524,1441
2025-06-24 14:35:47.233,1424,1761,1622,1490,1437,830,1087,1092,1525,1441
2025-06-24 14:35:47.332,1439,1619,1635,1545,1431,355,1070,1291,1534,1444
2025-06-24 14:35:47.431,1429,1499,1519,1591,1456,700,1023,1456,1521,1440
2025-06-24 14:35:47.530,1408,1475,1459,1574,1535,1202,1210,1566,1523,1440
2025-06-24 14:35:47.630,1417,1499,1423,1569,1568,529,1261,1499,1520,1436
2025-06-24 14:35:47.730,1445,1534,1423,1600,1545,0,1359,1554,1549,1456
2025-06-24 14:35:47.830,1470,1564,1452,1553,1601,0,1549,1470,1545,1455
2025-06-24 14:35:47.929,1488,1584,1501,1519,1625,0,1872,1286,1535,1453
2025-06-24 14:35:48.029,1507,1558,1551,1478,1603,83,2027,951,1527,1451
2025-06-24 14:35:48.129,1525,1499,1200,1499,1510,1043,1826,594,1525,1453
2025-06-24 14:35:48.229,1535,1481,1186,1552,1527,2160,1680,567,1524,1441
2025-06-24 14:35:48.329,1550,1461,1297,1586,1579,3361,1724,834,1520,1437
2025-06-24 14:35:48.428,1535,1483,1307,1575,1679,4095,1644,1356,1511,1424
2025-06-24 14:35:48.527,1542,1525,1392,1551,1594,4095,1315,1862,1523,1440
2025-06-24 14:35:48.627,1530,1593,1531,1530,1380,4095,1254,2199,1535,1451
2025-06-24 14:35:48.730,1493,1646,1670,1490,1262,3952,1196,2256,1530,1445
2025-06-24 14:35:48.829,1455,1671,1679,1260,1232,1941,1111,1895,1525,1429
2025-06-24 14:35:48.928,1431,1712,1653,980,1247,890,1180,1772,1525,1438
2025-06-24 14:35:49.027,1437,1759,1775,819,1323,736,1263,1803,1526,1438
2025-06-24 14:35:49.126,1451,1743,1933,816,1396,1104,1411,1901,1535,1453
2025-06-24 14:35:49.226,1470,1648,2000,917,1419,1248,1577,1999,1530,1446
2025-06-24 14:35:49.325,1487,1522,1793,1012,1460,0,1745,1937,1523,1438
2025-06-24 14:35:49.424,1462,1473,1525,1328,1497,0,2096,1935,1530,1444
2025-06-24 14:35:49.524,1427,1473,1360,1469,1445,0,2205,2005,1527,1442
2025-06-24 14:35:49.624,1446,1480,1267,1482,1509,0,1985,1947,1534,1449
2025-06-24 14:35:49.725,1472,1499,1218,1587,1535,266,1886,1863,1535,1451
2025-06-24 14:35:49.820,1499,1509,1194,1687,1554,1466,1712,1508,1530,1443
2025-06-24 14:35:49.920,1515,1575,1186,1763,1557,2864,1655,830,1524,1441
2025-06-24 14:35:50.019,1520,1515,943,1861,1569,4095,1216,544,1523,1436
2025-06-24 14:35:50.119,1517,1456,880,1910,1627,4095,1104,548,1527,1440
2025-06-24 14:35:50.219,1503,1426,923,1883,1623,4095,1073,913,1522,1441
2025-06-24 14:35:50.319,1507,1406,987,1898,1533,4095,1135,1457,1520,1436
2025-06-24 14:35:50.419,1514,1430,1143,1891,1402,3328,1183,1987,1520,1433
2025-06-24 14:35:50.519,1505,1481,1326,1879,1359,1618,1298,2358,1520,1439
2025-06-24 14:35:50.619,1507,1510,1555,1833,1455,827,1515,2384,1524,1442
2025-06-24 14:35:50.719,1470,1549,1744,1866,1494,752,1280,2032,1520,1431
2025-06-24 14:35:50.819,1428,1579,1845,1837,1396,970,1268,1609,1531,1443
2025-06-24 14:35:50.918,1418,1654,1854,1644,1424,597,1552,1471,1533,1445
2025-06-24 14:35:51.018,1405,1658,1811,1499,1443,0,1824,1402,1525,1441
2025-06-24 14:35:51.118,1453,1590,1796,1374,1526,0,1643,1571,1545,1454
2025-06-24 14:35:51.218,1454,1488,1751,1409,1574,0,1557,1639,1534,1456
2025-06-24 14:35:51.318,1458,1471,1671,1456,1600,0,1569,1702,1535,1453
2025-06-24 14:35:51.418,1441,1478,1575,1431,1613,745,1635,1773,1521,1439
2025-06-24 14:35:51.517,1424,1468,1506,1433,1593,2062,1441,1808,1527,1443
2025-06-24 14:35:51.617,1445,1467,1450,1466,1549,3463,1324,1781,1527,1441
2025-06-24 14:35:51.717,1459,1486,1488,1470,1600,4095,1264,1470,1520,1429
2025-06-24 14:35:51.816,1491,1575,1292,1487,1658,4095,1265,880,1520,1441
2025-06-24 14:35:51.916,1522,1533,1079,1521,1776,4095,1335,508,1518,1434
2025-06-24 14:35:52.015,1521,1520,1053,1587,1669,4095,1491,542,1530,1456
2025-06-24 14:35:52.115,1519,1509,1129,1573,1490,3997,1559,793,1535,1453
2025-06-24 14:35:52.215,1549,1509,1259,1488,1425,2239,1653,1300,1526,1438
2025-06-24 14:35:52.315,1559,1534,1345,1514,1437,1342,1772,1634,1520,1437
2025-06-24 14:35:52.414,1557,1547,1482,1501,1441,1019,1969,1829,1520,1434
2025-06-24 14:35:52.514,1545,1591,1595,1477,1459,997,2258,2043,1525,1440
2025-06-24 14:35:52.614,1527,1631,1645,1518,1451,455,2110,2123,1526,1439
2025-06-24 14:35:52.714,1486,1661,1728,1584,1458,0,1856,1939,1531,1442
2025-06-24 14:35:52.814,1437,1687,1728,1584,1498,0,1743,1684,1525,1443
2025-06-24 14:35:52.913,1424,1738,1517,1507,1520,0,1680,1791,1529,1442
2025-06-24 14:35:53.012,1408,1686,1407,1434,1571,0,1385,1854,1535,1447
2025-06-24 14:35:53.111,1425,1554,1440,1488,1584,854,1050,1934,1530,1449
2025-06-24 14:35:53.211,1442,1445,1487,1535,1616,2160,961,1904,1527,1439
2025-06-24 14:35:53.311,1454,1434,1551,1552,1575,3619,1021,1792,1522,1442
2025-06-24 14:35:53.410,1421,1449,1422,1614,1547,4095,1065,1565,1530,1436
2025-06-24 14:35:53.509,1413,1456,1241,1526,1515,4095,1217,1472,1535,1447
2025-06-24 14:35:53.608,1434,1473,1239,1429,1638,4095,1488,1185,1527,1445
2025-06-24 14:35:53.708,1451,1495,1323,1439,1739,4095,1673,598,1525,1440
2025-06-24 14:35:53.807,1467,1529,1423,1447,1595,4095,1890,240,1523,1439
2025-06-24 14:35:53.907,1447,1503,1471,1473,1525,2480,2128,170,1530,1440
2025-06-24 14:35:54.006,1484,1441,1526,1318,1503,1584,2281,496,1526,1441
2025-06-24 14:35:54.105,1479,1472,1611,1087,1492,1179,2235,941,1527,1442
2025-06-24 14:35:54.205,1467,1478,1741,970,1501,1075,2056,1303,1535,1449
2025-06-24 14:35:54.305,1467,1504,1826,912,1463,688,1974,1614,1525,1443
2025-06-24 14:35:54.405,1474,1521,1884,980,1450,0,1676,1824,1533,1443
2025-06-24 14:35:54.504,1483,1582,1920,1088,1452,0,1043,1859,1515,1426
2025-06-24 14:35:54.604,1463,1622,1878,1201,1482,0,883,1757,1511,1424
2025-06-24 14:35:54.704,1413,1674,1744,1282,1526,0,944,1602,1515,1429
2025-06-24 14:35:54.803,1390,1733,1749,1373,1543,932,1119,1712,1518,1429
2025-06-24 14:35:54.903,1392,1726,1744,1472,1521,2253,1264,1850,1522,1438
2025-06-24 14:35:55.003,1403,1638,1721,1699,1459,3725,1479,2006,1527,1445
2025-06-24 14:35:55.103,1424,1522,1745,1771,1511,4095,1661,2042,1532,1449
2025-06-24 14:35:55.203,1435,1468,1579,1872,1559,4095,1809,1971,1520,1422
2025-06-24 14:35:55.303,1424,1516,1451,1896,1629,4095,1994,1890,1519,1417
2025-06-24 14:35:55.403,1456,1563,1558,1857,1797,4095,2268,1832,1542,1456
2025-06-24 14:35:55.502,1474,1562,1617,1937,1661,3898,2252,1637,1528,1445
2025-06-24 14:35:55.602,1507,1535,1634,1937,1491,2235,2032,1153,1535,1446
2025-06-24 14:35:55.702,1533,1581,1664,1972,1426,1344,1954,676,1547,1456
2025-06-24 14:35:55.802,1553,1493,1735,1878,1503,1009,1813,521,1542,1449
2025-06-24 14:35:55.902,1558,1454,1815,1719,1525,971,1213,719,1531,1456
2025-06-24 14:35:55.999,1562,1444,1825,1648,1488,501,1088,1157,1528,1450
2025-06-24 14:35:56.101,1563,1422,1788,1571,1397,0,1110,1581,1529,1449
2025-06-24 14:35:56.201,1566,1451,1739,1483,1463,0,1168,1789,1533,1449
2025-06-24 14:35:56.301,1573,1471,1707,1478,1459,0,1168,1968,1523,1437
2025-06-24 14:35:56.401,1568,1499,1611,1424,1479,0,1194,2212,1523,1443
2025-06-24 14:35:56.500,1561,1525,1481,1475,1519,1021,1311,2320,1525,1442
2025-06-24 14:35:56.600,1513,1589,1454,1516,1577,2352,1415,2173,1521,1440
2025-06-24 14:35:56.700,1465,1682,1360,1522,1524,3917,1616,2092,1520,1435
2025-06-24 14:35:56.800,1440,1699,1339,1474,1491,4095,1922,2128,1520,1444
2025-06-24 14:35:56.900,1438,1626,1366,1390,1426,4095,1835,2230,1513,1426
2025-06-24 14:35:56.999,1445,1493,1199,1412,1529,4095,1610,2165,1525,1434
2025-06-24 14:35:57.100,1456,1431,1023,1452,1690,4095,1517,2188,1535,1444
2025-06-24 14:35:57.200,1447,1394,1009,1498,1664,3328,1491,2117,1535,1452
2025-06-24 14:35:57.300,1456,1439,1120,1543,1443,1950,1282,2026,1545,1453
2025-06-24 14:35:57.400,1470,1463,1210,1593,1339,1210,1226,1840,1545,1456
2025-06-24 14:35:57.499,1486,1488,1283,1554,1478,989,1155,1611,1534,1444
2025-06-24 14:35:57.599,1500,1526,1333,1613,1557,1040,1202,1287,1550,1453
2025-06-24 14:35:57.699,1513,1584,1441,1552,1535,288,1242,1031,1527,1443
2025-06-24 14:35:57.799,1519,1544,1520,1519,1485,0,1310,1079,1526,1453
2025-06-24 14:35:57.899,1519,1492,1590,1462,1395,0,1417,1435,1519,1432
2025-06-24 14:35:57.999,1507,1482,1621,1477,1315,0,1465,1793,1520,1431
2025-06-24 14:35:58.099,1527,1527,1680,1498,1377,0,1685,2053,1523,1442
2025-06-24 14:35:58.199,1547,1562,1782,1529,1410,1077,2001,2285,1533,1450
2025-06-24 14:35:58.299,1546,1578,1891,1517,1489,2426,2000,2419,1526,1443
2025-06-24 14:35:58.399,1548,1633,1968,1489,1552,3948,1687,2529,1521,1438
2025-06-24 14:35:58.499,1531,1680,1933,1561,1520,4095,1546,2435,1521,1439
2025-06-24 14:35:58.599,1465,1715,1893,1563,1517,4095,1604,2108,1523,1446
2025-06-24 14:35:58.699,1416,1744,1884,1601,1577,4095,1448,1783,1519,1438
2025-06-24 14:35:58.803,1408,1716,1721,1510,1693,4095,1271,1680,1526,1443
2025-06-24 14:35:58.903,1418,1575,1522,1485,1708,2615,1200,1648,1527,1439
2025-06-24 14:35:59.003,1441,1456,1533,1415,1605,1409,1265,1587,1521,1434
2025-06-24 14:35:59.103,1443,1429,1476,1414,1504,853,1301,1606,1533,1442
2025-06-24 14:35:59.202,1422,1467,1585,1511,1506,816,1330,1552,1526,1446
2025-06-24 14:35:59.302,1424,1482,1649,1553,1484,979,1468,1430,1525,1441
2025-06-24 14:35:59.401,1438,1470,1598,1511,1456,0,1509,1258,1523,1434
2025-06-24 14:35:59.501,1466,1506,1498,1612,1442,0,1637,1084,1542,1456
2025-06-24 14:35:59.601,1494,1567,1369,1613,1410,0,1761,775,1546,1453
2025-06-24 14:35:59.701,1517,1524,1263,1593,1425,0,1948,626,1530,1446
2025-06-24 14:35:59.802,1531,1524,1168,1483,1444,118,1812,828,1527,1441
2025-06-24 14:35:59.897,1532,1529,1119,1494,1451,1368,1678,1203,1527,1446
2025-06-24 14:35:59.996,1531,1531,1040,1511,1501,2718,1726,1554,1525,1442
2025-06-24 14:36:00.094,1534,1531,979,1486,1573,4095,1623,1760,1515,1430
2025-06-24 14:36:00.200,1527,1556,901,1488,1591,4095,1397,1872,1520,1431
2025-06-24 14:36:00.293,1535,1592,939,1616,1581,4095,1232,1821,1520,1435
2025-06-24 14:36:00.393,1520,1625,960,1565,1617,4095,1243,1724,1521,1438
2025-06-24 14:36:00.493,1493,1631,915,1494,1627,4095,1215,1647,1520,1438
2025-06-24 14:36:00.592,1440,1651,656,1489,1744,2435,1275,1525,1525,1440
2025-06-24 14:36:00.692,1392,1638,651,1489,1681,1453,1323,1520,1527,1445
2025-06-24 14:36:00.791,1367,1514,716,1485,1531,1087,1421,1456,1523,1436
2025-06-24 14:36:00.891,1407,1438,831,1527,1520,1139,1492,1424,1535,1453
2025-06-24 14:36:00.991,1430,1392,944,1488,1462,1353,1571,1457,1541,1450
2025-06-24 14:36:01.090,1439,1389,1086,1493,1506,0,1783,1337,1535,1450
2025-06-24 14:36:01.190,1426,1391,1282,1488,1509,0,2100,1342,1534,1460
2025-06-24 14:36:01.290,1392,1410,1388,1485,1444,0,1881,1201,1521,1437
2025-06-24 14:36:01.390,1403,1435,1542,1520,1421,0,1662,976,1521,1429
2025-06-24 14:36:01.489,1419,1503,1597,1490,1431,656,1565,732,1525,1442
2025-06-24 14:36:01.588,1433,1514,1626,1493,1491,1725,1586,474,1525,1434
2025-06-24 14:36:01.688,1415,1453,1651,1437,1497,2832,1295,511,1520,1434
2025-06-24 14:36:01.788,1455,1414,1559,1490,1571,4095,1127,901,1523,1439
2025-06-24 14:36:01.887,1462,1418,1520,1507,1535,4095,1046,1206,1520,1435
2025-06-24 14:36:01.987,1469,1466,1530,1573,1559,4095,1150,1483,1521,1437
2025-06-24 14:36:02.087,1488,1543,1515,1548,1587,4095,1216,1808,1523,1441
2025-06-24 14:36:02.187,1518,1608,1552,1461,1646,4004,1185,1947,1520,1435
2025-06-24 14:36:02.287,1530,1666,1520,1441,1733,2257,1267,1813,1523,1441
2025-06-24 14:36:02.387,1543,1681,1328,1461,1773,1396,1566,1646,1530,1458
2025-06-24 14:36:02.487,1531,1728,1199,1435,1575,1122,1667,1551,1535,1446
2025-06-24 14:36:02.586,1483,1715,1167,1468,1360,1255,2032,1579,1531,1446
2025-06-24 14:36:02.686,1451,1626,1148,1561,1354,927,2179,1636,1519,1429
2025-06-24 14:36:02.786,1451,1492,1216,1616,1359,0,1978,1605,1521,1433
2025-06-24 14:36:02.886,1463,1459,1381,1590,1362,0,1795,1587,1529,1443
2025-06-24 14:36:02.986,1488,1460,1663,1563,1408,0,1670,1520,1527,1439
2025-06-24 14:36:03.085,1502,1456,1879,1551,1354,0,1517,1437,1533,1451
2025-06-24 14:36:03.185,1483,1463,1969,1482,1340,561,1069,1232,1521,1441
2025-06-24 14:36:03.285,1471,1489,1949,1499,1325,1344,960,1061,1527,1441
2025-06-24 14:36:03.385,1475,1568,1866,1530,1371,2077,977,837,1529,1447
2025-06-24 14:36:03.485,1489,1519,1807,1471,1413,2669,1115,553,1522,1440
2025-06-24 14:36:03.584,1508,1488,1709,1456,1463,2962,1218,534,1523,1440
2025-06-24 14:36:03.683,1521,1445,1621,1472,1477,2960,1329,814,1522,1442
2025-06-24 14:36:03.783,1519,1463,1511,1501,1534,3863,1495,1225,1518,1422
2025-06-24 14:36:03.883,1527,1488,1355,1528,1553,2439,1633,1515,1521,1440
2025-06-24 14:36:03.983,1511,1567,1293,1502,1580,911,1817,1835,1522,1431
2025-06-24 14:36:04.082,1521,1585,1272,1504,1597,413,2106,1952,1526,1443
2025-06-24 14:36:04.182,1520,1645,1153,1505,1530,702,2190,1879,1531,1445
2025-06-24 14:36:04.281,1529,1700,1129,1506,1437,1313,1984,1680,1531,1446
2025-06-24 14:36:04.381,1501,1683,1439,1514,1369,853,1818,1662,1526,1444
2025-06-24 14:36:04.481,1431,1553,1994,1563,1313,0,1680,1579,1546,1455
2025-06-24 14:36:04.580,1355,1281,2192,1502,1329,0,1679,1573,1534,1445
2025-06-24 14:36:04.679,1286,1118,1963,1487,1359,0,1253,1646,1531,1442
2025-06-24 14:36:04.779,1260,1151,1850,1477,1303,385,1033,1558,1529,1441
2025-06-24 14:36:04.878,1281,1232,2029,1497,1434,827,1008,1519,1527,1438
2025-06-24 14:36:04.978,1339,1385,1949,1564,2006,1263,1040,1623,1526,1442
2025-06-24 14:36:05.077,1392,1535,1664,1519,1892,1773,1163,1497,1526,1443
2025-06-24 14:36:05.177,1430,1583,1398,1425,1306,2138,1317,1382,1531,1450
2025-06-24 14:36:05.277,1451,1600,1248,1399,603,2349,1547,1220,1543,1456
2025-06-24 14:36:05.377,1465,1558,1227,1424,207,2896,1872,902,1528,1447
2025-06-24 14:36:05.476,1479,1491,1165,1481,116,4095,1939,822,1523,1440
2025-06-24 14:36:05.575,1495,1545,1109,1473,112,2047,2166,992,1523,1440
2025-06-24 14:36:05.674,1527,1584,1061,1468,321,591,2096,1378,1523,1435
2025-06-24 14:36:05.774,1545,1642,1019,1503,617,343,1856,1631,1525,1436
2025-06-24 14:36:05.873,1559,1696,1061,1518,987,663,1733,1735,1525,1440
2025-06-24 14:36:05.973,1565,1728,1040,1514,1248,1046,1677,1946,1534,1451
2025-06-24 14:36:06.073,1573,1774,872,1541,1312,0,1328,2104,1515,1430
2025-06-24 14:36:06.173,1575,1823,941,1535,1426,0,1055,2106,1521,1439
2025-06-24 14:36:06.273,1575,1872,993,1549,1606,0,1051,2021,1529,1443
2025-06-24 14:36:06.372,1565,1904,1050,1520,1722,208,1042,1882,1523,1434
2025-06-24 14:36:06.472,1570,1904,1136,1522,1854,949,1182,1734,1528,1447
2025-06-24 14:36:06.572,1513,1726,1281,1541,1927,1535,1251,1690,1535,1444
2025-06-24 14:36:06.672,1437,1543,1489,1533,1943,2103,1359,1660,1526,1443
2025-06-24 14:36:06.771,1383,1413,1706,1543,2021,2621,1523,1620,1520,1435
2025-06-24 14:36:06.871,1388,1402,1814,1559,2140,2965,1655,1599,1522,1435
2025-06-24 14:36:06.970,1398,1373,1826,1547,2187,3215,1817,1500,1520,1439
2025-06-24 14:36:07.070,1437,1381,1825,1476,2182,4095,1975,1323,1526,1447
2025-06-24 14:36:07.170,1455,1358,1782,1527,2115,3071,1870,1037,1534,1447
2025-06-24 14:36:07.270,1435,1369,1693,1502,1983,1086,1783,646,1535,1449
2025-06-24 14:36:07.369,1433,1250,1648,1523,1930,231,1790,456,1534,1445
2025-06-24 14:36:07.469,1451,1226,1648,1547,1883,281,1619,645,1546,1453
2025-06-24 14:36:07.568,1489,1199,1578,1412,1835,752,1156,1123,1535,1451
2025-06-24 14:36:07.668,1515,1179,1520,1414,1823,375,999,1471,1530,1440
2025-06-24 14:36:07.767,1527,1241,1522,1455,1789,0,1055,1646,1525,1438
2025-06-24 14:36:07.866,1527,1322,1325,1485,1698,0,1146,1842,1524,1439
2025-06-24 14:36:07.966,1545,1463,1246,1488,1542,0,1242,1903,1520,1438
2025-06-24 14:36:08.065,1550,1602,1315,1499,1562,448,1344,1810,1522,1436
2025-06-24 14:36:08.165,1552,1693,1365,1471,1602,1232,1583,1689,1523,1441
2025-06-24 14:36:08.265,1553,1825,1478,1517,1589,1969,1715,1689,1529,1445
2025-06-24 14:36:08.365,1562,1897,1607,1434,1567,2737,1827,1712,1523,1443
2025-06-24 14:36:08.465,1561,1745,1744,1185,1586,3398,2133,1731,1520,1435
2025-06-24 14:36:08.565,1547,1616,1835,962,1543,3835,2176,1849,1520,1438
2025-06-24 14:36:08.665,1493,1600,1891,820,1610,4095,2047,1842,1533,1440
2025-06-24 14:36:08.764,1454,1566,1889,897,1677,4095,1872,1941,1527,1444
2025-06-24 14:36:08.868,1443,1583,1802,1012,1712,2331,1680,2020,1525,1441
2025-06-24 14:36:08.967,1449,1570,1727,1181,1606,721,1157,1923,1520,1435
2025-06-24 14:36:09.067,1472,1571,1616,1315,1618,43,935,1616,1531,1444
2025-06-24 14:36:09.166,1472,1660,1551,1407,1511,64,983,1214,1541,1449
2025-06-24 14:36:09.266,1479,1607,1482,1531,1463,397,1095,876,1527,1442
2025-06-24 14:36:09.366,1441,1499,1465,1546,1393,0,1087,655,1530,1438
2025-06-24 14:36:09.465,1426,1488,1508,1690,1456,0,1123,758,1525,1440
2025-06-24 14:36:09.564,1456,1479,1328,1749,1554,0,1251,1154,1526,1439
2025-06-24 14:36:09.664,1488,1515,1227,1814,1564,42,1360,1465,1521,1440
2025-06-24 14:36:09.764,1509,1565,1251,1845,1433,1007,1498,1706,1520,1438
2025-06-24 14:36:09.865,1519,1622,1314,2140,1399,1802,1765,1981,1522,1440
2025-06-24 14:36:09.960,1520,1694,1360,2332,1419,2448,2069,2151,1529,1441
2025-06-24 14:36:10.060,1527,1753,1395,2305,1456,3123,1890,2054,1533,1450
2025-06-24 14:36:10.159,1527,1794,1467,2141,1452,3936,1747,1887,1529,1438
2025-06-24 14:36:10.259,1526,1881,1568,1974,1424,4095,1669,1808,1526,1444
2025-06-24 14:36:10.359,1524,1808,1649,1847,1455,4095,1548,1831,1530,1447
2025-06-24 14:36:10.459,1529,1611,1674,1717,1457,4095,1088,1819,1529,1443
2025-06-24 14:36:10.559,1526,1487,1701,1607,1551,2058,987,1772,1535,1448
2025-06-24 14:36:10.659,1487,1447,1705,1459,1522,914,1009,1684,1530,1439
2025-06-24 14:36:10.758,1433,1470,1597,1297,1491,716,1015,1574,1541,1452
2025-06-24 14:36:10.858,1408,1475,1552,1115,1495,1124,1187,1514,1531,1445
2025-06-24 14:36:10.957,1407,1454,1583,1152,1487,877,1343,1193,1526,1442
2025-06-24 14:36:11.057,1424,1466,1584,1195,1433,0,1474,1007,1525,1440
2025-06-24 14:36:11.156,1454,1392,1582,1215,1435,0,1593,636,1520,1434
2025-06-24 14:36:11.255,1449,1418,1405,1262,1361,0,1814,380,1523,1438
2025-06-24 14:36:11.354,1424,1442,1341,1318,1493,497,2306,391,1519,1434
2025-06-24 14:36:11.454,1392,1445,1434,1386,1620,1363,2366,769,1519,1434
2025-06-24 14:36:11.553,1429,1463,1497,1499,1529,2170,2117,1086,1531,1443
2025-06-24 14:36:11.652,1456,1571,1573,1509,1405,2927,2000,1419,1520,1438
2025-06-24 14:36:11.752,1477,1637,1612,1603,1328,3759,1890,1712,1531,1449
2025-06-24 14:36:11.852,1470,1700,1637,1578,1309,4095,1358,1808,1521,1439
2025-06-24 14:36:11.951,1522,1712,1758,1552,1375,4095,1093,1811,1531,1448
2025-06-24 14:36:12.051,1513,1680,1821,1595,1356,4095,1097,1838,1522,1440
2025-06-24 14:36:12.150,1511,1733,1823,1600,1360,2949,1005,1808,1520,1438
2025-06-24 14:36:12.250,1493,1687,1829,1582,1328,1082,1008,1841,1535,1454
2025-06-24 14:36:12.350,1479,1638,1834,1563,1424,256,1189,1708,1541,1447
2025-06-24 14:36:12.450,1493,1606,1771,1563,1498,277,1274,1691,1534,1446
2025-06-24 14:36:12.550,1499,1612,1710,1492,1471,681,1490,1677,1530,1444
2025-06-24 14:36:12.650,1505,1593,1722,1521,1467,0,1658,1664,1522,1435
2025-06-24 14:36:12.750,1483,1604,1719,1340,1454,0,1800,1597,1520,1428
2025-06-24 14:36:12.849,1424,1616,1776,1115,1450,0,2110,1522,1518,1434
2025-06-24 14:36:12.949,1407,1575,1698,955,1456,0,2069,1258,1522,1437
2025-06-24 14:36:13.048,1414,1522,1503,950,1449,164,1933,977,1529,1443
2025-06-24 14:36:13.148,1450,1447,1503,1057,1519,1213,1824,780,1525,1440
2025-06-24 14:36:13.248,1472,1439,1493,1201,1643,2358,1773,803,1525,1440
2025-06-24 14:36:13.348,1499,1411,1555,1354,1648,3641,1217,848,1521,1439
2025-06-24 14:36:13.448,1476,1447,1633,1469,1521,4095,1061,1097,1522,1435
2025-06-24 14:36:13.547,1477,1434,1725,1557,1469,4095,1073,1313,1521,1441
2025-06-24 14:36:13.647,1488,1461,1679,1621,1462,4095,1140,1494,1535,1445
2025-06-24 14:36:13.747,1500,1508,1668,1775,1520,4095,1107,1602,1529,1442
2025-06-24 14:36:13.847,1506,1488,1670,1791,1535,3265,1201,1475,1525,1441
2025-06-24 14:36:13.947,1520,1475,1625,1813,1526,1935,1425,1555,1529,1443
2025-06-24 14:36:14.047,1528,1439,1607,1798,1574,1544,1648,1566,1523,1435
2025-06-24 14:36:14.146,1531,1362,1603,1883,1634,1554,1849,1567,1522,1438
2025-06-24 14:36:14.246,1526,1296,1395,2079,1679,1573,2064,1535,1546,1449
2025-06-24 14:36:14.346,1522,1328,1269,2041,1659,0,2179,1579,1535,1447
2025-06-24 14:36:14.446,1547,1395,1357,1939,1679,0,2043,1682,1527,1442
2025-06-24 14:36:14.546,1555,1429,1462,1778,1678,0,1866,1786,1520,1433
2025-06-24 14:36:14.645,1555,1486,1338,1718,1621,0,1878,1747,1520,1438
2025-06-24 14:36:14.745,1530,1552,1114,1715,1584,1017,1649,1787,1521,1439
2025-06-24 14:36:14.845,1466,1534,1054,1630,1577,2118,1249,1633,1525,1441
2025-06-24 14:36:14.945,1409,1495,1043,1515,1579,3184,1117,1259,1529,1447
2025-06-24 14:36:15.045,1377,1482,1113,1376,1668,4095,1057,816,1527,1441
2025-06-24 14:36:15.144,1398,1465,1183,1375,1651,4095,1006,507,1524,1443
2025-06-24 14:36:15.244,1425,1469,1264,1316,1543,4095,1072,607,1520,1439
2025-06-24 14:36:15.344,1456,1504,1328,1317,1449,4095,1231,1009,1527,1442
2025-06-24 14:36:15.444,1445,1558,1472,1348,1424,4095,1363,1531,1529,1434
2025-06-24 14:36:15.544,1435,1601,1617,1354,1488,3776,1435,1812,1526,1444
2025-06-24 14:36:15.643,1441,1651,1743,1409,1552,2364,1456,2060,1520,1433
2025-06-24 14:36:15.743,1456,1651,1862,1425,1497,1648,1699,2083,1534,1446
2025-06-24 14:36:15.843,1471,1681,1804,1476,1491,1302,1685,1963,1541,1450
2025-06-24 14:36:15.943,1494,1600,1575,1511,1542,1216,1619,1840,1534,1447
2025-06-24 14:36:16.043,1504,1472,1415,1501,1649,0,1631,1872,1525,1434
2025-06-24 14:36:16.142,1515,1446,1392,1543,1687,0,1584,1885,1520,1421
2025-06-24 14:36:16.242,1517,1435,1487,1554,1688,0,1447,1950,1528,1445
2025-06-24 14:36:16.342,1521,1456,1409,1553,1597,0,1264,1864,1531,1443
2025-06-24 14:36:16.442,1526,1495,1357,1575,1524,77,1204,1942,1531,1446
2025-06-24 14:36:16.542,1550,1520,1375,1562,1526,1131,1203,1937,1531,1445
2025-06-24 14:36:16.641,1554,1603,1405,1377,1552,2256,1346,1914,1525,1443
2025-06-24 14:36:16.741,1547,1582,1447,1106,1584,3375,1437,1761,1515,1428
2025-06-24 14:36:16.841,1506,1579,1440,944,1660,4095,1449,1506,1523,1440
2025-06-24 14:36:16.941,1442,1562,1437,893,1590,4095,1543,1071,1519,1433
2025-06-24 14:36:17.041,1399,1545,1498,1013,1568,4095,1712,762,1527,1439
2025-06-24 14:36:17.140,1390,1530,1559,1143,1533,4095,1909,653,1521,1440
2025-06-24 14:36:17.240,1407,1546,1600,1239,1476,3424,2210,917,1525,1440
2025-06-24 14:36:17.339,1408,1518,1600,1341,1379,2202,2000,1355,1515,1428
2025-06-24 14:36:17.438,1443,1511,1637,1479,1424,1474,1812,1855,1522,1441
2025-06-24 14:36:17.538,1435,1567,1667,1616,1463,1121,1692,2102,1534,1447
2025-06-24 14:36:17.637,1412,1605,1567,1617,1502,938,1646,2138,1530,1444
2025-06-24 14:36:17.736,1423,1641,1568,1723,1506,449,1163,2021,1534,1446
2025-06-24 14:36:17.836,1444,1593,1613,1753,1515,0,910,1710,1533,1433
2025-06-24 14:36:17.935,1469,1491,1552,1872,1469,0,926,1590,1529,1437
2025-06-24 14:36:18.034,1491,1433,1291,1931,1500,0,997,1626,1531,1441
2025-06-24 14:36:18.133,1509,1463,1104,1904,1470,0,1101,1605,1542,1454
2025-06-24 14:36:18.232,1515,1482,1097,1943,1497,491,1299,1523,1525,1441
2025-06-24 14:36:18.332,1519,1504,1104,2017,1499,1773,1464,1492,1519,1435
2025-06-24 14:36:18.432,1520,1518,1210,2000,1522,3007,1615,1619,1522,1439
2025-06-24 14:36:18.532,1523,1574,1290,1901,1535,4095,1774,1746,1520,1437
2025-06-24 14:36:18.631,1552,1562,1343,1790,1673,4095,1940,1733,1525,1443
2025-06-24 14:36:18.730,1552,1562,1458,1645,1599,4095,2022,1721,1520,1435
2025-06-24 14:36:18.830,1542,1552,1551,1489,1453,4095,1955,1669,1520,1434
2025-06-24 14:36:18.934,1489,1551,1695,1400,1382,3389,1862,1303,1527,1442
2025-06-24 14:36:19.033,1433,1545,1744,1401,1429,2288,1856,816,1532,1439
2025-06-24 14:36:19.132,1402,1585,1743,1459,1488,1717,1456,625,1532,1445
2025-06-24 14:36:19.231,1410,1611,1410,1381,1515,1471,1157,880,1543,1451
2025-06-24 14:36:19.331,1429,1616,1168,1287,1481,1302,1216,1406,1535,1451
2025-06-24 14:36:19.430,1455,1621,1121,1294,1436,1223,1231,1629,1523,1436
2025-06-24 14:36:19.529,1472,1646,1097,1369,1383,0,1178,1794,1530,1444
2025-06-24 14:36:19.628,1456,1655,857,1465,1399,0,1274,1936,1531,1424
2025-06-24 14:36:19.728,1418,1601,609,1502,1472,0,1484,2063,1529,1438
2025-06-24 14:36:19.828,1421,1513,544,1557,1427,0,1669,1938,1522,1442
2025-06-24 14:36:19.929,1437,1446,589,1548,1417,592,1924,1685,1521,1430
2025-06-24 14:36:20.024,1483,1427,671,1565,1461,1854,2080,1712,1525,1438
2025-06-24 14:36:20.124,1503,1453,673,1527,1458,3117,2245,1872,1523,1438
2025-06-24 14:36:20.223,1516,1471,720,1521,1466,4095,2293,1872,1520,1439
2025-06-24 14:36:20.322,1520,1488,846,1488,1479,4095,2159,1870,1529,1456
2025-06-24 14:36:20.422,1542,1534,896,1491,1677,4095,1950,1785,1523,1443
2025-06-24 14:36:20.521,1546,1519,804,1491,1787,4095,1776,1781,1520,1434
2025-06-24 14:36:20.621,1552,1511,816,1552,1632,3284,1189,1776,1521,1434
2025-06-24 14:36:20.721,1564,1530,1207,1429,1547,2266,993,1555,1520,1431
2025-06-24 14:36:20.821,1562,1545,1443,1187,1555,1758,918,1261,1535,1447
2025-06-24 14:36:20.921,1565,1558,1142,1006,1614,1520,1042,895,1527,1440
2025-06-24 14:36:21.021,1502,1633,1003,992,1587,1411,1104,545,1533,1445
2025-06-24 14:36:21.121,1439,1602,1062,1015,1583,1454,1401,579,1535,1451
2025-06-24 14:36:21.220,1422,1605,1040,1115,1535,0,1600,737,1531,1447
2025-06-24 14:36:21.319,1423,1632,790,1215,1456,0,1712,1092,1534,1445
2025-06-24 14:36:21.419,1442,1713,592,1344,1395,0,1873,1281,1542,1452
2025-06-24 14:36:21.518,1459,1808,615,1445,1394,0,1970,1462,1547,1456
2025-06-24 14:36:21.617,1462,1789,658,1581,1403,818,2147,1657,1535,1455
2025-06-24 14:36:21.717,1424,1678,773,1712,1443,2064,2093,1591,1523,1442
2025-06-24 14:36:21.817,1402,1535,1022,1812,1412,3315,1917,1603,1519,1436
2025-06-24 14:36:21.917,1430,1503,1502,1872,1454,4095,1855,1687,1517,1433
2025-06-24 14:36:22.017,1462,1529,1936,1869,1488,4095,1408,1795,1521,1435
2025-06-24 14:36:22.117,1490,1535,2319,1923,1606,4095,1161,1908,1513,1427
2025-06-24 14:36:22.216,1513,1570,2640,1977,1766,4095,1091,1901,1526,1447
2025-06-24 14:36:22.316,1530,1586,3099,1999,1743,2816,1114,1796,1527,1442
2025-06-24 14:36:22.416,1546,1533,3836,1989,1550,1876,1316,1809,1526,1441
2025-06-24 14:36:22.516,1547,1459,3511,1968,1459,1424,1402,1747,1525,1442
2025-06-24 14:36:22.616,1551,1359,2672,1883,1456,1246,1328,1552,1525,1437
2025-06-24 14:36:22.716,1558,1273,2103,1765,1511,1280,1369,1360,1534,1444
2025-06-24 14:36:22.816,1555,1236,1677,1600,1515,1174,1472,1167,1521,1436
2025-06-24 14:36:22.915,1531,1197,1375,1483,1431,0,1621,823,1516,1425
2025-06-24 14:36:23.015,1510,1296,1222,1381,1401,0,1778,782,1532,1446
2025-06-24 14:36:23.115,1443,1486,821,1290,1418,0,1621,912,1543,1453
2025-06-24 14:36:23.214,1397,1652,475,1323,1418,110,1570,1093,1545,1453
2025-06-24 14:36:23.314,1371,1777,405,1322,1344,1009,1410,1417,1531,1443
2025-06-24 14:36:23.414,1377,1894,479,1296,1300,1930,1337,1691,1521,1440
2025-06-24 14:36:23.514,1375,1940,458,1386,1367,2853,991,1770,1525,1440
2025-06-24 14:36:23.614,1395,1830,570,1369,1424,3693,1033,1808,1517,1429
2025-06-24 14:36:23.713,1381,1688,852,1370,1418,4095,1051,1910,1525,1440
2025-06-24 14:36:23.812,1382,1561,1215,1449,1547,4095,1091,1914,1527,1446
2025-06-24 14:36:23.912,1430,1488,1434,1520,1669,3614,1279,1863,1535,1447
2025-06-24 14:36:24.012,1453,1424,1579,1554,1721,2057,1411,1834,1531,1443
2025-06-24 14:36:24.111,1490,1391,1649,1639,1555,1106,1562,1692,1520,1430
2025-06-24 14:36:24.210,1510,1437,1750,1492,1424,812,1696,1535,1535,1443
2025-06-24 14:36:24.310,1522,1392,1824,1451,1400,845,1915,1429,1529,1442
2025-06-24 14:36:24.410,1527,1306,2589,1481,1425,1072,2222,1360,1531,1444
2025-06-24 14:36:24.510,1541,1270,3401,1547,1456,510,2160,1249,1524,1440
2025-06-24 14:36:24.609,1534,1270,3212,1511,1440,0,2001,1063,1529,1443
2025-06-24 14:36:24.708,1543,1291,2627,1553,1346,0,1922,947,1531,1443
2025-06-24 14:36:24.808,1547,1335,2160,1568,1358,0,1798,636,1535,1448
2025-06-24 14:36:24.908,1520,1388,1770,1584,1325,0,1220,518,1529,1443
2025-06-24 14:36:25.007,1495,1426,1174,1383,1319,826,1038,633,1534,1447
2025-06-24 14:36:25.106,1447,1497,934,1062,1335,1785,1072,947,1527,1442
2025-06-24 14:36:25.205,1396,1542,935,848,1390,2831,1057,1343,1525,1440
2025-06-24 14:36:25.305,1376,1561,1030,835,1469,3951,1109,1706,1522,1437
2025-06-24 14:36:25.404,1363,1638,1150,944,1509,4095,1136,1959,1520,1439
2025-06-24 14:36:25.504,1408,1629,1343,1116,1569,4095,1262,1793,1524,1441
2025-06-24 14:36:25.604,1439,1501,1533,1280,1617,3891,1447,1763,1521,1430
2025-06-24 14:36:25.703,1456,1461,1547,1422,1690,2176,1584,1730,1522,1439
2025-06-24 14:36:25.803,1435,1482,1488,1488,1649,1210,1839,1749,1542,1448
2025-06-24 14:36:25.903,1439,1490,1402,1600,1488,942,1887,1782,1535,1450
2025-06-24 14:36:26.003,1472,1487,1306,1744,1414,1038,1776,1849,1523,1437
2025-06-24 14:36:26.103,1493,1511,1216,1815,1441,1266,1674,1952,1522,1440
2025-06-24 14:36:26.202,1519,1552,1005,1819,1456,581,1547,1893,1523,1439
2025-06-24 14:36:26.302,1530,1470,979,1907,1475,0,1209,1868,1523,1439
2025-06-24 14:36:26.402,1532,1458,1063,1925,1509,0,1017,1738,1521,1429
2025-06-24 14:36:26.502,1529,1447,1215,1839,1392,0,1055,1606,1523,1439
2025-06-24 14:36:26.602,1534,1491,1391,1813,1405,1,1140,1411,1521,1435
2025-06-24 14:36:26.702,1516,1563,1595,1769,1446,967,1246,1008,1535,1451
2025-06-24 14:36:26.802,1521,1595,1559,1871,1437,2070,1235,881,1535,1456
2025-06-24 14:36:26.902,1552,1648,1071,1890,1413,3269,1413,903,1531,1447
2025-06-24 14:36:27.002,1523,1695,673,1820,1522,4095,1648,1198,1525,1441
2025-06-24 14:36:27.101,1491,1751,567,1703,1506,4095,1749,1481,1535,1454
2025-06-24 14:36:27.200,1424,1795,803,1595,1559,4095,1808,1722,1532,1449
2025-06-24 14:36:27.300,1408,1811,1234,1489,1633,4095,2027,1869,1521,1438
2025-06-24 14:36:27.400,1409,1813,1786,1457,1685,2394,1895,1782,1521,1427
2025-06-24 14:36:27.500,1423,1645,2289,1370,1769,1141,1629,1728,1527,1444
2025-06-24 14:36:27.600,1440,1520,2631,1395,1659,759,1600,1699,1523,1436
2025-06-24 14:36:27.699,1459,1488,2770,1414,1552,801,1571,1735,1521,1434
2025-06-24 14:36:27.799,1458,1473,2721,1392,1476,1040,1210,1787,1520,1437
2025-06-24 14:36:27.899,1438,1499,2554,1385,1452,409,1136,1825,1523,1441
2025-06-24 14:36:27.999,1456,1490,2531,1466,1486,0,1159,1795,1527,1439
2025-06-24 14:36:28.098,1466,1546,2608,1533,1420,0,1190,1667,1521,1436
2025-06-24 14:36:28.198,1492,1472,2586,1487,1443,0,1298,1682,1530,1445
2025-06-24 14:36:28.298,1517,1441,2442,1535,1414,63,1449,1616,1523,1439
2025-06-24 14:36:28.397,1515,1412,2383,1531,1456,1054,1570,1492,1532,1447
2025-06-24 14:36:28.496,1488,1445,2319,1562,1491,2227,1650,1254,1522,1436
2025-06-24 14:36:28.596,1530,1499,2263,1549,1503,3510,1823,1015,1532,1445
2025-06-24 14:36:28.695,1535,1535,1908,1531,1520,4095,2145,869,1531,1447
2025-06-24 14:36:28.795,1535,1577,1264,1456,1581,4095,2301,816,1535,1453
2025-06-24 14:36:28.895,1547,1639,942,1502,1535,4095,2149,1069,1523,1441
2025-06-24 14:36:28.999,1552,1680,875,1530,1585,4043,2054,1409,1531,1441
2025-06-24 14:36:29.099,1541,1708,955,1584,1561,2151,1888,1694,1517,1430
2025-06-24 14:36:29.199,1493,1729,1155,1582,1689,1070,1690,1739,1520,1434
2025-06-24 14:36:29.298,1436,1776,1355,1474,1744,807,1276,1698,1522,1438
2025-06-24 14:36:29.397,1402,1677,1535,1456,1594,1008,1182,1816,1525,1438
2025-06-24 14:36:29.496,1403,1569,1721,1473,1466,1351,1126,1906,1542,1452
2025-06-24 14:36:29.596,1422,1550,1757,1490,1466,233,1214,1904,1542,1450
2025-06-24 14:36:29.695,1452,1535,1699,1291,1488,0,1197,1750,1531,1445
2025-06-24 14:36:29.795,1460,1506,1651,1060,1471,0,1259,1739,1530,1441
2025-06-24 14:36:29.895,1437,1543,1566,854,1501,0,1427,1725,1534,1445
2025-06-24 14:36:29.996,1428,1621,1510,917,1424,0,1600,1645,1530,1445
2025-06-24 14:36:30.091,1450,1525,1471,1062,1377,1050,1724,1565,1527,1445
2025-06-24 14:36:30.191,1488,1453,1445,1263,1406,2350,2138,1510,1521,1437
2025-06-24 14:36:30.290,1517,1360,1359,1370,1489,3950,2119,1519,1526,1444
2025-06-24 14:36:30.390,1519,1264,922,1453,1505,4095,1815,1643,1522,1443
2025-06-24 14:36:30.490,1491,1217,561,1562,1527,4095,1773,1653,1520,1437
2025-06-24 14:36:30.590,1469,1195,467,1649,1583,4095,1617,1599,1523,1439
2025-06-24 14:36:30.689,1467,1232,547,1703,1600,3952,1105,1602,1521,1438
2025-06-24 14:36:30.789,1471,1398,561,1751,1556,1939,896,1392,1529,1441
2025-06-24 14:36:30.888,1478,1545,685,1686,1558,848,868,1290,1531,1439
2025-06-24 14:36:30.988,1488,1710,869,1792,1600,574,1066,1314,1535,1445
2025-06-24 14:36:31.087,1491,1792,1055,1866,1583,703,1111,1319,1533,1447
2025-06-24 14:36:31.187,1483,1870,1383,1920,1520,1058,1248,1059,1526,1445
2025-06-24 14:36:31.286,1440,1815,1623,1820,1494,0,1360,1105,1525,1441
2025-06-24 14:36:31.385,1392,1694,1757,1793,1561,0,1472,1153,1525,1440
2025-06-24 14:36:31.484,1367,1590,1813,1842,1578,0,1601,1199,1520,1440
2025-06-24 14:36:31.583,1369,1488,2019,1872,1585,0,1770,1278,1521,1435
2025-06-24 14:36:31.683,1390,1491,2128,1775,1473,0,2142,1333,1522,1434
2025-06-24 14:36:31.782,1408,1455,2251,1675,1425,1037,2113,1436,1522,1439
2025-06-24 14:36:31.881,1425,1520,2229,1618,1405,2466,1998,1581,1523,1440
2025-06-24 14:36:31.981,1409,1494,2157,1454,1463,4095,1866,1552,1520,1435
2025-06-24 14:36:32.080,1451,1455,1850,1411,1455,4095,1682,1520,1523,1440
2025-06-24 14:36:32.180,1458,1491,1342,1410,1460,4095,1155,1520,1531,1451
2025-06-24 14:36:32.279,1497,1552,1126,1458,1488,4095,1015,1334,1530,1444
2025-06-24 14:36:32.379,1535,1601,1152,1391,1552,4095,1117,855,1531,1444
2025-06-24 14:36:32.478,1562,1616,1188,1398,1568,2370,1188,611,1534,1445
2025-06-24 14:36:32.578,1573,1597,1153,1443,1616,1354,1147,570,1533,1443
2025-06-24 14:36:32.677,1579,1637,1226,1440,1681,1017,1296,793,1542,1446
2025-06-24 14:36:32.777,1577,1648,1389,1504,1648,1198,1479,1187,1533,1451
2025-06-24 14:36:32.877,1574,1584,1694,1547,1607,1445,1631,1410,1530,1444
2025-06-24 14:36:32.977,1579,1524,2195,1580,1552,373,1872,1680,1520,1435
2025-06-24 14:36:33.077,1571,1553,2467,1588,1565,0,2086,1580,1520,1431
2025-06-24 14:36:33.177,1562,1499,2496,1596,1492,0,2359,1573,1523,1442
2025-06-24 14:36:33.277,1548,1398,2201,1583,1595,0,2187,1707,1519,1435
2025-06-24 14:36:33.377,1463,1360,1954,1575,1531,0,1978,1744,1523,1444
2025-06-24 14:36:33.476,1427,1375,1945,1579,1424,596,1827,1719,1532,1449
2025-06-24 14:36:33.576,1424,1386,2260,1545,1421,2099,1530,1782,1527,1439
2025-06-24 14:36:33.676,1441,1369,2349,1503,1437,3824,1087,1744,1524,1441
2025-06-24 14:36:33.775,1456,1375,2352,1510,1451,4095,949,1808,1520,1435
2025-06-24 14:36:33.874,1460,1407,2240,1525,1488,4095,959,1774,1517,1435
2025-06-24 14:36:33.974,1429,1347,1648,1575,1471,4095,1038,1694,1520,1433
2025-06-24 14:36:34.074,1427,1313,938,1574,1520,4095,1110,1594,1521,1440
2025-06-24 14:36:34.174,1443,1375,647,1552,1555,2157,1217,1365,1534,1449
2025-06-24 14:36:34.273,1467,1392,670,1562,1607,923,1395,991,1532,1444
2025-06-24 14:36:34.372,1491,1393,877,1554,1683,462,1633,882,1535,1449
2025-06-24 14:36:34.472,1547,1437,1265,1582,1712,528,1729,869,1534,1447
2025-06-24 14:36:34.571,1521,1489,1644,1578,1617,987,2033,1111,1525,1440
2025-06-24 14:36:34.671,1529,1571,1879,1463,1520,123,2158,1367,1525,1441
2025-06-24 14:36:34.771,1503,1665,1931,1238,1522,0,2053,1637,1531,1445
2025-06-24 14:36:34.871,1530,1735,1935,1050,1575,0,1895,1837,1534,1447
2025-06-24 14:36:34.970,1529,1786,1968,1010,1559,0,1872,1532,1525,1441
2025-06-24 14:36:35.070,1525,1745,1982,999,1529,0,1295,1557,1527,1441
2025-06-24 14:36:35.170,1529,1630,2063,1090,1395,865,1072,1739,1525,1442
2025-06-24 14:36:35.270,1511,1545,2073,1277,1326,2032,1123,1872,1526,1440
2025-06-24 14:36:35.370,1472,1505,2143,1339,1337,3200,1136,1840,1527,1438
2025-06-24 14:36:35.470,1408,1520,2211,1520,1391,4095,1181,1858,1533,1446
2025-06-24 14:36:35.570,1378,1500,2268,1694,1469,4095,1279,1959,1521,1436
2025-06-24 14:36:35.669,1362,1517,2186,1751,1461,4095,1424,1968,1515,1427
2025-06-24 14:36:35.768,1371,1570,1894,1762,1486,3328,1585,2023,1523,1439
2025-06-24 14:36:35.868,1387,1429,1163,1754,1472,1453,1713,1999,1526,1441
2025-06-24 14:36:35.968,1396,1407,830,1803,1520,480,1883,1967,1532,1442
2025-06-24 14:36:36.068,1392,1417,775,1845,1616,609,2218,1711,1533,1443
2025-06-24 14:36:36.168,1423,1424,757,1776,1635,1194,2095,1360,1519,1431
2025-06-24 14:36:36.267,1425,1476,863,1696,1555,1648,1973,1040,1520,1435
2025-06-24 14:36:36.367,1456,1520,1127,1664,1402,316,1930,1008,1522,1441
2025-06-24 14:36:36.467,1468,1559,1469,1673,1428,0,1791,1161,1527,1439
2025-06-24 14:36:36.567,1479,1661,1778,1645,1402,0,1065,1369,1522,1439
2025-06-24 14:36:36.667,1472,1726,2011,1658,1413,0,847,1606,1524,1438
2025-06-24 14:36:36.767,1459,1743,2161,1569,1429,589,910,1841,1531,1443
2025-06-24 14:36:36.867,1446,1761,2125,1456,1357,1798,1082,1679,1525,1442
2025-06-24 14:36:36.967,1446,1773,2032,1462,1335,3113,1190,1472,1529,1443
2025-06-24 14:36:37.067,1475,1650,1985,1393,1337,4095,1343,1506,1522,1440
2025-06-24 14:36:37.167,1506,1573,2003,1327,1440,4095,1425,1553,1521,1441
2025-06-24 14:36:37.266,1529,1575,2059,1334,1489,4095,1549,1567,1524,1438
2025-06-24 14:36:37.366,1545,1586,2137,1377,1495,4095,1668,1563,1530,1449
2025-06-24 14:36:37.466,1511,1599,2297,1408,1571,3256,1783,1717,1528,1442
2025-06-24 14:36:37.566,1456,1645,2438,1440,1667,1471,1999,1619,1526,1441
2025-06-24 14:36:37.666,1434,1683,2241,1447,1666,522,2090,1626,1531,1445
2025-06-24 14:36:37.765,1453,1712,1505,1563,1682,445,2000,1712,1546,1453
2025-06-24 14:36:37.865,1477,1697,911,1584,1729,912,1882,1606,1535,1439
2025-06-24 14:36:37.965,1499,1664,723,1527,1649,831,1378,1430,1535,1451
2025-06-24 14:36:38.065,1507,1670,754,1472,1549,0,1066,1201,1533,1446
2025-06-24 14:36:38.165,1485,1619,876,1471,1502,0,1053,844,1522,1439
2025-06-24 14:36:38.264,1461,1594,1045,1488,1491,0,1096,690,1531,1442
2025-06-24 14:36:38.364,1471,1617,1200,1488,1471,0,1170,987,1526,1444
2025-06-24 14:36:38.464,1489,1603,1293,1526,1479,304,1370,1287,1527,1441
2025-06-24 14:36:38.564,1519,1569,1429,1485,1424,1567,1503,1477,1520,1438
2025-06-24 14:36:38.664,1531,1582,1467,1534,1360,3077,1631,1679,1515,1428
2025-06-24 14:36:38.763,1535,1619,1458,1599,1370,4095,1758,1883,1520,1431
2025-06-24 14:36:38.863,1542,1633,1467,1566,1421,4095,1837,1680,1526,1443
2025-06-24 14:36:38.963,1535,1488,1523,1513,1418,4095,1984,1472,1521,1435
2025-06-24 14:36:39.067,1550,1424,1456,1488,1440,4095,2010,1484,1526,1439
2025-06-24 14:36:39.166,1552,1374,1454,1473,1471,2723,1867,1616,1526,1442
2025-06-24 14:36:39.266,1541,1395,1424,1360,1542,1366,1798,1715,1529,1442
2025-06-24 14:36:39.366,1547,1453,1425,1197,1552,912,1732,1841,1522,1439
2025-06-24 14:36:39.466,1520,1535,1430,998,1611,1150,1186,1997,1527,1430
2025-06-24 14:36:39.566,1449,1552,1163,998,1643,1619,961,2034,1515,1424
2025-06-24 14:36:39.666,1437,1498,816,1066,1600,1200,1005,2095,1535,1450
2025-06-24 14:36:39.766,1437,1431,649,1174,1497,0,1016,2137,1535,1451
2025-06-24 14:36:39.866,1435,1424,679,1305,1427,0,1166,2000,1532,1449
2025-06-24 14:36:39.966,1454,1412,848,1392,1378,0,1310,1648,1530,1438
2025-06-24 14:36:40.067,1460,1487,1110,1463,1427,17,1490,1136,1522,1435
2025-06-24 14:36:40.162,1459,1569,1390,1589,1489,940,1598,847,1525,1442
2025-06-24 14:36:40.262,1431,1590,1621,1675,1449,1981,1764,799,1522,1440
2025-06-24 14:36:40.361,1426,1600,1744,1687,1349,2767,2009,1216,1520,1438
2025-06-24 14:36:40.461,1445,1643,1744,1787,1335,3401,2141,1488,1511,1429
2025-06-24 14:36:40.560,1472,1694,1755,1870,1392,3632,1953,1671,1520,1435
2025-06-24 14:36:40.660,1492,1647,1744,1931,1459,3677,1826,1901,1521,1449
2025-06-24 14:36:40.759,1502,1542,1677,1919,1504,4095,1659,1888,1530,1444
2025-06-24 14:36:40.859,1511,1429,1648,1854,1490,2059,1328,1494,1529,1441
2025-06-24 14:36:40.958,1515,1390,1755,1877,1552,235,1002,1334,1546,1439
2025-06-24 14:36:41.058,1520,1395,1824,1920,1566,0,979,1459,1545,1450
2025-06-24 14:36:41.158,1527,1414,1872,1839,1587,22,1008,1575,1534,1449
2025-06-24 14:36:41.257,1522,1442,1645,1731,1629,618,1120,1641,1534,1443
2025-06-24 14:36:41.357,1526,1453,1216,1643,1750,335,1217,1697,1531,1451
2025-06-24 14:36:41.457,1509,1413,1033,1519,1700,0,1291,1706,1531,1439
2025-06-24 14:36:41.556,1494,1381,1037,1399,1600,0,1392,1767,1524,1440
2025-06-24 14:36:41.655,1417,1378,1047,1371,1589,0,1562,1744,1527,1439
2025-06-24 14:36:41.754,1421,1366,1136,1345,1586,710,1699,1618,1528,1443
2025-06-24 14:36:41.853,1421,1433,1270,1305,1616,1551,2002,1434,1521,1440
2025-06-24 14:36:41.953,1431,1486,1426,1339,1667,2320,2025,1170,1519,1434
2025-06-24 14:36:42.053,1453,1517,1585,1397,1645,2948,1862,832,1516,1434
2025-06-24 14:36:42.153,1460,1585,1744,1431,1517,3135,1744,605,1520,1438
2025-06-24 14:36:42.253,1467,1657,1803,1463,1450,3162,1694,759,1525,1444
2025-06-24 14:36:42.353,1424,1680,1749,1509,1503,2849,1183,1136,1527,1442
2025-06-24 14:36:42.452,1429,1745,1594,1602,1552,3067,976,1369,1528,1443
2025-06-24 14:36:42.552,1456,1751,1471,1610,1589,1727,958,1583,1527,1446
2025-06-24 14:36:42.651,1485,1616,1532,1595,1606,651,1008,1699,1533,1443
2025-06-24 14:36:42.750,1501,1495,1600,1581,1648,669,1091,1735,1543,1452
2025-06-24 14:36:42.849,1527,1488,1682,1549,1745,1217,1202,1328,1532,1446
2025-06-24 14:36:42.948,1518,1485,1456,1506,1812,1734,1280,1216,1525,1455
2025-06-24 14:36:43.047,1526,1456,1195,1489,1865,720,1463,1239,1526,1438
2025-06-24 14:36:43.147,1534,1476,1135,1495,2032,0,1520,1399,1533,1440
2025-06-24 14:36:43.247,1534,1554,1200,1551,1887,0,1733,1517,1525,1442
2025-06-24 14:36:43.347,1527,1535,1248,1520,1701,255,2076,1525,1520,1434
2025-06-24 14:36:43.447,1534,1549,1297,1535,1586,1079,2096,1584,1520,1441
2025-06-24 14:36:43.547,1535,1549,1424,1555,1520,1892,1856,1639,1520,1437
2025-06-24 14:36:43.647,1490,1549,1533,1523,1559,2627,1752,1690,1525,1441
2025-06-24 14:36:43.746,1446,1563,1644,1497,1551,3377,1710,1631,1521,1439
2025-06-24 14:36:43.845,1423,1578,1792,1447,1499,4095,1029,1583,1535,1454
2025-06-24 14:36:43.944,1422,1557,1902,1373,1345,4095,827,1175,1533,1450
2025-06-24 14:36:44.044,1441,1594,1910,1157,1206,4095,850,869,1542,1453
2025-06-24 14:36:44.144,1456,1575,1859,1023,1158,3582,1042,740,1531,1443
2025-06-24 14:36:44.243,1462,1587,1839,935,1168,1681,1141,985,1529,1443
2025-06-24 14:36:44.343,1461,1607,1876,1041,1207,767,1255,1378,1528,1445
2025-06-24 14:36:44.443,1430,1613,1938,1149,1151,810,1377,1660,1527,1441
2025-06-24 14:36:44.542,1436,1569,1899,1315,1232,1290,1616,1767,1534,1448
2025-06-24 14:36:44.642,1472,1488,1789,1456,1297,1260,1809,1800,1529,1447
2025-06-24 14:36:44.741,1499,1407,1470,1515,1335,227,1835,1776,1525,1441
2025-06-24 14:36:44.840,1518,1366,1338,1627,1423,0,2195,1413,1522,1433
2025-06-24 14:36:44.939,1520,1395,1371,1657,1429,0,2293,1319,1529,1446
2025-06-24 14:36:45.038,1506,1404,1356,1742,1360,142,2067,1439,1517,1431
2025-06-24 14:36:45.137,1559,1472,1389,1771,1387,1000,1910,1706,1520,1436
2025-06-24 14:36:45.237,1549,1566,1422,1884,1447,1925,1682,1894,1517,1430
2025-06-24 14:36:45.336,1552,1602,1425,1884,1473,2739,1151,1883,1523,1439
2025-06-24 14:36:45.436,1554,1582,1520,1879,1565,3643,925,1968,1520,1437
2025-06-24 14:36:45.536,1559,1573,1552,1809,1513,4095,1040,2054,1514,1429
2025-06-24 14:36:45.636,1543,1549,1584,1705,1424,4095,1066,2055,1530,1446
2025-06-24 14:36:45.736,1488,1543,1597,1805,1403,4095,1231,1953,1543,1449
2025-06-24 14:36:45.835,1439,1598,1602,1863,1446,3008,1453,1776,1543,1455
2025-06-24 14:36:45.935,1434,1626,1435,1798,1469,1141,1533,1380,1544,1451
2025-06-24 14:36:46.035,1435,1600,1359,1702,1518,485,1607,1091,1543,1439
2025-06-24 14:36:46.135,1456,1603,1404,1567,1559,807,1682,949,1534,1454
2025-06-24 14:36:46.235,1473,1586,1453,1470,1552,1308,1919,1104,1527,1442
2025-06-24 14:36:46.334,1486,1645,1457,1410,1590,411,2254,1391,1520,1431
2025-06-24 14:36:46.434,1443,1673,1296,1373,1631,0,2186,1505,1520,1435
2025-06-24 14:36:46.534,1431,1651,1163,1345,1669,0,1967,1589,1525,1440
2025-06-24 14:36:46.634,1457,1601,1279,1314,1767,112,1839,1763,1531,1435
2025-06-24 14:36:46.733,1483,1507,1394,1369,1701,882,1552,1703,1527,1446
2025-06-24 14:36:46.832,1504,1493,1522,1438,1523,1681,1168,1443,1519,1431
2025-06-24 14:36:46.932,1523,1499,1658,1426,1517,2534,1061,1471,1522,1421
2025-06-24 14:36:47.032,1522,1527,1802,1466,1552,3468,1095,1546,1525,1437
2025-06-24 14:36:47.132,1523,1558,1969,1573,1555,4086,1209,1581,1533,1463
2025-06-24 14:36:47.232,1532,1584,2059,1563,1491,4095,1253,1717,1522,1443
2025-06-24 14:36:47.332,1533,1521,2111,1547,1413,4095,1395,1747,1520,1437
2025-06-24 14:36:47.432,1548,1470,2143,1584,1409,3805,1504,1797,1525,1441
2025-06-24 14:36:47.532,1552,1456,2045,1584,1423,1744,1705,1790,1530,1442
2025-06-24 14:36:47.632,1548,1456,1787,1558,1454,583,1865,1711,1530,1441
2025-06-24 14:36:47.732,1506,1477,1718,1534,1520,576,2137,1550,1523,1437
2025-06-24 14:36:47.831,1462,1519,1660,1591,1555,951,2179,1367,1523,1435
2025-06-24 14:36:47.930,1423,1535,1494,1575,1630,783,2045,993,1534,1450
2025-06-24 14:36:48.030,1422,1566,1200,1584,1633,0,1911,816,1532,1446
2025-06-24 14:36:48.130,1435,1616,949,1593,1678,0,1739,927,1531,1448
2025-06-24 14:36:48.230,1456,1634,885,1587,1718,0,1106,1189,1542,1451
2025-06-24 14:36:48.329,1471,1656,893,1520,1610,0,977,1408,1523,1444
2025-06-24 14:36:48.429,1456,1679,960,1487,1451,451,1011,1629,1522,1437
2025-06-24 14:36:48.529,1399,1556,1039,1439,1414,1421,1053,1807,1519,1433
2025-06-24 14:36:48.629,1407,1441,1062,1233,1507,2576,1264,1715,1523,1441
2025-06-24 14:36:48.729,1441,1431,1153,1084,1535,3805,1383,1552,1533,1447
2025-06-24 14:36:48.828,1480,1453,1191,1078,1504,4095,1411,1600,1535,1452
2025-06-24 14:36:48.928,1504,1474,1315,1082,1351,4095,1533,1713,1524,1440
2025-06-24 14:36:49.028,1518,1503,1577,1146,1296,4095,1639,1707,1519,1429
2025-06-24 14:36:49.132,1520,1563,1814,1232,1367,2969,1793,1687,1520,1435
2025-06-24 14:36:49.232,1535,1527,1884,1341,1417,1090,2139,1711,1519,1430
2025-06-24 14:36:49.331,1508,1535,2134,1519,1475,0,2053,1741,1520,1433
2025-06-24 14:36:49.430,1553,1487,2111,1591,1534,0,1876,1723,1535,1447
2025-06-24 14:36:49.529,1552,1418,1747,1643,1530,505,1798,1680,1530,1445
2025-06-24 14:36:49.629,1549,1415,1376,1677,1579,167,1552,1563,1543,1450
2025-06-24 14:36:49.729,1520,1382,1056,1748,1606,0,1120,1504,1543,1453
2025-06-24 14:36:49.828,1457,1428,1061,1712,1649,0,972,1424,1535,1456
2025-06-24 14:36:49.928,1404,1530,1011,1719,1625,0,445,1168,1535,1452
2025-06-24 14:36:50.028,1390,1570,870,1826,1455,0,300,939,1527,1443
2025-06-24 14:36:50.129,1405,1648,769,1842,1386,733,590,1022,1520,1441
2025-06-24 14:36:50.224,1402,1751,694,1779,1403,2978,895,1297,1524,1445
2025-06-24 14:36:50.324,1423,1856,765,1746,1456,4095,1203,1455,1526,1446
2025-06-24 14:36:50.423,1441,1824,894,1739,1456,4078,1381,1619,1515,1429
2025-06-24 14:36:50.523,1392,1712,1071,1808,1328,3504,1598,1613,1520,1434
2025-06-24 14:36:50.622,1347,1632,1279,1700,1221,3246,1746,1569,1520,1435
2025-06-24 14:36:50.722,1406,1587,1462,1581,1258,4095,2117,1649,1533,1446
2025-06-24 14:36:50.822,1435,1573,1511,1490,1287,2647,2147,1641,1525,1441
2025-06-24 14:36:50.921,1461,1543,1527,1433,1326,1278,2069,1591,1545,1455
2025-06-24 14:36:51.021,1486,1499,1494,1359,1390,607,2026,1535,1543,1453
2025-06-24 14:36:51.121,1488,1465,1430,1294,1535,587,1724,1484,1526,1439
2025-06-24 14:36:51.220,1506,1390,1489,1269,1552,890,788,1446,1521,1434
2025-06-24 14:36:51.320,1535,1351,1545,1329,1584,103,0,1679,1520,1435
2025-06-24 14:36:51.419,1527,1357,1648,1471,1792,0,0,857,1525,1438
2025-06-24 14:36:51.519,1522,1333,1499,1456,1821,0,0,0,1529,1454
2025-06-24 14:36:51.619,1518,1344,1199,1443,1635,0,0,0,1529,1442
2025-06-24 14:36:51.719,1483,1408,971,1466,1680,0,80,0,1527,1439
2025-06-24 14:36:51.818,1436,1427,874,1517,1863,0,66,0,1534,1445
2025-06-24 14:36:51.917,1399,1450,849,1505,1071,0,72,0,1530,1437
2025-06-24 14:36:52.016,1370,1552,911,1584,195,0,432,0,1533,1447
2025-06-24 14:36:52.116,1359,1647,1002,1606,0,640,898,0,1545,1453
2025-06-24 14:36:52.216,1377,1741,1264,1552,0,1963,1563,0,1530,1450
2025-06-24 14:36:52.315,1391,1886,1474,1527,0,3123,2067,368,1520,1438
2025-06-24 14:36:52.414,1401,1729,1600,1535,36,4095,2295,1578,1519,1433
2025-06-24 14:36:52.514,1405,1549,1703,1541,439,4095,2526,2823,1520,1435
2025-06-24 14:36:52.614,1379,1489,1778,1549,875,3759,2544,3495,1509,1424
2025-06-24 14:36:52.714,1377,1478,1739,1520,1263,3275,2067,4095,1519,1435
2025-06-24 14:36:52.814,1425,1455,1622,1523,1555,3907,1920,4095,1525,1440
2025-06-24 14:36:52.913,1453,1458,1428,1514,1746,4095,1972,4095,1530,1441
2025-06-24 14:36:53.013,1472,1522,1441,1405,1927,4095,2113,3920,1523,1439
2025-06-24 14:36:53.113,1491,1493,1498,1179,2197,2737,2235,3276,1520,1435
2025-06-24 14:36:53.213,1507,1530,1494,1053,2384,1730,2430,2768,1533,1443
2025-06-24 14:36:53.313,1515,1478,1309,1000,2273,1495,2547,2313,1530,1442
2025-06-24 14:36:53.413,1546,1494,1119,1048,2078,1901,2525,2119,1531,1449
2025-06-24 14:36:53.513,1570,1523,1008,1115,2033,2493,2608,2185,1530,1445
2025-06-24 14:36:53.612,1578,1516,932,1257,2107,3088,2508,2304,1527,1446
2025-06-24 14:36:53.712,1549,1524,953,1414,2061,4095,2489,1945,1525,1437
2025-06-24 14:36:53.811,1531,1571,1037,1519,2032,4095,2411,1730,1525,1441
2025-06-24 14:36:53.910,1486,1570,1231,1579,1915,4095,2323,1798,1521,1443
2025-06-24 14:36:54.009,1453,1518,1502,1648,1787,4095,2160,1990,1531,1446
2025-06-24 14:36:54.109,1442,1493,1760,1728,1846,4095,1941,2147,1523,1441
2025-06-24 14:36:54.209,1438,1423,1969,1766,1819,4095,1529,2127,1530,1443
2025-06-24 14:36:54.309,1442,1293,2082,1824,1808,2357,1458,2185,1526,1441
2025-06-24 14:36:54.409,1445,1280,1965,1808,1828,1562,1424,2240,1533,1448
2025-06-24 14:36:54.509,1441,1284,1925,1899,1813,1488,1444,1936,1529,1440
2025-06-24 14:36:54.609,1388,1386,2000,1861,1698,1826,1535,1921,1531,1444
2025-06-24 14:36:54.709,1360,1462,1911,1791,1728,2011,1646,1991,1527,1442
2025-06-24 14:36:54.808,1390,1527,1862,1819,1839,866,1744,2107,1541,1451
2025-06-24 14:36:54.907,1401,1657,1835,1776,1766,94,1850,2003,1534,1446
2025-06-24 14:36:55.007,1413,1669,1712,1706,1559,47,1782,1887,1527,1441
2025-06-24 14:36:55.107,1441,1596,1619,1664,1436,559,1801,1755,1524,1439
2025-06-24 14:36:55.207,1477,1650,1472,1601,1522,1106,1843,1918,1533,1452
2025-06-24 14:36:55.307,1499,1662,1178,1527,1534,1759,1856,1968,1533,1450
2025-06-24 14:36:55.406,1524,1623,1072,1463,1559,2448,1844,1698,1526,1442
2025-06-24 14:36:55.506,1535,1628,1054,1408,1521,3104,1824,1408,1520,1431
2025-06-24 14:36:55.606,1543,1674,1072,1393,1493,3568,1481,1179,1520,1437
2025-06-24 14:36:55.706,1554,1649,1238,1360,1515,3888,1230,874,1525,1439
2025-06-24 14:36:55.806,1547,1620,1410,1373,1501,4095,1191,973,1520,1439
2025-06-24 14:36:55.906,1501,1639,1509,1404,1554,3100,1311,1526,1522,1438
2025-06-24 14:36:56.006,1472,1643,1589,1414,1587,1502,1365,2053,1526,1442
2025-06-24 14:36:56.106,1456,1611,1554,1436,1582,701,1456,2336,1527,1444
2025-06-24 14:36:56.206,1460,1509,1422,1439,1556,753,1606,2430,1528,1434
2025-06-24 14:36:56.306,1488,1421,1395,1437,1533,1074,1674,2281,1526,1456
2025-06-24 14:36:56.405,1505,1449,1414,1493,1600,1235,1736,2055,1530,1445
2025-06-24 14:36:56.505,1517,1531,1334,1588,1639,0,1730,1829,1535,1450
2025-06-24 14:36:56.605,1488,1577,1341,1608,1472,0,1797,1731,1520,1437
2025-06-24 14:36:56.705,1475,1625,1383,1600,1339,0,1910,1703,1520,1430
2025-06-24 14:36:56.805,1488,1771,1455,1488,1293,0,1945,1840,1531,1443
2025-06-24 14:36:56.904,1513,1789,1499,1510,1349,733,1920,1856,1534,1447
2025-06-24 14:36:57.004,1533,1728,1305,1493,1408,1822,1585,2064,1522,1440
2025-06-24 14:36:57.104,1546,1648,1282,1497,1483,2927,1174,2167,1525,1447
2025-06-24 14:36:57.204,1552,1595,1363,1523,1467,4095,1082,2225,1526,1453
2025-06-24 14:36:57.304,1564,1562,1410,1585,1433,4095,1138,2263,1521,1437
2025-06-24 14:36:57.403,1554,1564,1457,1515,1454,4095,1201,2012,1530,1447
2025-06-24 14:36:57.503,1552,1547,1612,1513,1513,4095,1286,1569,1520,1434
2025-06-24 14:36:57.603,1555,1566,1746,1464,1530,3394,1395,1185,1520,1436
2025-06-24 14:36:57.703,1552,1623,1939,1264,1567,1705,1543,990,1527,1444
2025-06-24 14:36:57.802,1552,1679,2103,1033,1566,733,1621,1066,1547,1456
2025-06-24 14:36:57.902,1520,1650,2163,970,1534,44,1728,1554,1531,1443
2025-06-24 14:36:58.002,1483,1683,2145,1015,1573,0,1893,2027,1526,1442
2025-06-24 14:36:58.102,1456,1603,2073,1117,1609,0,1946,2219,1533,1454
2025-06-24 14:36:58.202,1446,1461,1927,1250,1482,0,1910,2322,1529,1440
2025-06-24 14:36:58.301,1457,1391,1861,1324,1392,0,1753,2266,1520,1430
2025-06-24 14:36:58.400,1485,1362,1933,1403,1415,0,1517,1973,1520,1434
2025-06-24 14:36:58.500,1491,1415,1926,1561,1482,0,976,1755,1515,1430
2025-06-24 14:36:58.600,1468,1505,1872,1703,1522,1851,799,1670,1517,1433
2025-06-24 14:36:58.700,1456,1529,1649,1759,1566,4095,916,1728,1521,1439
2025-06-24 14:36:58.800,1458,1613,1569,1792,1606,4095,1058,1759,1524,1440
2025-06-24 14:36:58.900,1472,1644,1551,1828,1585,4095,1202,1791,1525,1442
2025-06-24 14:36:58.999,1493,1626,1585,1845,1600,4095,1296,1711,1535,1450
2025-06-24 14:36:59.101,1498,1621,1587,1887,1658,4095,1579,1744,1535,1446
2025-06-24 14:36:59.204,1504,1680,1664,1926,1649,4095,1643,1742,1527,1441
2025-06-24 14:36:59.304,1488,1663,1721,1835,1605,4095,1758,1645,1520,1434
2025-06-24 14:36:59.404,1517,1650,1763,1770,1619,3107,1859,1306,1531,1428
2025-06-24 14:36:59.504,1527,1594,1771,1777,1582,1952,1960,951,1525,1440
2025-06-24 14:36:59.604,1530,1510,1792,1749,1597,1506,1936,846,1541,1452
2025-06-24 14:36:59.703,1527,1487,1761,1683,1687,1503,2003,1079,1535,1453
2025-06-24 14:36:59.802,1527,1461,1750,1584,1618,1650,1906,1457,1535,1445
2025-06-24 14:36:59.901,1503,1392,1596,1461,1474,556,1582,1604,1529,1447
2025-06-24 14:37:00.001,1450,1497,1535,1456,1411,0,1343,1735,1535,1455
2025-06-24 14:37:00.106,1410,1577,1542,1389,1530,0,1380,1822,1523,1434
2025-06-24 14:37:00.201,1404,1424,1585,1409,1548,0,1378,1760,1521,1437
2025-06-24 14:37:00.296,1419,1292,1486,1474,1577,0,1395,1564,1527,1441
2025-06-24 14:37:00.396,1431,1262,1269,1467,1505,661,1633,1501,1529,1441
2025-06-24 14:37:00.496,1456,1248,1200,1367,1442,1651,1788,1591,1523,1438
2025-06-24 14:37:00.596,1418,1293,1183,1431,1449,2768,1867,1535,1515,1428
2025-06-24 14:37:00.696,1426,1381,1243,1424,1502,3788,1872,1580,1534,1442
2025-06-24 14:37:00.796,1437,1473,1243,1440,1545,4095,1975,1502,1535,1440
2025-06-24 14:37:00.895,1464,1449,1289,1503,1522,4095,2003,1392,1529,1445
2025-06-24 14:37:00.994,1488,1447,1392,1492,1510,3546,1875,1346,1533,1449
2025-06-24 14:37:01.093,1499,1404,1471,1503,1490,1803,1778,1294,1527,1434
2025-06-24 14:37:01.193,1507,1456,1562,1483,1488,534,1761,1309,1533,1446
2025-06-24 14:37:01.292,1517,1511,1542,1501,1627,238,1384,971,1519,1431
2025-06-24 14:37:01.392,1519,1511,1517,1514,1647,550,1219,543,1520,1433
2025-06-24 14:37:01.492,1488,1575,1510,1535,1451,1011,1152,438,1527,1441
2025-06-24 14:37:01.592,1533,1571,1424,1520,1385,731,1170,562,1531,1450
2025-06-24 14:37:01.692,1546,1584,1375,1520,1436,0,1220,803,1525,1433
2025-06-24 14:37:01.792,1533,1651,1422,1551,1461,0,1285,1243,1524,1439
2025-06-24 14:37:01.891,1520,1638,1487,1611,1472,0,1439,1542,1518,1434
2025-06-24 14:37:01.990,1459,1691,1409,1582,1469,0,1443,1664,1518,1431
2025-06-24 14:37:02.089,1413,1787,1168,1557,1391,1037,1463,1610,1522,1438
2025-06-24 14:37:02.189,1388,1719,1071,1486,1387,2112,1611,1451,1541,1456
2025-06-24 14:37:02.288,1401,1581,1066,1345,1436,3127,1649,1334,1520,1438
2025-06-24 14:37:02.388,1428,1547,1133,1194,1554,4095,1467,1287,1520,1438
2025-06-24 14:37:02.487,1449,1552,1154,1047,1570,4095,1341,1323,1519,1434
2025-06-24 14:37:02.587,1449,1519,1240,1071,1595,4095,1365,1346,1525,1451
2025-06-24 14:37:02.687,1421,1524,1406,1072,1574,4034,1104,1488,1535,1451
2025-06-24 14:37:02.787,1420,1567,1552,1173,1589,2205,830,1615,1521,1438
2025-06-24 14:37:02.887,1434,1423,1667,1312,1639,927,848,1744,1535,1455
2025-06-24 14:37:02.987,1445,1398,1764,1455,1747,602,935,1927,1535,1461
2025-06-24 14:37:03.086,1444,1410,1758,1563,1680,752,1057,1907,1533,1452
2025-06-24 14:37:03.186,1417,1431,1725,1604,1438,1089,1216,1920,1526,1439
2025-06-24 14:37:03.285,1398,1474,1726,1698,1360,834,1411,1584,1526,1439
2025-06-24 14:37:03.384,1392,1623,1633,1770,1425,0,1585,1206,1526,1439
2025-06-24 14:37:03.484,1410,1744,1585,1769,1490,0,1553,895,1530,1445
2025-06-24 14:37:03.584,1440,1879,1555,1860,1473,0,1633,1127,1529,1443
2025-06-24 14:37:03.683,1478,1967,1586,1806,1482,92,1891,1552,1524,1442
2025-06-24 14:37:03.783,1511,1938,1613,1859,1401,1031,1899,1815,1531,1451
2025-06-24 14:37:03.882,1529,1911,1446,1753,1455,1881,1814,1934,1531,1445
2025-06-24 14:37:03.981,1519,1946,1285,1695,1500,2631,1709,2066,1527,1441
2025-06-24 14:37:04.080,1473,1893,1186,1693,1566,3246,1646,2138,1525,1448
2025-06-24 14:37:04.180,1446,1779,1191,1743,1617,3664,1338,2080,1535,1451
2025-06-24 14:37:04.279,1445,1791,1200,1712,1618,3958,1325,1893,1518,1437
2025-06-24 14:37:04.379,1466,1783,1197,1706,1611,4095,1357,1808,1519,1431
2025-06-24 14:37:04.478,1488,1781,1251,1582,1567,2335,1346,1765,1516,1430
2025-06-24 14:37:04.577,1491,1761,1426,1454,1635,955,1375,1761,1520,1437
2025-06-24 14:37:04.677,1482,1716,1535,1359,1604,522,1419,1680,1531,1441
2025-06-24 14:37:04.777,1449,1587,1686,1399,1451,809,1494,1738,1521,1435
2025-06-24 14:37:04.876,1454,1553,1712,1392,1351,1220,1648,1648,1527,1441
2025-06-24 14:37:04.975,1474,1506,1721,1423,1348,944,1722,1602,1520,1436
2025-06-24 14:37:05.074,1494,1500,1738,1456,1413,0,1953,1449,1526,1444
2025-06-24 14:37:05.174,1504,1472,1693,1475,1488,0,2001,1314,1535,1449
2025-06-24 14:37:05.273,1511,1422,1700,1488,1526,0,1874,1168,1535,1447
2025-06-24 14:37:05.373,1520,1360,1776,1440,1475,0,1763,916,1534,1447
2025-06-24 14:37:05.473,1498,1379,1840,1472,1498,603,1641,752,1543,1455
2025-06-24 14:37:05.573,1523,1382,1712,1523,1504,1571,1394,800,1532,1451
2025-06-24 14:37:05.672,1534,1389,1534,1542,1567,2511,1149,966,1525,1441
2025-06-24 14:37:05.772,1542,1392,1478,1552,1590,3238,1152,1286,1529,1438
2025-06-24 14:37:05.871,1542,1446,1406,1488,1552,3712,1232,1493,1523,1443
2025-06-24 14:37:05.971,1520,1550,1419,1456,1472,4095,1263,1673,1520,1433
2025-06-24 14:37:06.071,1471,1451,1402,1510,1542,4095,1291,1839,1513,1426
2025-06-24 14:37:06.171,1450,1328,1407,1546,1631,2147,1366,1702,1524,1439
2025-06-24 14:37:06.271,1425,1318,1460,1495,1737,813,1422,1669,1545,1456
2025-06-24 14:37:06.370,1418,1329,1520,1502,1610,541,1586,1770,1535,1447
2025-06-24 14:37:06.470,1427,1334,1552,1531,1472,850,1663,1797,1545,1455
2025-06-24 14:37:06.570,1453,1387,1553,1487,1475,1266,2009,1776,1530,1437
2025-06-24 14:37:06.669,1472,1441,1653,1549,1490,667,2026,1742,1520,1431
2025-06-24 14:37:06.768,1458,1392,1676,1454,1522,0,1807,1692,1526,1437
2025-06-24 14:37:06.867,1424,1350,1447,1233,1441,0,1655,1639,1520,1435
2025-06-24 14:37:06.966,1411,1376,1424,1118,1401,0,1634,1616,1518,1427
2025-06-24 14:37:07.065,1435,1392,1567,1087,1442,0,1473,1527,1523,1439
2025-06-24 14:37:07.165,1441,1455,1722,1079,1435,371,1061,1424,1541,1444
2025-06-24 14:37:07.264,1483,1470,1571,1119,1477,1723,1008,1149,1525,1441
2025-06-24 14:37:07.363,1493,1503,1395,1296,1535,3168,1067,970,1509,1427
2025-06-24 14:37:07.462,1511,1578,1344,1390,1493,4095,1193,1030,1522,1429
2025-06-24 14:37:07.561,1521,1598,1303,1514,1523,4095,1279,1251,1519,1435
2025-06-24 14:37:07.660,1527,1621,1242,1621,1529,4095,1330,1552,1525,1441
2025-06-24 14:37:07.760,1553,1678,1241,1690,1523,4095,1472,1676,1541,1450
2025-06-24 14:37:07.859,1552,1751,1206,1658,1662,2608,1616,1710,1530,1444
2025-06-24 14:37:07.959,1563,1648,1252,1695,1664,1325,1706,1622,1531,1443
2025-06-24 14:37:08.058,1556,1507,1326,1724,1436,863,1953,1552,1534,1449
2025-06-24 14:37:08.158,1518,1441,1392,1840,1354,858,2155,1567,1522,1443
2025-06-24 14:37:08.257,1461,1424,1438,1869,1372,1076,1936,1535,1523,1442
2025-06-24 14:37:08.356,1424,1438,1443,1905,1399,499,1840,1518,1532,1441
2025-06-24 14:37:08.455,1419,1473,1478,1872,1453,0,1812,1562,1527,1442
2025-06-24 14:37:08.555,1424,1516,1414,1754,1439,0,1554,1498,1522,1438
2025-06-24 14:37:08.655,1411,1435,1424,1648,1367,0,1296,1488,1513,1437
2025-06-24 14:37:08.755,1389,1406,1454,1680,1392,0,1209,1530,1518,1428
2025-06-24 14:37:08.854,1371,1362,1488,1650,1478,574,1074,1439,1521,1435
2025-06-24 14:37:08.953,1376,1391,1534,1547,1502,2143,1041,1357,1531,1447
2025-06-24 14:37:09.053,1401,1491,1371,1463,1554,4095,1023,1200,1530,1444
2025-06-24 14:37:09.153,1424,1515,1281,1443,1563,4095,1104,912,1527,1445
2025-06-24 14:37:09.256,1470,1585,1287,1481,1584,4095,1257,784,1527,1441
2025-06-24 14:37:09.355,1495,1633,1266,1520,1511,4095,1455,919,1521,1433
2025-06-24 14:37:09.454,1517,1632,1331,1443,1639,4095,1601,1088,1527,1424
2025-06-24 14:37:09.553,1541,1618,1365,1472,1685,4095,1715,1255,1529,1443
2025-06-24 14:37:09.652,1546,1670,1507,1407,1598,2800,2192,1318,1527,1446
2025-06-24 14:37:09.752,1567,1734,1684,1415,1360,1853,2197,1316,1535,1439
2025-06-24 14:37:09.851,1534,1745,1838,1449,1379,1370,2041,1409,1532,1453
2025-06-24 14:37:09.950,1549,1678,1936,1455,1416,1263,1966,1488,1522,1437
2025-06-24 14:37:10.050,1551,1557,1903,1479,1467,1232,1763,1669,1526,1431
2025-06-24 14:37:10.150,1535,1472,1767,1509,1458,0,1170,1746,1527,1440
2025-06-24 14:37:10.251,1514,1453,1646,1513,1459,0,1007,1754,1533,1442
2025-06-24 14:37:10.346,1479,1431,1577,1499,1456,0,1088,1705,1530,1442
2025-06-24 14:37:10.446,1429,1489,1446,1454,1456,0,1136,1655,1526,1442
2025-06-24 14:37:10.545,1428,1603,1379,1463,1506,416,1263,1603,1527,1439
2025-06-24 14:37:10.645,1441,1542,1312,1546,1535,1827,1381,1547,1521,1440
2025-06-24 14:37:10.745,1461,1551,1334,1550,1569,3295,1502,1479,1520,1437
2025-06-24 14:37:10.844,1469,1561,1481,1570,1579,4095,1658,1258,1520,1437
2025-06-24 14:37:10.944,1470,1527,1631,1484,1489,4095,1744,723,1520,1434
2025-06-24 14:37:11.043,1461,1550,1727,1450,1552,4095,1898,600,1534,1449
2025-06-24 14:37:11.143,1455,1591,1674,1491,1693,4095,2205,842,1542,1456
2025-06-24 14:37:11.243,1485,1584,1545,1517,1642,4095,2211,1073,1535,1454
2025-06-24 14:37:11.342,1492,1557,1451,1438,1482,2485,2001,1431,1535,1452
2025-06-24 14:37:11.441,1502,1552,1392,1328,1303,1485,1808,1834,1531,1444
2025-06-24 14:37:11.541,1506,1543,1438,1161,1337,1037,1552,1848,1534,1446
2025-06-24 14:37:11.641,1499,1526,1455,1008,1382,912,1132,1898,1525,1441
2025-06-24 14:37:11.741,1522,1523,1442,1045,1453,1010,1090,1917,1529,1443
2025-06-24 14:37:11.841,1523,1410,1444,1136,1446,0,1152,2000,1532,1442
2025-06-24 14:37:11.941,1521,1280,1375,1183,1442,0,1329,2032,1520,1433
2025-06-24 14:37:12.041,1522,1248,1341,1291,1431,0,1258,2039,1519,1419
2025-06-24 14:37:12.141,1527,1226,1211,1456,1451,0,1328,1965,1529,1439
2025-06-24 14:37:12.241,1551,1266,1131,1616,1440,126,1516,1872,1522,1422
2025-06-24 14:37:12.341,1501,1358,1114,1712,1584,1370,1571,1839,1520,1434
2025-06-24 14:37:12.440,1451,1445,1200,1761,1525,2702,1694,1715,1533,1444
2025-06-24 14:37:12.539,1426,1430,1264,1744,1563,4095,1883,1571,1523,1439
2025-06-24 14:37:12.639,1423,1437,1166,1795,1597,4095,2109,1360,1526,1441
2025-06-24 14:37:12.739,1433,1427,1083,1811,1695,4095,2113,942,1521,1435
2025-06-24 14:37:12.839,1454,1426,1158,1834,1763,4095,2047,849,1522,1440
2025-06-24 14:37:12.939,1463,1517,1222,1851,1575,3712,1808,863,1533,1444
2025-06-24 14:37:13.039,1457,1533,1337,1862,1395,2064,1349,1005,1530,1442
2025-06-24 14:37:13.139,1435,1599,1417,1745,1376,1133,1016,1280,1535,1449
2025-06-24 14:37:13.238,1441,1708,1478,1715,1511,861,945,1585,1527,1444
2025-06-24 14:37:13.337,1466,1732,1552,1697,1517,871,958,1636,1525,1437
2025-06-24 14:37:13.436,1487,1791,1663,1694,1550,1094,1015,1776,1530,1443
2025-06-24 14:37:13.535,1505,1838,1744,1684,1440,130,1124,1850,1531,1443
2025-06-24 14:37:13.635,1515,1839,1769,1553,1427,0,1311,1924,1529,1443
2025-06-24 14:37:13.735,1520,1757,1778,1419,1410,0,1472,1930,1526,1441
2025-06-24 14:37:13.835,1520,1647,1859,1420,1487,0,1601,1978,1530,1443
2025-06-24 14:37:13.935,1520,1509,1878,1475,1529,95,1617,2027,1523,1438
2025-06-24 14:37:14.035,1527,1445,1837,1392,1597,1216,1968,2043,1520,1437
2025-06-24 14:37:14.135,1527,1456,1814,1377,1599,2524,2087,1899,1515,1427
2025-06-24 14:37:14.235,1531,1451,1781,1398,1625,4095,1923,1775,1519,1433
2025-06-24 14:37:14.335,1535,1466,1750,1470,1666,4095,1834,1802,1522,1439
2025-06-24 14:37:14.435,1509,1511,1638,1488,1721,4095,1759,1629,1520,1434
2025-06-24 14:37:14.534,1456,1424,1616,1479,1659,4095,1259,1270,1527,1446
2025-06-24 14:37:14.634,1426,1393,1639,1476,1457,3344,1028,981,1533,1442
2025-06-24 14:37:14.734,1411,1438,1616,1459,1407,1781,1083,779,1541,1449
2025-06-24 14:37:14.833,1427,1443,1616,1469,1451,896,1006,700,1533,1443
2025-06-24 14:37:14.933,1446,1481,1547,1471,1487,699,1021,910,1523,1434
2025-06-24 14:37:15.032,1456,1580,1479,1552,1468,855,1020,1183,1525,1442
2025-06-24 14:37:15.132,1450,1593,1474,1556,1396,1151,1280,1392,1535,1453
2025-06-24 14:37:15.231,1425,1663,1467,1472,1374,17,1442,1450,1533,1447
2025-06-24 14:37:15.331,1430,1744,1446,1441,1407,0,1611,1621,1528,1443
2025-06-24 14:37:15.431,1453,1703,1408,1473,1521,0,1692,1726,1523,1439
2025-06-24 14:37:15.530,1472,1773,1392,1453,1488,0,2025,1849,1520,1431
2025-06-24 14:37:15.629,1489,1806,1382,1471,1488,34,2189,1847,1521,1433
2025-06-24 14:37:15.729,1503,1632,1325,1485,1493,1167,2054,1832,1525,1440
2025-06-24 14:37:15.829,1506,1470,1242,1583,1520,2529,1850,1792,1524,1439
2025-06-24 14:37:15.928,1511,1426,1239,1554,1605,4095,1762,1710,1520,1439
2025-06-24 14:37:16.028,1515,1412,1328,1606,1629,4095,1141,1658,1543,1450
2025-06-24 14:37:16.128,1518,1428,1313,1542,1531,4095,1038,1712,1532,1446
2025-06-24 14:37:16.228,1526,1488,1136,1456,1365,4095,992,1674,1527,1443
2025-06-24 14:37:16.328,1530,1535,1142,1189,1358,3381,1040,1665,1527,1443
2025-06-24 14:37:16.428,1530,1472,1551,1102,1437,1776,1182,1487,1523,1440
2025-06-24 14:37:16.528,1500,1450,2352,1094,1455,966,1306,1019,1525,1438
2025-06-24 14:37:16.627,1451,1407,2546,1100,1435,764,1454,673,1533,1442
2025-06-24 14:37:16.726,1413,1397,2267,1190,1487,887,1561,642,1527,1439
2025-06-24 14:37:16.826,1430,1434,1857,1301,1474,1127,1738,769,1522,1440
2025-06-24 14:37:16.925,1426,1428,1715,1393,1424,0,1882,1107,1529,1446
2025-06-24 14:37:17.025,1443,1456,1504,1551,1446,0,2142,1472,1533,1449
2025-06-24 14:37:17.125,1427,1489,1262,1587,1510,0,2112,1697,1518,1430
2025-06-24 14:37:17.225,1458,1552,1046,1648,1587,0,2011,1860,1523,1439
2025-06-24 14:37:17.324,1446,1579,834,1698,1534,46,1891,1729,1520,1438
2025-06-24 14:37:17.423,1446,1629,811,1703,1513,1270,1605,1807,1520,1450
2025-06-24 14:37:17.523,1468,1679,887,1750,1553,2750,1111,1782,1525,1450
2025-06-24 14:37:17.622,1486,1663,976,1826,1632,4095,977,1775,1519,1434
2025-06-24 14:37:17.721,1498,1535,1077,1841,1671,4095,892,1819,1520,1435
2025-06-24 14:37:17.820,1523,1423,1147,1903,1534,4095,1067,1818,1527,1443
2025-06-24 14:37:17.919,1520,1415,1158,1857,1435,4095,1219,1904,1522,1439
2025-06-24 14:37:18.018,1519,1475,1041,1760,1443,4095,1356,1936,1535,1444
2025-06-24 14:37:18.118,1506,1486,1022,1750,1457,2223,1530,1917,1535,1450
2025-06-24 14:37:18.218,1521,1508,1102,1741,1475,1141,1723,1826,1525,1441
2025-06-24 14:37:18.317,1525,1592,1119,1670,1579,811,1833,1559,1522,1438
2025-06-24 14:37:18.417,1506,1519,1172,1574,1562,845,1813,1210,1519,1433
2025-06-24 14:37:18.516,1519,1507,1248,1494,1515,1123,1862,833,1520,1435
2025-06-24 14:37:18.616,1488,1499,1328,1495,1514,0,1933,674,1523,1441
2025-06-24 14:37:18.715,1431,1487,1470,1461,1577,0,1875,815,1533,1449
2025-06-24 14:37:18.814,1407,1487,1648,1443,1627,0,1861,1148,1529,1447
2025-06-24 14:37:18.913,1408,1480,1761,1375,1558,0,1429,1427,1523,1447
2025-06-24 14:37:19.013,1415,1322,1794,1364,1524,0,957,1563,1534,1447
2025-06-24 14:37:19.113,1435,1282,1787,1353,1541,1115,918,1712,1542,1454
2025-06-24 14:37:19.213,1453,1354,1756,1403,1601,2629,910,1639,1534,1447
2025-06-24 14:37:19.316,1456,1392,1728,1422,1647,4095,974,1730,1525,1441
2025-06-24 14:37:19.416,1437,1495,1703,1463,1640,4095,1067,1694,1523,1438
2025-06-24 14:37:19.515,1444,1584,1690,1469,1531,4095,1136,1721,1517,1429
2025-06-24 14:37:19.615,1462,1506,1751,1477,1470,4095,1452,1827,1526,1439
2025-06-24 14:37:19.714,1481,1423,1827,1567,1542,4095,1694,1868,1526,1437
2025-06-24 14:37:19.813,1500,1405,1855,1535,1552,2498,1808,1873,1522,1440
2025-06-24 14:37:19.912,1510,1263,1683,1521,1575,1397,1903,1846,1530,1440
2025-06-24 14:37:20.011,1520,1168,1525,1518,1509,959,2135,1835,1529,1445
2025-06-24 14:37:20.111,1522,1228,1543,1505,1396,903,2039,1821,1531,1445
2025-06-24 14:37:20.211,1519,1351,1507,1442,1425,1045,1920,1843,1535,1456
2025-06-24 14:37:20.312,1525,1456,1584,1456,1460,0,1919,1572,1541,1453
2025-06-24 14:37:20.407,1529,1515,1794,1521,1495,0,1340,1104,1522,1434
2025-06-24 14:37:20.507,1522,1595,1968,1595,1575,0,1163,797,1531,1446
2025-06-24 14:37:20.607,1554,1622,2128,1556,1609,0,1171,787,1527,1439
2025-06-24 14:37:20.707,1479,1676,2170,1495,1648,0,1073,890,1525,1445
2025-06-24 14:37:20.806,1423,1739,2105,1589,1639,998,1195,1061,1522,1436
2025-06-24 14:37:20.906,1406,1783,1959,1579,1661,2593,1252,1265,1515,1439
2025-06-24 14:37:21.005,1405,1856,1792,1575,1655,4095,1408,1482,1521,1437
2025-06-24 14:37:21.105,1427,1850,1633,1555,1592,4095,1630,1681,1515,1428
2025-06-24 14:37:21.205,1449,1855,1654,1520,1410,4095,1799,1737,1520,1429
2025-06-24 14:37:21.305,1466,1874,1663,1497,1344,4095,1835,1733,1521,1439
2025-06-24 14:37:21.404,1455,1854,1582,1411,1293,4095,2167,1695,1531,1451
2025-06-24 14:37:21.504,1431,1824,1626,1206,1376,2698,2165,1712,1533,1446
2025-06-24 14:37:21.603,1438,1704,1635,1040,1395,1533,2006,1744,1531,1441
2025-06-24 14:37:21.703,1459,1582,1533,914,1343,1051,1920,1744,1535,1450
2025-06-24 14:37:21.802,1483,1498,1280,1031,1280,956,1655,1689,1529,1445
2025-06-24 14:37:21.901,1499,1511,1298,1163,1260,1078,1127,1686,1526,1442
2025-06-24 14:37:21.999,1512,1543,1296,1326,1405,83,1050,1695,1533,1445
2025-06-24 14:37:22.099,1514,1552,1280,1456,1434,0,974,1787,1531,1449
2025-06-24 14:37:22.199,1520,1622,1328,1555,1517,0,1047,1687,1529,1446
2025-06-24 14:37:22.299,1520,1576,1361,1638,1534,0,1072,1360,1523,1441
2025-06-24 14:37:22.399,1529,1498,1408,1658,1552,0,1155,1042,1527,1447
2025-06-24 14:37:22.498,1527,1488,1467,1678,1617,1058,1296,906,1530,1442
2025-06-24 14:37:22.598,1535,1481,1482,1745,1630,2530,1527,957,1522,1447
2025-06-24 14:37:22.698,1504,1511,1471,1712,1675,4095,1621,1168,1519,1435
2025-06-24 14:37:22.798,1490,1581,1443,1680,1552,4095,1847,1429,1524,1441
2025-06-24 14:37:22.898,1445,1584,1389,1758,1443,4095,2155,1601,1529,1444
2025-06-24 14:37:22.997,1415,1622,1270,1856,1440,4095,2017,1806,1533,1446
2025-06-24 14:37:23.096,1413,1680,1090,1811,1488,4095,1862,1769,1532,1450
2025-06-24 14:37:23.196,1426,1659,1053,1777,1573,2514,1687,1406,1523,1447
2025-06-24 14:37:23.296,1452,1671,1090,1805,1584,1344,1415,1445,1523,1436
2025-06-24 14:37:23.395,1457,1714,1104,1840,1434,861,1008,1479,1534,1451
2025-06-24 14:37:23.494,1452,1651,976,1741,1394,773,1018,1543,1526,1436
2025-06-24 14:37:23.593,1430,1543,949,1611,1404,937,1003,1628,1524,1446
2025-06-24 14:37:23.693,1436,1458,999,1487,1498,62,1020,1677,1517,1431
2025-06-24 14:37:23.792,1466,1425,1085,1390,1595,0,1040,1695,1520,1433
2025-06-24 14:37:23.892,1488,1419,1243,1437,1655,0,1197,1781,1523,1439
2025-06-24 14:37:23.991,1502,1453,1415,1484,1550,0,1360,1850,1527,1440
2025-06-24 14:37:24.091,1506,1459,1497,1408,1548,0,1526,1887,1533,1447
2025-06-24 14:37:24.191,1513,1503,1568,1405,1625,1168,1648,1744,1527,1446
2025-06-24 14:37:24.291,1520,1493,1617,1393,1606,2640,1971,1425,1524,1446
2025-06-24 14:37:24.391,1522,1457,1615,1424,1517,4095,2223,1136,1525,1443
2025-06-24 14:37:24.491,1522,1481,1600,1462,1399,4095,2009,947,1525,1439
2025-06-24 14:37:24.591,1526,1520,1591,1479,1376,4095,1961,908,1529,1440
2025-06-24 14:37:24.691,1535,1523,1735,1503,1403,4095,1907,1214,1525,1442
2025-06-24 14:37:24.791,1527,1614,1828,1595,1453,4048,1414,1630,1541,1444
2025-06-24 14:37:24.891,1503,1646,1867,1547,1470,2121,1034,1845,1535,1448
2025-06-24 14:37:24.990,1440,1614,1840,1473,1381,1030,1035,1957,1527,1445
2025-06-24 14:37:25.089,1406,1639,1779,1488,1326,688,1119,1970,1527,1439
2025-06-24 14:37:25.189,1408,1695,1686,1501,1425,702,1245,1671,1530,1441
2025-06-24 14:37:25.289,1430,1701,1520,1531,1474,999,1264,1570,1527,1441
2025-06-24 14:37:25.388,1456,1715,1412,1489,1472,0,1289,1642,1523,1437
2025-06-24 14:37:25.487,1462,1633,1273,1527,1549,0,1519,1641,1519,1434
2025-06-24 14:37:25.587,1459,1521,1210,1535,1591,0,1662,1695,1518,1436
2025-06-24 14:37:25.687,1429,1489,1218,1579,1552,0,1730,1765,1522,1434
2025-06-24 14:37:25.786,1424,1491,1338,1584,1584,77,1937,1738,1526,1438
2025-06-24 14:37:25.886,1466,1490,1465,1473,1692,1362,2158,1806,1523,1440
2025-06-24 14:37:25.985,1491,1493,1596,1516,1663,2896,2130,1829,1509,1430
2025-06-24 14:37:26.084,1517,1552,1649,1584,1494,4095,2081,1728,1519,1438
2025-06-24 14:37:26.184,1531,1478,1584,1515,1357,4095,1892,1488,1527,1443
2025-06-24 14:37:26.283,1549,1367,1501,1522,1364,4095,1280,1193,1527,1441
2025-06-24 14:37:26.382,1530,1227,1533,1520,1410,4095,970,746,1533,1447
2025-06-24 14:37:26.481,1559,1107,1526,1520,1443,3973,951,496,1535,1453
2025-06-24 14:37:26.580,1564,1101,1485,1520,1454,2075,998,555,1530,1424
2025-06-24 14:37:26.680,1578,1180,1584,1516,1427,1044,1102,748,1520,1450
2025-06-24 14:37:26.779,1574,1296,1665,1509,1395,802,1296,1089,1527,1441
2025-06-24 14:37:26.879,1535,1418,1714,1483,1360,916,1444,1471,1531,1446
2025-06-24 14:37:26.978,1504,1583,1552,1525,1408,1072,1596,1655,1533,1456
2025-06-24 14:37:27.077,1456,1717,1575,1427,1489,0,1728,1648,1533,1445
2025-06-24 14:37:27.177,1427,1771,1503,1211,1606,0,1764,1489,1524,1442
2025-06-24 14:37:27.276,1437,1789,1419,1118,1661,0,1969,1596,1520,1451
2025-06-24 14:37:27.375,1456,1792,1365,1030,1630,0,2190,1650,1527,1445
2025-06-24 14:37:27.474,1471,1712,1330,1009,1667,774,2080,1661,1521,1439
2025-06-24 14:37:27.573,1477,1600,1378,1199,1682,1970,1967,1641,1525,1441
2025-06-24 14:37:27.673,1456,1555,1477,1333,1625,3166,1872,1622,1521,1438
2025-06-24 14:37:27.772,1421,1573,1623,1413,1465,4095,1408,1609,1520,1433
2025-06-24 14:37:27.872,1429,1563,1610,1525,1370,4095,1127,1588,1517,1431
2025-06-24 14:37:27.972,1454,1588,1586,1597,1364,4095,1075,1660,1521,1438
2025-06-24 14:37:28.071,1447,1653,1522,1600,1395,4095,1159,1557,1529,1444
2025-06-24 14:37:28.171,1472,1596,1579,1685,1410,2960,1141,1335,1525,1442
2025-06-24 14:37:28.271,1505,1497,1438,1728,1375,1262,1253,1074,1543,1456
2025-06-24 14:37:28.371,1505,1478,1353,1757,1377,493,1272,837,1531,1446
2025-06-24 14:37:28.471,1521,1498,1234,1808,1363,588,1357,802,1535,1443
2025-06-24 14:37:28.570,1533,1505,1188,1834,1386,996,1527,990,1530,1446
2025-06-24 14:37:28.670,1531,1492,1216,1808,1424,745,1623,1280,1520,1433
2025-06-24 14:37:28.770,1548,1535,1122,1756,1467,0,1984,1438,1531,1443
2025-06-24 14:37:28.870,1551,1542,989,1729,1561,0,2158,1488,1526,1445
2025-06-24 14:37:28.970,1531,1581,876,1787,1574,0,1955,1627,1521,1437
2025-06-24 14:37:29.069,1481,1605,846,1798,1567,454,1836,1311,1528,1440
2025-06-24 14:37:29.169,1437,1618,922,1709,1584,1323,1753,1235,1527,1445
2025-06-24 14:37:29.269,1413,1664,1035,1541,1604,2129,1284,1232,1527,1444
2025-06-24 14:37:29.372,1423,1602,1139,1504,1606,2879,1022,1361,1527,1442
2025-06-24 14:37:29.471,1441,1483,1307,1472,1499,3365,1005,1445,1521,1439
2025-06-24 14:37:29.570,1456,1436,1456,1423,1422,3520,1054,1483,1520,1439
2025-06-24 14:37:29.669,1468,1438,1620,1355,1450,4095,1100,1571,1525,1440
2025-06-24 14:37:29.769,1424,1471,1729,1266,1533,3623,1217,1617,1527,1440
2025-06-24 14:37:29.868,1401,1487,1798,1330,1507,1654,1303,1783,1534,1450
2025-06-24 14:37:29.967,1408,1520,1823,1456,1523,333,1406,1841,1533,1450
2025-06-24 14:37:30.067,1437,1581,1690,1456,1398,211,1618,1904,1527,1440
2025-06-24 14:37:30.167,1460,1519,1518,1433,1404,560,1774,1579,1531,1443
2025-06-24 14:37:30.267,1478,1498,1574,1476,1456,842,2102,1099,1522,1438
2025-06-24 14:37:30.368,1486,1503,1584,1456,1474,7,2176,784,1515,1430
2025-06-24 14:37:30.463,1505,1493,1587,1474,1501,0,2005,797,1523,1438
2025-06-24 14:37:30.563,1520,1558,1397,1570,1520,0,1839,1008,1527,1443
2025-06-24 14:37:30.663,1527,1599,1218,1551,1571,272,1659,1343,1527,1443
2025-06-24 14:37:30.762,1527,1606,1168,1524,1506,964,1193,1575,1529,1445
2025-06-24 14:37:30.862,1534,1648,1195,1527,1547,1654,1046,1936,1529,1441
2025-06-24 14:37:30.962,1552,1672,1189,1504,1591,2323,1018,2043,1521,1439
2025-06-24 14:37:31.061,1527,1663,1237,1498,1525,2932,1029,1981,1520,1435
2025-06-24 14:37:31.160,1473,1680,1366,1508,1369,3216,1062,1125,1522,1439
2025-06-24 14:37:31.260,1435,1670,1480,1534,1355,3703,1186,1002,1526,1442
2025-06-24 14:37:31.359,1428,1574,1546,1531,1392,4095,1255,1071,1530,1442
2025-06-24 14:37:31.459,1431,1488,1584,1515,1392,2453,1433,1250,1530,1449
2025-06-24 14:37:31.559,1440,1439,1583,1561,1422,657,1648,1552,1535,1446
2025-06-24 14:37:31.658,1450,1470,1470,1507,1484,0,1777,1827,1535,1446
2025-06-24 14:37:31.758,1435,1475,1349,1534,1477,322,2053,2004,1527,1445
2025-06-24 14:37:31.857,1391,1499,1248,1553,1467,864,2192,2257,1519,1434
2025-06-24 14:37:31.956,1398,1533,1154,1528,1466,470,2078,2430,1530,1449
2025-06-24 14:37:32.056,1424,1588,1165,1499,1548,0,1874,2437,1531,1445
2025-06-24 14:37:32.155,1451,1491,1271,1565,1571,0,1712,2000,1523,1441
2025-06-24 14:37:32.254,1470,1459,1379,1552,1569,0,1214,1333,1530,1447
2025-06-24 14:37:32.353,1475,1472,1354,1563,1627,329,1199,881,1533,1445
2025-06-24 14:37:32.453,1494,1488,1296,1575,1571,1109,1216,768,1526,1441
2025-06-24 14:37:32.552,1517,1503,1267,1546,1587,1979,1213,1030,1523,1440
2025-06-24 14:37:32.651,1523,1546,1200,1579,1653,2832,1264,1461,1525,1441
2025-06-24 14:37:32.750,1527,1598,1158,1510,1638,3711,1275,1726,1523,1437
2025-06-24 14:37:32.850,1527,1618,1152,1471,1488,4095,1269,1951,1525,1442
2025-06-24 14:37:32.950,1531,1651,1206,1486,1426,4095,1463,1995,1521,1437
2025-06-24 14:37:33.050,1520,1649,1344,1535,1478,3907,1720,1900,1520,1433
2025-06-24 14:37:33.149,1472,1680,1470,1584,1489,1693,1824,1719,1531,1436
2025-06-24 14:37:33.248,1426,1676,1614,1477,1530,329,2129,1683,1542,1451
2025-06-24 14:37:33.347,1413,1533,1664,1473,1451,165,2126,1705,1532,1446
2025-06-24 14:37:33.446,1417,1470,1734,1476,1392,528,1971,1671,1520,1435
2025-06-24 14:37:33.546,1427,1486,1748,1513,1459,747,1910,1703,1527,1442
2025-06-24 14:37:33.645,1441,1491,1745,1510,1514,0,1813,1733,1535,1453
2025-06-24 14:37:33.745,1414,1463,1671,1469,1583,0,1246,1783,1522,1433
2025-06-24 14:37:33.845,1399,1507,1648,1463,1635,0,1095,1809,1520,1437
2025-06-24 14:37:33.945,1425,1583,1642,1525,1585,0,1141,1732,1520,1431
2025-06-24 14:37:34.044,1446,1514,1610,1498,1598,534,1140,1617,1522,1439
2025-06-24 14:37:34.143,1472,1467,1300,1507,1592,1652,1125,1461,1530,1444
2025-06-24 14:37:34.243,1490,1454,831,1533,1616,2750,1158,1114,1526,1441
2025-06-24 14:37:34.342,1503,1456,567,1553,1619,4054,1245,1040,1520,1434
2025-06-24 14:37:34.442,1520,1456,429,1511,1616,4095,1297,1147,1526,1443
2025-06-24 14:37:34.541,1520,1493,541,1499,1531,4095,1460,1325,1520,1437
2025-06-24 14:37:34.641,1523,1533,695,1517,1485,4095,1655,1411,1522,1439
2025-06-24 14:37:34.740,1520,1600,768,1515,1478,3146,2003,1611,1531,1448
2025-06-24 14:37:34.839,1529,1616,935,1602,1519,1222,2064,1648,1535,1443
2025-06-24 14:37:34.939,1528,1664,1196,1474,1523,291,1934,1648,1535,1445
2025-06-24 14:37:35.039,1520,1712,1493,1425,1448,248,1825,1651,1543,1458
2025-06-24 14:37:35.138,1488,1695,1709,1449,1382,624,1711,1677,1535,1455
2025-06-24 14:37:35.237,1431,1562,1814,1474,1403,1,1143,1713,1546,1454
2025-06-24 14:37:35.336,1397,1451,2012,1491,1490,0,832,1834,1533,1449
2025-06-24 14:37:35.435,1363,1391,2224,1584,1520,0,803,1813,1523,1456
2025-06-24 14:37:35.534,1366,1463,2345,1594,1533,0,918,1680,1522,1437
2025-06-24 14:37:35.634,1376,1487,2426,1551,1579,119,1043,1671,1525,1440
2025-06-24 14:37:35.733,1392,1505,2530,1512,1616,1174,1169,1577,1521,1438
2025-06-24 14:37:35.832,1387,1533,2528,1479,1649,2236,1313,1555,1514,1430
2025-06-24 14:37:35.932,1363,1605,2157,1520,1625,3285,1534,1477,1520,1439
2025-06-24 14:37:36.032,1403,1573,1807,1535,1680,4095,1751,1364,1520,1440
2025-06-24 14:37:36.131,1430,1510,1649,1510,1566,4095,1830,1141,1527,1439
2025-06-24 14:37:36.231,1478,1491,1585,1497,1407,4095,2118,910,1520,1433
2025-06-24 14:37:36.331,1511,1493,1535,1529,1417,4095,2368,833,1525,1444
2025-06-24 14:37:36.431,1521,1513,1514,1501,1430,2905,2346,890,1526,1438
2025-06-24 14:37:36.530,1548,1545,1601,1475,1505,1241,2171,991,1530,1443
2025-06-24 14:37:36.629,1508,1584,1749,1486,1532,576,1913,1315,1535,1447
2025-06-24 14:37:36.728,1479,1638,1947,1469,1461,651,1405,1379,1535,1449
2025-06-24 14:37:36.828,1471,1686,1997,1507,1447,939,1102,1385,1546,1456
2025-06-24 14:37:36.928,1488,1697,2013,1509,1443,0,1131,1533,1535,1449
2025-06-24 14:37:37.028,1498,1709,1949,1500,1489,0,1137,1650,1529,1442
2025-06-24 14:37:37.128,1473,1696,1936,1517,1571,0,1133,1755,1521,1437
2025-06-24 14:37:37.228,1422,1550,1883,1530,1579,0,1200,1742,1518,1436
2025-06-24 14:37:37.327,1393,1461,1667,1487,1563,453,1343,1678,1521,1431
2025-06-24 14:37:37.427,1392,1466,1634,1473,1483,1546,1488,1659,1520,1434
2025-06-24 14:37:37.527,1420,1492,1691,1519,1475,2516,1662,1697,1526,1443
2025-06-24 14:37:37.626,1453,1488,1568,1563,1566,3632,1775,1636,1527,1441
2025-06-24 14:37:37.726,1478,1517,1341,1535,1594,4095,2001,1687,1529,1444
2025-06-24 14:37:37.826,1491,1562,1228,1525,1533,4095,2095,1575,1531,1442
2025-06-24 14:37:37.926,1471,1509,1166,1497,1378,4095,1937,1371,1531,1448
2025-06-24 14:37:38.025,1438,1478,1090,1490,1384,4095,1814,981,1533,1447
2025-06-24 14:37:38.124,1481,1454,1117,1437,1399,2480,1661,639,1533,1446
2025-06-24 14:37:38.224,1483,1433,1264,1453,1451,883,1082,541,1533,1443
2025-06-24 14:37:38.324,1488,1456,1357,1491,1509,370,897,750,1530,1431
2025-06-24 14:37:38.424,1497,1463,1504,1583,1430,490,881,959,1533,1449
2025-06-24 14:37:38.524,1481,1461,1681,1573,1381,629,945,1258,1522,1438
2025-06-24 14:37:38.623,1467,1524,1811,1609,1397,0,976,1514,1523,1433
2025-06-24 14:37:38.722,1463,1579,1904,1598,1481,0,1136,1453,1526,1443
2025-06-24 14:37:38.822,1467,1631,1891,1525,1566,0,1251,1443,1525,1439
2025-06-24 14:37:38.922,1445,1637,1798,1478,1569,0,1475,1491,1523,1450
2025-06-24 14:37:39.022,1447,1707,1698,1467,1584,698,1751,1488,1526,1443
2025-06-24 14:37:39.122,1462,1660,1683,1488,1610,1746,1915,1714,1531,1444
2025-06-24 14:37:39.222,1420,1545,1742,1509,1552,2677,2150,1802,1514,1428
2025-06-24 14:37:39.322,1405,1506,1783,1499,1575,3792,2113,1840,1524,1441
2025-06-24 14:37:39.426,1392,1520,1550,1495,1582,4095,2064,1872,1533,1450
2025-06-24 14:37:39.525,1382,1520,1261,1456,1532,4095,1883,1918,1525,1439
2025-06-24 14:37:39.624,1395,1552,1007,1456,1430,4095,1635,1894,1528,1447
2025-06-24 14:37:39.723,1405,1580,850,1489,1418,4095,1072,1833,1531,1445
2025-06-24 14:37:39.822,1422,1574,937,1501,1456,2019,923,1738,1527,1439
2025-06-24 14:37:39.921,1422,1527,1103,1488,1526,647,880,1360,1520,1431
2025-06-24 14:37:40.021,1415,1487,1286,1514,1496,318,914,820,1523,1440
2025-06-24 14:37:40.120,1430,1471,1441,1580,1435,560,1121,592,1527,1441
2025-06-24 14:37:40.220,1472,1486,1706,1520,1367,507,1415,640,1524,1445
2025-06-24 14:37:40.320,1523,1483,1920,1529,1375,0,1569,1095,1530,1442
2025-06-24 14:37:40.421,1581,1508,2022,1501,1451,0,1747,1466,1526,1441
2025-06-24 14:37:40.516,1613,1603,2075,1518,1520,0,1813,1702,1526,1442
2025-06-24 14:37:40.616,1637,1621,2134,1507,1562,0,1840,1841,1530,1446
2025-06-24 14:37:40.715,1661,1647,2102,1502,1527,761,1894,1716,1522,1439
2025-06-24 14:37:40.815,1664,1661,2039,1509,1555,1921,1987,1620,1524,1435
2025-06-24 14:37:40.915,1657,1687,1901,1494,1575,3006,1791,1549,1523,1437
2025-06-24 14:37:41.015,1643,1779,1778,1552,1635,4095,1664,1599,1531,1447
2025-06-24 14:37:41.115,1645,1648,1572,1494,1650,4095,1253,1658,1524,1449
2025-06-24 14:37:41.215,1631,1552,1488,1549,1548,4095,966,1725,1523,1440
2025-06-24 14:37:41.314,1585,1497,1434,1577,1456,4095,1017,1789,1525,1439
2025-06-24 14:37:41.414,1526,1521,1199,1641,1330,4039,1061,1822,1534,1445
2025-06-24 14:37:41.513,1473,1552,1005,1668,1353,1985,1169,1906,1523,1438
2025-06-24 14:37:41.613,1462,1579,925,1600,1450,691,1408,1937,1526,1441
2025-06-24 14:37:41.712,1467,1594,973,1511,1481,384,1606,2000,1525,1441
2025-06-24 14:37:41.812,1467,1520,1101,1472,1455,579,1850,1808,1521,1440
2025-06-24 14:37:41.912,1465,1456,1227,1376,1409,369,1878,1393,1525,1431
2025-06-24 14:37:42.012,1438,1421,1406,1375,1451,0,1947,1031,1529,1445
2025-06-24 14:37:42.111,1385,1406,1695,1383,1507,0,2061,870,1533,1450
2025-06-24 14:37:42.210,1306,1420,2112,1391,1560,0,2028,1055,1531,1444
2025-06-24 14:37:42.309,1330,1466,2295,1250,1567,0,1950,1364,1530,1443
2025-06-24 14:37:42.408,1362,1488,2233,1111,1574,738,1873,1580,1527,1441
2025-06-24 14:37:42.507,1405,1574,1997,1034,1582,1901,1760,1678,1527,1445
2025-06-24 14:37:42.607,1439,1603,1827,1085,1618,3039,1306,1682,1525,1436
2025-06-24 14:37:42.706,1479,1610,1761,1094,1646,4095,1120,1231,1520,1439
2025-06-24 14:37:42.806,1507,1627,1849,1108,1637,4095,1123,1033,1527,1441
2025-06-24 14:37:42.905,1541,1712,1885,1163,1507,4095,1165,1091,1523,1435
2025-06-24 14:37:43.005,1558,1681,1842,1262,1355,4095,1183,1233,1520,1437
2025-06-24 14:37:43.104,1570,1519,1814,1422,1405,4095,1328,1346,1524,1438
2025-06-24 14:37:43.204,1592,1429,1715,1582,1467,2223,1394,1515,1520,1435
2025-06-24 14:37:43.303,1570,1412,1535,1635,1488,851,1552,1590,1520,1434
2025-06-24 14:37:43.402,1526,1429,1135,1712,1489,471,1616,1713,1543,1446
2025-06-24 14:37:43.501,1475,1450,940,1774,1430,548,1799,1958,1527,1441
2025-06-24 14:37:43.600,1456,1459,914,1748,1465,467,1975,2099,1543,1453
2025-06-24 14:37:43.699,1456,1490,976,2034,1479,0,1801,2380,1532,1441
2025-06-24 14:37:43.799,1465,1424,1166,2288,1561,0,1744,2357,1520,1452
2025-06-24 14:37:43.899,1478,1403,1392,2224,1616,0,1699,1680,1531,1445
2025-06-24 14:37:43.999,1488,1408,1597,2171,1610,0,1382,1143,1531,1447
2025-06-24 14:37:44.098,1471,1424,1664,2060,1615,715,1217,885,1547,1456
2025-06-24 14:37:44.197,1444,1454,1759,1874,1584,1871,1129,1008,1535,1449
2025-06-24 14:37:44.296,1454,1488,1778,1744,1605,2947,1122,1375,1523,1439
2025-06-24 14:37:44.396,1461,1535,1778,1616,1701,4095,1087,1708,1521,1441
2025-06-24 14:37:44.496,1487,1595,1662,1484,1661,4095,1214,1841,1522,1438
2025-06-24 14:37:44.596,1499,1647,1639,1405,1474,4095,1355,1873,1520,1427
2025-06-24 14:37:44.696,1505,1662,1722,1293,1391,4095,1517,1647,1520,1431
2025-06-24 14:37:44.796,1495,1634,1758,1323,1398,4095,1771,1009,1515,1426
2025-06-24 14:37:44.896,1535,1732,1723,1258,1463,2259,1920,1087,1535,1451
2025-06-24 14:37:44.996,1547,1646,1685,1182,1525,830,2128,1278,1543,1453
2025-06-24 14:37:45.095,1552,1502,1685,1200,1483,411,2177,1543,1530,1445
2025-06-24 14:37:45.195,1552,1458,1593,1227,1495,545,2064,1713,1533,1445
2025-06-24 14:37:45.295,1526,1467,1170,1247,1467,632,1849,2031,1529,1446
2025-06-24 14:37:45.395,1517,1482,922,1296,1547,0,1586,2247,1520,1438
2025-06-24 14:37:45.494,1474,1520,848,1407,1571,0,1122,2293,1532,1444
2025-06-24 14:37:45.593,1441,1554,829,1488,1630,0,998,2352,1525,1438
2025-06-24 14:37:45.692,1424,1527,907,1535,1598,0,1040,2275,1519,1431
2025-06-24 14:37:45.792,1426,1469,1040,1599,1559,704,1101,1831,1523,1438
2025-06-24 14:37:45.892,1442,1471,1280,1637,1525,1885,1140,1226,1535,1445
2025-06-24 14:37:45.992,1457,1465,1526,1571,1568,2992,1246,832,1520,1435
2025-06-24 14:37:46.090,1463,1477,1782,1459,1655,4095,1375,747,1523,1440
2025-06-24 14:37:46.190,1441,1535,1865,1281,1552,4095,1544,917,1531,1442
2025-06-24 14:37:46.289,1429,1575,1886,1126,1392,4095,1744,1272,1527,1445
2025-06-24 14:37:46.388,1441,1620,1900,1052,1350,4095,1853,1542,1525,1441
2025-06-24 14:37:46.487,1465,1649,1870,1040,1374,4095,2032,1697,1527,1441
2025-06-24 14:37:46.586,1488,1675,1874,1120,1454,2384,1945,1724,1526,1439
2025-06-24 14:37:46.685,1495,1665,1875,1329,1449,859,1825,1406,1527,1440
2025-06-24 14:37:46.785,1505,1700,1817,1463,1457,383,1657,1305,1535,1445
2025-06-24 14:37:46.884,1513,1724,1855,1527,1439,464,1516,1346,1526,1442
2025-06-24 14:37:46.984,1517,1607,1699,1611,1456,629,1104,1451,1526,1443
2025-06-24 14:37:47.085,1520,1485,1474,1621,1523,0,1014,1552,1525,1447
2025-06-24 14:37:47.185,1520,1447,1040,1771,1564,0,990,1678,1530,1446
2025-06-24 14:37:47.285,1520,1439,659,1825,1571,0,1040,1795,1530,1441
2025-06-24 14:37:47.385,1520,1456,558,1884,1603,0,1217,1842,1527,1440
2025-06-24 14:37:47.485,1503,1471,603,1839,1618,425,1308,1937,1534,1447
2025-06-24 14:37:47.584,1456,1606,694,1853,1598,1588,1429,1950,1520,1435
2025-06-24 14:37:47.683,1423,1535,827,1873,1641,2707,1588,1886,1520,1434
2025-06-24 14:37:47.783,1422,1515,1038,1843,1595,4095,1769,1358,1521,1438
2025-06-24 14:37:47.883,1421,1557,1212,1895,1520,4095,1830,1010,1518,1434
2025-06-24 14:37:47.983,1430,1586,1603,1940,1434,4095,1985,883,1525,1441
2025-06-24 14:37:48.082,1453,1621,1885,2005,1447,4095,1936,971,1529,1450
2025-06-24 14:37:48.181,1463,1648,1959,1936,1511,4095,1854,1156,1522,1437
2025-06-24 14:37:48.281,1434,1690,1882,1799,1509,2423,1835,1315,1531,1435
2025-06-24 14:37:48.381,1425,1745,1806,1680,1507,909,1648,1487,1529,1453
2025-06-24 14:37:48.481,1445,1724,1831,1513,1473,415,1302,1549,1534,1443
2025-06-24 14:37:48.581,1471,1705,1842,1440,1533,541,1248,1171,1521,1435
2025-06-24 14:37:48.680,1484,1695,1713,1380,1489,828,1247,972,1535,1440
2025-06-24 14:37:48.780,1499,1815,1590,1300,1471,0,1287,1125,1535,1447
2025-06-24 14:37:48.879,1504,1782,1507,1264,1557,0,1290,1252,1529,1441
2025-06-24 14:37:48.978,1519,1669,1431,1250,1595,0,1371,1303,1525,1443
2025-06-24 14:37:49.078,1520,1597,1138,1254,1595,0,1452,1328,1525,1440
2025-06-24 14:37:49.178,1520,1563,994,1344,1662,450,1456,1426,1527,1440
2025-06-24 14:37:49.278,1526,1508,972,1360,1610,1632,1640,1611,1526,1442
2025-06-24 14:37:49.378,1526,1456,1078,1325,1662,2704,1645,1776,1530,1443
2025-06-24 14:37:49.482,1523,1470,1182,1418,1664,4048,1962,1967,1521,1441
2025-06-24 14:37:49.582,1490,1381,1360,1489,1534,4095,1966,2144,1525,1447
2025-06-24 14:37:49.681,1447,1330,1585,1490,1436,4095,1837,1968,1522,1440
2025-06-24 14:37:49.780,1426,1321,1760,1498,1422,4095,1730,1618,1520,1431
2025-06-24 14:37:49.879,1419,1328,1891,1503,1475,4095,1467,1259,1520,1431
2025-06-24 14:37:49.979,1439,1343,1910,1381,1514,2464,1136,1138,1523,1439
2025-06-24 14:37:50.078,1454,1379,1842,1210,1455,943,991,1269,1526,1442
2025-06-24 14:37:50.177,1461,1421,1807,1043,1445,386,1118,1488,1526,1442
2025-06-24 14:37:50.277,1460,1502,1781,977,1385,448,1135,1696,1547,1456
2025-06-24 14:37:50.377,1411,1570,1737,1056,1405,720,1195,1776,1520,1436
2025-06-24 14:37:50.478,1443,1600,1618,1152,1509,0,1378,1826,1527,1456
2025-06-24 14:37:50.573,1466,1623,1499,1289,1488,0,1533,1478,1542,1452
2025-06-24 14:37:50.673,1490,1666,1433,1381,1559,0,1651,1184,1520,1438
2025-06-24 14:37:50.772,1506,1593,1391,1478,1552,0,1766,1335,1523,1437
2025-06-24 14:37:50.872,1513,1471,1202,1519,1584,260,1919,1465,1526,1439
2025-06-24 14:37:50.972,1508,1379,1150,1614,1584,1489,2018,1668,1531,1446
2025-06-24 14:37:51.072,1516,1357,1204,1680,1626,2665,1931,1803,1527,1442
2025-06-24 14:37:51.172,1521,1395,1239,1792,1699,4095,1918,1936,1519,1450
2025-06-24 14:37:51.271,1524,1402,1251,1811,1603,4095,1862,1938,1519,1434
2025-06-24 14:37:51.371,1529,1425,1200,1808,1398,4095,1577,1967,1521,1440
2025-06-24 14:37:51.471,1525,1442,1264,1820,1333,4095,1349,1961,1527,1442
2025-06-24 14:37:51.571,1517,1413,1393,1899,1334,4095,1158,1843,1534,1449
2025-06-24 14:37:51.670,1472,1416,1552,1909,1449,3209,1087,1492,1541,1453
2025-06-24 14:37:51.769,1439,1456,1565,1901,1575,1557,1178,1106,1535,1449
2025-06-24 14:37:51.869,1410,1529,1612,1885,1531,728,1248,754,1534,1449
2025-06-24 14:37:51.968,1413,1606,1631,1959,1414,563,1354,784,1533,1442
2025-06-24 14:37:52.068,1431,1677,1669,1920,1441,717,1630,1008,1526,1441
2025-06-24 14:37:52.167,1452,1699,1647,1827,1440,0,1808,1280,1526,1440
2025-06-24 14:37:52.266,1457,1727,1616,1665,1475,0,1933,1491,1525,1439
2025-06-24 14:37:52.365,1440,1713,1621,1494,1507,0,2027,1583,1527,1443
2025-06-24 14:37:52.465,1429,1684,1643,1422,1559,0,2016,1597,1531,1439
2025-06-24 14:37:52.564,1445,1686,1447,1419,1566,0,1942,1267,1529,1441
2025-06-24 14:37:52.663,1470,1666,1342,1331,1542,929,1855,1152,1520,1438
2025-06-24 14:37:52.762,1491,1535,1319,1245,1508,2242,1681,1250,1521,1435
2025-06-24 14:37:52.862,1509,1422,1332,1248,1563,3567,1259,1347,1521,1435
2025-06-24 14:37:52.961,1514,1439,1332,1335,1501,4095,1194,1542,1521,1439
2025-06-24 14:37:53.061,1518,1502,1378,1381,1392,4095,1207,1653,1517,1434
2025-06-24 14:37:53.161,1535,1599,1470,1360,1299,4095,1239,1737,1526,1445
2025-06-24 14:37:53.260,1519,1616,1407,1392,1344,4095,1360,1840,1517,1433
2025-06-24 14:37:53.359,1517,1675,1449,1413,1381,4095,1345,1905,1520,1437
2025-06-24 14:37:53.459,1522,1584,1575,1494,1490,2310,1357,1917,1535,1451
2025-06-24 14:37:53.558,1527,1526,1693,1501,1535,1112,1597,1735,1533,1449
2025-06-24 14:37:53.658,1509,1508,1805,1525,1406,688,1808,1191,1545,1453
2025-06-24 14:37:53.757,1456,1472,1786,1599,1402,647,1856,743,1535,1447
2025-06-24 14:37:53.856,1392,1491,1726,1434,1399,282,1997,607,1526,1442
2025-06-24 14:37:53.955,1407,1554,1761,1168,1471,0,1954,804,1530,1440
2025-06-24 14:37:54.054,1418,1609,1855,1031,1547,0,1846,1254,1523,1437
2025-06-24 14:37:54.153,1438,1652,1803,978,1578,0,1790,1571,1519,1433
2025-06-24 14:37:54.252,1454,1715,1488,996,1571,0,1485,1714,1522,1424
2025-06-24 14:37:54.351,1456,1801,1357,1030,1573,670,1094,1885,1523,1445
2025-06-24 14:37:54.451,1433,1840,1307,1216,1559,2042,963,1787,1522,1441
2025-06-24 14:37:54.550,1435,1927,1346,1371,1600,3433,944,1105,1531,1445
2025-06-24 14:37:54.650,1455,1840,1360,1457,1643,4095,1011,973,1532,1450
2025-06-24 14:37:54.750,1473,1717,1285,1568,1552,4095,1135,1014,1520,1456
2025-06-24 14:37:54.850,1486,1642,1323,1647,1373,4095,1217,1229,1516,1428
2025-06-24 14:37:54.950,1514,1597,1345,1744,1367,4095,1409,1489,1530,1445
2025-06-24 14:37:55.050,1530,1543,1386,1790,1418,4095,1582,1717,1527,1446
2025-06-24 14:37:55.150,1522,1486,1471,1822,1457,2819,1711,1881,1530,1451
2025-06-24 14:37:55.250,1535,1457,1520,1795,1454,1504,1855,1985,1550,1456
2025-06-24 14:37:55.350,1523,1356,1590,1874,1424,851,1982,2086,1534,1446
2025-06-24 14:37:55.450,1522,1347,1563,1933,1392,675,1888,2239,1527,1433
2025-06-24 14:37:55.550,1521,1338,1506,1920,1422,679,1711,2015,1523,1438
2025-06-24 14:37:55.650,1525,1302,1520,1983,1465,0,1563,1450,1529,1443
2025-06-24 14:37:55.750,1479,1312,1533,1965,1599,0,1048,978,1534,1446
2025-06-24 14:37:55.849,1440,1305,880,1814,1631,0,832,758,1529,1445
2025-06-24 14:37:55.949,1413,1338,302,1726,1618,0,866,810,1531,1447
2025-06-24 14:37:56.048,1405,1389,369,1694,1632,499,921,1275,1527,1445
2025-06-24 14:37:56.148,1415,1461,707,1693,1642,1835,1046,1561,1520,1429
2025-06-24 14:37:56.248,1426,1541,1064,1577,1610,3063,1138,1818,1525,1442
2025-06-24 14:37:56.348,1447,1494,1296,1489,1631,4095,1262,1904,1521,1441
2025-06-24 14:37:56.448,1434,1598,1418,1458,1579,4095,1381,1776,1521,1440
2025-06-24 14:37:56.548,1414,1633,1587,1399,1488,4095,1569,1126,1520,1438
2025-06-24 14:37:56.648,1426,1568,1743,1387,1405,4095,1750,1092,1519,1429
2025-06-24 14:37:56.747,1456,1473,1840,1327,1371,4095,2032,1193,1519,1431
2025-06-24 14:37:56.847,1479,1523,2000,1331,1489,2863,2164,1356,1532,1443
2025-06-24 14:37:56.947,1499,1551,1850,1296,1483,1406,2038,1553,1534,1446
2025-06-24 14:37:57.047,1511,1505,1694,1313,1417,675,2019,1719,1546,1455
2025-06-24 14:37:57.147,1517,1526,1728,1404,1359,523,1937,1836,1546,1454
2025-06-24 14:37:57.247,1523,1406,1885,1527,1417,623,1378,2027,1523,1442
2025-06-24 14:37:57.347,1534,1423,2016,1597,1443,0,1239,2187,1521,1441
2025-06-24 14:37:57.447,1535,1456,2095,1547,1488,0,1232,2275,1523,1435
2025-06-24 14:37:57.547,1551,1519,2077,1488,1467,0,1257,1894,1530,1443
2025-06-24 14:37:57.646,1545,1504,2035,1523,1510,0,1169,1382,1545,1452
2025-06-24 14:37:57.746,1525,1462,1685,1469,1490,476,1229,987,1525,1441
2025-06-24 14:37:57.845,1477,1366,1344,1493,1562,1638,1319,786,1521,1450
2025-06-24 14:37:57.945,1438,1423,1327,1499,1628,2647,1413,853,1520,1435
2025-06-24 14:37:58.045,1425,1520,1477,1340,1643,3795,1563,1181,1511,1424
2025-06-24 14:37:58.145,1428,1424,1204,1104,1606,4095,1756,1483,1525,1442
2025-06-24 14:37:58.245,1455,1327,0,931,1449,4095,2106,1676,1525,1443
2025-06-24 14:37:58.345,1463,1379,0,938,1345,4095,2258,1733,1535,1455
2025-06-24 14:37:58.445,1466,1488,0,1003,1375,3856,2194,1510,1529,1443
2025-06-24 14:37:58.545,1441,1418,0,1107,1456,1985,2011,1061,1535,1445
2025-06-24 14:37:58.644,1424,1424,171,1264,1494,495,1763,1110,1535,1445
2025-06-24 14:37:58.743,1455,1392,1152,1415,1499,41,1262,1261,1535,1450
2025-06-24 14:37:58.842,1461,1402,1616,1520,1443,166,1126,1473,1520,1435
2025-06-24 14:37:58.942,1493,1449,1841,1609,1439,670,1114,1659,1519,1433
2025-06-24 14:37:59.043,1509,1486,2019,1725,1439,64,1099,1847,1519,1437
2025-06-24 14:37:59.143,1509,1372,2384,1795,1449,0,1238,2088,1523,1440
2025-06-24 14:37:59.242,1533,1361,2610,1794,1531,0,1344,2330,1513,1429
2025-06-24 14:37:59.342,1525,1415,2624,1806,1552,0,1462,2605,1529,1447
2025-06-24 14:37:59.441,1545,1471,2557,1902,1525,620,1669,2586,1533,1450
2025-06-24 14:37:59.545,1534,1551,2225,1920,1523,1667,1763,2215,1531,1445
2025-06-24 14:37:59.645,1545,1569,1604,1905,1585,2444,1839,1574,1525,1436
2025-06-24 14:37:59.745,1535,1619,1226,1936,1653,3153,2038,967,1527,1443
2025-06-24 14:37:59.845,1507,1675,1150,1935,1701,3850,2022,784,1523,1441
2025-06-24 14:37:59.945,1457,1712,1161,1860,1606,4095,1892,919,1519,1435
2025-06-24 14:38:00.044,1415,1783,1003,1802,1435,4095,1808,1107,1527,1441
2025-06-24 14:38:00.149,1418,1754,1289,1701,1455,4095,1503,1322,1529,1441
2025-06-24 14:38:00.243,1423,1713,1669,1579,1473,2251,1092,1511,1545,1447
2025-06-24 14:38:00.343,1424,1751,1985,1519,1491,710,928,1651,1518,1427
2025-06-24 14:38:00.442,1460,1706,2235,1513,1489,315,960,1520,1527,1441
2025-06-24 14:38:00.543,1457,1531,2299,1471,1415,555,1061,1657,1539,1453
2025-06-24 14:38:00.638,1430,1408,2425,1379,1355,925,1105,1840,1523,1439
2025-06-24 14:38:00.738,1439,1331,2540,1357,1345,63,1214,1783,1525,1440
2025-06-24 14:38:00.837,1463,1315,2703,1378,1414,0,1409,1676,1526,1441
2025-06-24 14:38:00.937,1477,1322,2770,1424,1511,0,1671,1683,1531,1440
2025-06-24 14:38:01.036,1493,1314,2690,1427,1578,0,1789,1637,1525,1438
2025-06-24 14:38:01.136,1511,1215,2541,1344,1591,469,1965,1455,1523,1439
2025-06-24 14:38:01.235,1520,1228,2437,1406,1612,1535,2217,1389,1522,1442
2025-06-24 14:38:01.335,1525,1296,2353,1422,1635,2489,2103,1458,1526,1442
2025-06-24 14:38:01.434,1524,1355,1995,1411,1730,3397,2061,1366,1521,1438
2025-06-24 14:38:01.534,1530,1408,1521,1517,1718,4095,1866,1216,1520,1431
2025-06-24 14:38:01.634,1534,1520,1257,1507,1568,4095,1353,801,1532,1446
2025-06-24 14:38:01.734,1523,1691,921,1558,1456,4095,923,624,1533,1446
2025-06-24 14:38:01.834,1518,1819,959,1542,1393,4095,816,698,1523,1438
2025-06-24 14:38:01.934,1457,1934,1163,1583,1395,2245,848,1001,1531,1443
2025-06-24 14:38:02.033,1410,1973,1701,1535,1471,773,935,1301,1526,1442
2025-06-24 14:38:02.133,1387,1989,1908,1456,1475,322,1036,1698,1535,1451
2025-06-24 14:38:02.232,1395,2010,1808,1535,1391,558,1209,2130,1531,1446
2025-06-24 14:38:02.332,1421,1888,1799,1584,1411,941,1475,2236,1525,1442
2025-06-24 14:38:02.431,1440,1703,1809,1552,1466,0,1642,2039,1524,1440
2025-06-24 14:38:02.531,1456,1565,1872,1494,1488,0,1776,1808,1531,1445
2025-06-24 14:38:02.631,1435,1477,1873,1402,1520,0,1899,1639,1530,1454
2025-06-24 14:38:02.731,1423,1414,1823,1184,1606,0,1994,1562,1535,1451
2025-06-24 14:38:02.831,1441,1365,1638,996,1615,489,2042,1646,1535,1446
2025-06-24 14:38:02.931,1467,1365,1475,893,1584,1686,1983,1726,1533,1446
2025-06-24 14:38:03.030,1491,1234,1522,1008,1593,2730,1834,1718,1522,1440
2025-06-24 14:38:03.130,1511,1219,1602,1107,1613,4024,1359,1699,1511,1427
2025-06-24 14:38:03.229,1519,1261,1625,1200,1600,4095,1104,1712,1521,1441
2025-06-24 14:38:03.329,1559,1323,1690,1282,1489,4095,977,1569,1529,1447
2025-06-24 14:38:03.428,1535,1358,1533,1447,1383,4095,1011,1382,1525,1440
2025-06-24 14:38:03.528,1535,1447,1260,1618,1392,4095,1156,941,1531,1447
2025-06-24 14:38:03.628,1531,1519,1099,1706,1427,2625,1254,460,1535,1446
2025-06-24 14:38:03.728,1534,1595,973,1693,1453,1077,1424,318,1535,1447
2025-06-24 14:38:03.828,1500,1648,961,1747,1530,491,1584,334,1529,1445
2025-06-24 14:38:03.928,1511,1695,1022,1762,1477,526,1803,399,1527,1442
2025-06-24 14:38:04.027,1459,1717,1186,1885,1486,821,1991,362,1526,1438
2025-06-24 14:38:04.127,1424,1753,1418,1955,1518,0,2112,623,1523,1430
2025-06-24 14:38:04.226,1410,1723,1600,1885,1557,0,2069,1083,1525,1439
2025-06-24 14:38:04.325,1423,1585,1810,1950,1597,0,1978,1173,1519,1435
2025-06-24 14:38:04.424,1431,1492,1874,1935,1597,0,1871,1170,1522,1441
2025-06-24 14:38:04.524,1452,1472,1962,1805,1577,301,1884,1520,1520,1434
2025-06-24 14:38:04.623,1466,1482,1934,1699,1535,1481,1483,1693,1519,1434
2025-06-24 14:38:04.722,1435,1488,1916,1664,1591,2605,1297,1733,1521,1438
2025-06-24 14:38:04.821,1427,1549,1946,1609,1656,4014,1214,1802,1526,1443
2025-06-24 14:38:04.921,1447,1493,1958,1586,1674,4095,1194,1927,1529,1440
2025-06-24 14:38:05.020,1472,1427,1967,1569,1553,4095,1266,2064,1535,1445
2025-06-24 14:38:05.120,1498,1452,1825,1446,1401,4095,1375,2198,1535,1449
2025-06-24 14:38:05.219,1509,1491,1623,1360,1409,4095,1487,2384,1521,1434
2025-06-24 14:38:05.318,1519,1550,1473,1382,1477,3124,1631,2615,1519,1435
2025-06-24 14:38:05.418,1514,1575,1104,1353,1493,1421,1824,2352,1529,1446
2025-06-24 14:38:05.518,1517,1623,782,1358,1469,626,1786,1613,1535,1447
2025-06-24 14:38:05.618,1520,1674,414,1401,1361,573,1839,1086,1530,1442
2025-06-24 14:38:05.718,1522,1692,1138,1423,1377,805,1920,1053,1528,1441
2025-06-24 14:38:05.817,1520,1674,2110,1459,1488,0,1934,1253,1535,1447
2025-06-24 14:38:05.917,1505,1642,2421,1409,1563,0,1792,1664,1520,1433
2025-06-24 14:38:06.016,1505,1603,2416,1423,1595,0,1564,2083,1542,1452
2025-06-24 14:38:06.116,1454,1573,2240,1525,1570,0,1136,2163,1535,1451
2025-06-24 14:38:06.216,1418,1434,2038,1577,1616,245,1071,2164,1526,1439
2025-06-24 14:38:06.315,1412,1323,1849,1587,1580,1424,1002,1697,1515,1431
2025-06-24 14:38:06.414,1414,1338,1702,1600,1532,2539,1072,1091,1522,1437
2025-06-24 14:38:06.514,1437,1383,1455,1580,1599,3750,1117,997,1520,1435
2025-06-24 14:38:06.613,1456,1454,1131,1533,1573,4095,1257,956,1525,1440
2025-06-24 14:38:06.712,1456,1489,871,1502,1504,4095,1419,1030,1521,1436
2025-06-24 14:38:06.812,1423,1527,747,1472,1379,4095,1629,1179,1522,1433
2025-06-24 14:38:06.911,1424,1503,730,1535,1403,4095,1742,1317,1529,1441
2025-06-24 14:38:07.011,1444,1514,688,1521,1441,3285,1823,1392,1523,1445
2025-06-24 14:38:07.110,1462,1549,669,1511,1471,1545,1989,1506,1528,1442
2025-06-24 14:38:07.210,1489,1557,752,1510,1486,608,2015,1535,1531,1454
2025-06-24 14:38:07.309,1497,1600,639,1488,1485,432,1874,1664,1535,1451
2025-06-24 14:38:07.409,1508,1668,624,1511,1402,668,1771,1302,1533,1450
2025-06-24 14:38:07.508,1510,1713,725,1493,1397,67,1344,897,1533,1463
2025-06-24 14:38:07.608,1517,1761,949,1442,1509,0,1005,698,1529,1444
2025-06-24 14:38:07.708,1520,1773,1098,1338,1597,0,944,854,1521,1423
2025-06-24 14:38:07.808,1524,1746,1347,1150,1552,0,1052,1055,1519,1439
2025-06-24 14:38:07.907,1531,1727,1589,1010,1545,0,1167,1330,1520,1446
2025-06-24 14:38:08.007,1530,1679,1730,960,1555,1075,1290,1633,1520,1439
2025-06-24 14:38:08.107,1505,1533,1812,1042,1523,2256,1513,1867,1525,1446
2025-06-24 14:38:08.207,1457,1394,1791,1204,1605,3495,1641,1845,1533,1456
2025-06-24 14:38:08.306,1415,1302,1744,1315,1648,4095,1739,1243,1520,1439
2025-06-24 14:38:08.406,1408,1290,1681,1389,1590,4095,1853,1128,1525,1439
2025-06-24 14:38:08.506,1419,1311,1659,1555,1433,4095,1922,1280,1521,1439
2025-06-24 14:38:08.605,1437,1320,1667,1648,1381,4095,1984,1296,1520,1441
2025-06-24 14:38:08.704,1455,1392,1712,1729,1408,3935,1971,1531,1522,1435
2025-06-24 14:38:08.803,1466,1405,1728,1736,1487,1991,1722,1822,1515,1427
2025-06-24 14:38:08.903,1425,1468,1669,1789,1561,854,1577,2096,1525,1439
2025-06-24 14:38:09.002,1424,1461,1682,1813,1535,541,1189,2325,1525,1441
2025-06-24 14:38:09.102,1442,1508,1755,1857,1443,663,991,2609,1531,1443
2025-06-24 14:38:09.202,1476,1545,1589,1897,1440,394,1049,2873,1527,1440
2025-06-24 14:38:09.301,1492,1561,1581,1915,1473,0,1051,2610,1523,1441
2025-06-24 14:38:09.400,1501,1579,1612,1887,1488,0,1146,1798,1535,1457
2025-06-24 14:38:09.500,1507,1603,1722,1840,1547,0,1387,1187,1531,1442
2025-06-24 14:38:09.603,1520,1562,1877,1744,1577,0,1520,1019,1520,1433
2025-06-24 14:38:09.703,1526,1575,2059,1685,1584,795,1616,1418,1525,1442
2025-06-24 14:38:09.802,1525,1525,2126,1647,1581,2086,1815,1888,1523,1440
2025-06-24 14:38:09.902,1527,1584,2183,1648,1589,3263,1786,2032,1527,1446
2025-06-24 14:38:10.002,1534,1546,2167,1543,1607,4095,1854,1987,1531,1447
2025-06-24 14:38:10.102,1535,1469,2156,1452,1606,4095,1879,1856,1525,1442
2025-06-24 14:38:10.202,1495,1463,2111,1462,1454,4095,1846,1651,1535,1456
2025-06-24 14:38:10.301,1457,1520,2000,1429,1370,4095,1720,1456,1535,1458
2025-06-24 14:38:10.401,1427,1543,1921,1417,1427,4095,1437,1313,1526,1440
2025-06-24 14:38:10.501,1415,1558,1820,1393,1451,2672,1121,1277,1525,1440
2025-06-24 14:38:10.602,1424,1600,1771,1439,1449,1257,1011,1216,1531,1441
2025-06-24 14:38:10.697,1429,1649,1761,1487,1440,678,998,1270,1550,1456
2025-06-24 14:38:10.797,1458,1665,1650,1520,1390,533,1123,1367,1552,1451
2025-06-24 14:38:10.896,1455,1623,1535,1506,1413,627,1267,1418,1527,1442
2025-06-24 14:38:10.996,1435,1610,1472,1456,1456,0,1418,1549,1527,1445
2025-06-24 14:38:11.095,1428,1581,1331,1461,1510,0,1637,1714,1534,1451
2025-06-24 14:38:11.195,1454,1584,1230,1455,1508,0,1786,1568,1526,1440
2025-06-24 14:38:11.294,1481,1587,1242,1473,1535,0,1929,1062,1520,1434
2025-06-24 14:38:11.393,1495,1599,1296,1459,1559,357,2001,705,1522,1435
2025-06-24 14:38:11.493,1488,1577,1342,1478,1627,1681,2046,705,1514,1429
2025-06-24 14:38:11.592,1520,1606,1442,1479,1637,2919,1926,896,1526,1441
2025-06-24 14:38:11.692,1533,1582,1503,1474,1693,4095,1858,1363,1523,1442
2025-06-24 14:38:11.792,1543,1571,1499,1456,1633,4095,1664,1819,1520,1436
2025-06-24 14:38:11.891,1531,1584,1523,1507,1490,4095,1152,2127,1519,1430
2025-06-24 14:38:11.991,1531,1495,1436,1506,1395,4095,1053,2314,1520,1439
2025-06-24 14:38:12.091,1525,1424,1363,1478,1413,4095,982,2095,1520,1439
2025-06-24 14:38:12.191,1513,1441,1282,1493,1425,3206,1008,1811,1535,1451
2025-06-24 14:38:12.290,1469,1465,1270,1543,1425,1666,1105,1703,1532,1450
2025-06-24 14:38:12.389,1429,1481,1298,1565,1439,847,1301,1648,1545,1454
2025-06-24 14:38:12.489,1418,1499,1260,1493,1358,603,1426,1824,1533,1446
2025-06-24 14:38:12.589,1429,1527,1253,1535,1354,645,1583,2053,1531,1445
2025-06-24 14:38:12.689,1442,1529,1296,1506,1439,0,1782,2151,1531,1447
2025-06-24 14:38:12.788,1455,1509,1104,1507,1467,0,1861,2170,1526,1447
2025-06-24 14:38:12.887,1463,1488,966,1549,1462,0,1904,2144,1535,1451
2025-06-24 14:38:12.987,1453,1471,1034,1487,1519,0,1818,2153,1520,1435
2025-06-24 14:38:13.087,1401,1482,1071,1472,1574,147,1759,2057,1521,1434
2025-06-24 14:38:13.187,1441,1488,1169,1513,1587,1434,1750,1598,1521,1437
2025-06-24 14:38:13.286,1462,1557,1287,1510,1585,2656,1262,1182,1533,1456
2025-06-24 14:38:13.385,1477,1575,1382,1324,1558,4095,1019,1009,1526,1443
2025-06-24 14:38:13.484,1503,1584,1472,1153,1639,4095,1035,1109,1521,1437
2025-06-24 14:38:13.584,1508,1580,1565,1031,1566,4095,1007,1205,1533,1447
2025-06-24 14:38:13.684,1516,1569,1633,976,1465,4095,1110,1206,1546,1453
2025-06-24 14:38:13.784,1521,1584,1588,1120,1413,4095,1259,1331,1535,1446
2025-06-24 14:38:13.883,1529,1570,1517,1228,1418,3411,1442,1549,1527,1445
2025-06-24 14:38:13.983,1545,1473,1471,1396,1450,1751,1615,1432,1520,1439
2025-06-24 14:38:14.083,1554,1425,1424,1427,1531,821,1673,1461,1521,1436
2025-06-24 14:38:14.183,1531,1401,1398,1470,1488,565,1785,1466,1534,1447
2025-06-24 14:38:14.282,1504,1471,1424,1555,1424,693,1934,1565,1529,1442
2025-06-24 14:38:14.381,1454,1488,1424,1645,1424,385,2063,1716,1521,1431
2025-06-24 14:38:14.481,1427,1534,1364,1662,1395,0,2000,1801,1513,1427
2025-06-24 14:38:14.580,1426,1555,1225,1724,1417,0,1787,1906,1521,1433
2025-06-24 14:38:14.680,1429,1553,1241,1806,1535,0,1670,1997,1530,1442
2025-06-24 14:38:14.780,1445,1515,1264,1836,1549,0,1178,1978,1531,1441
2025-06-24 14:38:14.879,1459,1482,1303,1829,1639,1058,1030,1963,1525,1438
2025-06-24 14:38:14.979,1463,1479,1374,1939,1622,2289,1037,1712,1527,1446
2025-06-24 14:38:15.079,1430,1498,1424,1979,1585,3570,1149,1125,1533,1451
2025-06-24 14:38:15.179,1427,1520,1512,1839,1611,4095,1247,601,1521,1441
2025-06-24 14:38:15.279,1456,1562,1587,1726,1690,4095,1328,380,1519,1430
2025-06-24 14:38:15.378,1482,1593,1664,1721,1558,4095,1415,534,1527,1441
2025-06-24 14:38:15.478,1498,1591,1636,1705,1408,4095,1550,832,1530,1446
2025-06-24 14:38:15.578,1510,1554,1535,1586,1392,3539,1740,1195,1533,1442
2025-06-24 14:38:15.678,1520,1590,1437,1472,1381,1834,1877,1489,1535,1455
2025-06-24 14:38:15.778,1523,1574,1424,1456,1479,831,1968,1617,1543,1453
2025-06-24 14:38:15.877,1525,1472,1467,1330,1483,592,1962,1509,1530,1446
2025-06-24 14:38:15.977,1525,1373,1428,1382,1456,707,1936,1442,1527,1439
2025-06-24 14:38:16.077,1531,1392,1392,1441,1397,641,1865,1457,1527,1441
2025-06-24 14:38:16.177,1530,1430,1398,1510,1360,0,1629,1451,1527,1441
2025-06-24 14:38:16.277,1515,1470,1309,1511,1417,0,1221,1457,1531,1447
2025-06-24 14:38:16.376,1458,1555,1182,1443,1529,0,1201,1456,1527,1443
2025-06-24 14:38:16.476,1424,1598,1165,1508,1584,0,1251,1491,1525,1440
2025-06-24 14:38:16.576,1408,1562,1202,1469,1578,893,1354,1571,1529,1443
2025-06-24 14:38:16.676,1415,1548,1250,1475,1565,2110,1450,1607,1523,1447
2025-06-24 14:38:16.776,1438,1518,1322,1520,1607,3248,1488,1758,1511,1427
2025-06-24 14:38:16.875,1447,1535,1449,1427,1552,4095,1627,1851,1520,1431
2025-06-24 14:38:16.975,1443,1552,1741,1502,1523,4095,1826,1567,1509,1424
2025-06-24 14:38:17.074,1441,1545,1812,1598,1585,4095,1971,1249,1522,1439
2025-06-24 14:38:17.174,1442,1509,1802,1558,1553,4095,1975,1200,1531,1451
2025-06-24 14:38:17.274,1461,1527,1696,1559,1428,3376,2032,1328,1530,1446
2025-06-24 14:38:17.373,1482,1567,1623,1491,1393,1638,1946,1645,1533,1445
2025-06-24 14:38:17.472,1493,1622,1557,1547,1413,624,1853,1823,1534,1447
2025-06-24 14:38:17.572,1518,1672,1553,1515,1440,400,1836,1930,1547,1449
2025-06-24 14:38:17.671,1530,1727,1581,1486,1517,569,1485,1842,1530,1438
2025-06-24 14:38:17.770,1530,1657,1619,1452,1490,690,1097,1761,1522,1439
2025-06-24 14:38:17.870,1527,1474,1783,1486,1424,0,1023,1702,1525,1438
2025-06-24 14:38:17.970,1527,1370,1872,1480,1426,0,1008,1510,1522,1439
2025-06-24 14:38:18.070,1545,1377,1744,1503,1479,0,1021,1471,1527,1443
2025-06-24 14:38:18.170,1525,1456,1726,1521,1491,0,1179,1525,1546,1451
2025-06-24 14:38:18.269,1520,1520,1744,1401,1513,823,1385,1610,1533,1450
2025-06-24 14:38:18.368,1478,1622,1646,1427,1521,1991,1417,1603,1527,1446
2025-06-24 14:38:18.467,1420,1602,1520,1449,1563,3060,1557,1613,1515,1430
2025-06-24 14:38:18.567,1391,1554,1392,1549,1559,4095,1727,1718,1522,1439
2025-06-24 14:38:18.666,1409,1527,1309,1574,1584,4095,1813,1712,1532,1446
2025-06-24 14:38:18.766,1429,1520,1253,1532,1675,4095,1770,1847,1527,1447
2025-06-24 14:38:18.865,1446,1553,1245,1571,1638,4095,1841,1662,1530,1434
2025-06-24 14:38:18.965,1467,1600,1232,1505,1503,3695,1827,1261,1533,1451
2025-06-24 14:38:19.064,1459,1639,1213,1531,1417,1850,1706,941,1533,1445
2025-06-24 14:38:19.164,1446,1666,1187,1550,1434,686,1247,891,1529,1444
2025-06-24 14:38:19.263,1463,1687,1135,1531,1485,466,1077,1151,1525,1439
2025-06-24 14:38:19.362,1489,1638,1134,1473,1471,656,923,1355,1522,1450
2025-06-24 14:38:19.461,1502,1601,1174,1513,1520,848,1012,1488,1534,1452
2025-06-24 14:38:19.561,1526,1628,1168,1558,1485,0,1023,1630,1530,1446
2025-06-24 14:38:19.664,1554,1683,1209,1556,1473,0,1170,1401,1535,1466
2025-06-24 14:38:19.763,1543,1619,1264,1519,1463,0,1344,848,1525,1431
2025-06-24 14:38:19.863,1550,1533,1296,1489,1517,0,1486,711,1533,1446
2025-06-24 14:38:19.963,1552,1467,1153,1522,1531,811,1675,782,1519,1430
2025-06-24 14:38:20.063,1555,1467,1104,1520,1595,1968,1792,983,1515,1429
2025-06-24 14:38:20.162,1568,1488,1107,1503,1633,3008,1911,1231,1509,1424
2025-06-24 14:38:20.262,1561,1577,1194,1527,1667,4095,1988,1601,1521,1439
2025-06-24 14:38:20.362,1550,1645,1257,1543,1613,4095,2004,1879,1520,1439
2025-06-24 14:38:20.462,1468,1622,1348,1510,1552,4095,1925,2144,1524,1441
2025-06-24 14:38:20.562,1445,1506,1456,1506,1535,4095,1714,2307,1526,1443
2025-06-24 14:38:20.663,1426,1446,1574,1514,1554,3746,1261,2471,1521,1438
2025-06-24 14:38:20.758,1433,1443,1712,1500,1439,1873,1114,2405,1523,1437
2025-06-24 14:38:20.858,1451,1511,1821,1499,1391,688,1028,1734,1535,1451
2025-06-24 14:38:20.957,1461,1466,1840,1558,1431,453,1047,1221,1543,1443
2025-06-24 14:38:21.056,1463,1411,1795,1553,1460,659,1121,943,1530,1443
2025-06-24 14:38:21.156,1424,1472,1744,1531,1457,832,1233,944,1533,1465
2025-06-24 14:38:21.255,1419,1478,1739,1522,1480,0,1379,1246,1531,1446
2025-06-24 14:38:21.355,1445,1450,1797,1505,1399,0,1519,1305,1535,1451
2025-06-24 14:38:21.454,1476,1402,1787,1579,1424,0,1710,1431,1529,1441
2025-06-24 14:38:21.553,1504,1470,1819,1559,1457,0,1904,1605,1542,1453
2025-06-24 14:38:21.652,1514,1525,1815,1471,1519,718,2064,1455,1520,1437
2025-06-24 14:38:21.752,1523,1515,1718,1463,1509,1904,2032,816,1517,1433
2025-06-24 14:38:21.851,1526,1433,1590,1493,1525,2865,1936,688,1516,1430
2025-06-24 14:38:21.951,1535,1393,1521,1487,1548,3954,1826,859,1520,1441
2025-06-24 14:38:22.051,1545,1427,1524,1505,1569,4095,1527,1046,1525,1442
2025-06-24 14:38:22.151,1535,1471,1592,1427,1520,4095,1165,1255,1522,1424
2025-06-24 14:38:22.250,1543,1467,1659,1456,1553,4095,1088,1499,1518,1437
2025-06-24 14:38:22.349,1545,1517,1802,1425,1562,4034,1035,1696,1520,1434
2025-06-24 14:38:22.449,1494,1606,1776,1324,1450,2029,1072,1870,1520,1434
2025-06-24 14:38:22.549,1459,1609,1741,1375,1437,656,1200,2064,1546,1456
2025-06-24 14:38:22.649,1430,1621,1811,1305,1488,355,1330,2320,1551,1439
2025-06-24 14:38:22.748,1419,1503,1824,1360,1519,576,1455,2102,1535,1442
2025-06-24 14:38:22.848,1427,1424,1796,1360,1535,699,1653,1568,1546,1454
2025-06-24 14:38:22.948,1439,1466,1807,1085,1510,0,1834,1157,1543,1455
2025-06-24 14:38:23.048,1455,1509,1609,395,1455,0,1936,970,1523,1438
2025-06-24 14:38:23.148,1439,1529,1396,0,1456,0,1996,1178,1520,1436
2025-06-24 14:38:23.248,1373,1585,1328,0,1488,0,1935,1502,1525,1438
2025-06-24 14:38:23.347,1376,1642,1361,0,1535,644,1842,1671,1522,1424
2025-06-24 14:38:23.447,1407,1701,1262,0,1584,1814,1811,1795,1526,1441
2025-06-24 14:38:23.546,1449,1751,1072,0,1611,2877,1562,1728,1522,1442
2025-06-24 14:38:23.646,1472,1767,981,0,1630,4095,1217,1418,1524,1441
2025-06-24 14:38:23.745,1497,1738,1088,452,1600,4095,1163,1226,1527,1439
2025-06-24 14:38:23.844,1493,1543,1262,1087,1649,4095,1159,1331,1532,1451
2025-06-24 14:38:23.944,1514,1339,1463,1701,1681,4095,1082,1387,1520,1437
2025-06-24 14:38:24.044,1529,1319,1601,2170,1691,4095,1222,1417,1521,1437
2025-06-24 14:38:24.144,1545,1380,1687,2541,1607,2125,1365,1472,1522,1441
2025-06-24 14:38:24.244,1543,1485,1750,2826,1471,705,1549,1527,1530,1448
2025-06-24 14:38:24.344,1559,1581,1837,2992,1442,336,1743,1639,1526,1440
2025-06-24 14:38:24.443,1571,1631,1879,3014,1415,570,1871,1694,1527,1443
2025-06-24 14:38:24.543,1527,1564,1877,3024,1459,752,1892,1745,1527,1440
2025-06-24 14:38:24.643,1474,1490,1809,2998,1476,0,1970,1722,1531,1446
2025-06-24 14:38:24.742,1442,1447,1699,2869,1434,0,1931,1392,1543,1456
2025-06-24 14:38:24.842,1428,1466,1441,2738,1344,0,1844,1039,1535,1446
2025-06-24 14:38:24.941,1435,1501,1325,2606,1401,0,1778,848,1533,1445
2025-06-24 14:38:25.041,1438,1553,1297,2450,1397,612,1366,861,1529,1443
2025-06-24 14:38:25.141,1445,1614,1303,2346,1456,1805,1099,1008,1522,1440
2025-06-24 14:38:25.241,1395,1630,1257,2209,1488,2914,1105,1280,1522,1427
2025-06-24 14:38:25.340,1359,1611,1280,2054,1456,4095,1104,1479,1520,1437
2025-06-24 14:38:25.439,1383,1578,1282,1883,1465,4095,1115,1670,1520,1433
2025-06-24 14:38:25.538,1413,1482,1367,1808,1520,4095,1152,1649,1527,1440
2025-06-24 14:38:25.638,1445,1474,1495,1661,1584,4095,1279,1438,1527,1444
2025-06-24 14:38:25.737,1468,1386,1606,1526,1659,4095,1551,1535,1526,1442
2025-06-24 14:38:25.837,1482,1328,1665,1403,1562,2443,1682,1662,1533,1438
2025-06-24 14:38:25.936,1494,1353,1557,1412,1379,935,1725,1686,1530,1440
2025-06-24 14:38:26.036,1514,1440,1462,1456,1324,380,1743,1694,1533,1445
2025-06-24 14:38:26.136,1533,1570,1391,1551,1389,477,1830,1681,1526,1442
2025-06-24 14:38:26.236,1535,1617,1333,1552,1414,704,1830,1750,1517,1430
2025-06-24 14:38:26.336,1553,1632,1327,1502,1419,0,1773,1801,1522,1437
2025-06-24 14:38:26.435,1580,1721,1289,1499,1415,0,1794,1890,1523,1442
2025-06-24 14:38:26.534,1552,1690,1248,1547,1358,0,1508,1873,1522,1447
2025-06-24 14:38:26.634,1485,1596,1189,1495,1379,0,1221,1669,1525,1442
2025-06-24 14:38:26.733,1439,1544,1163,1571,1435,496,1173,1230,1533,1445
2025-06-24 14:38:26.833,1423,1466,1169,1597,1520,1701,1182,880,1522,1442
2025-06-24 14:38:26.932,1429,1514,1088,1659,1569,2857,1109,798,1534,1451
2025-06-24 14:38:27.032,1443,1598,977,1646,1596,4095,1264,1040,1526,1447
2025-06-24 14:38:27.132,1443,1641,1067,1680,1572,4095,1375,1211,1527,1445
2025-06-24 14:38:27.232,1430,1697,1155,1654,1584,4095,1487,1437,1520,1436
2025-06-24 14:38:27.331,1372,1712,1327,1697,1632,4095,1694,1607,1520,1434
2025-06-24 14:38:27.430,1380,1709,1614,1686,1719,4095,1826,1722,1519,1434
2025-06-24 14:38:27.530,1413,1649,1819,1686,1659,2672,1933,1520,1526,1443
2025-06-24 14:38:27.630,1444,1650,1841,1674,1377,1073,1915,1351,1528,1456
2025-06-24 14:38:27.729,1483,1603,1797,1616,1356,415,1904,1367,1525,1439
2025-06-24 14:38:27.828,1499,1509,1749,1610,1335,432,1857,1392,1525,1440
2025-06-24 14:38:27.927,1517,1488,1698,1566,1361,682,1758,1472,1531,1445
2025-06-24 14:38:28.027,1519,1472,1662,1559,1415,0,1357,1599,1520,1430
2025-06-24 14:38:28.126,1551,1489,1642,1553,1360,0,1219,1749,1535,1449
2025-06-24 14:38:28.226,1557,1506,1563,1565,1296,0,1054,1989,1534,1451
2025-06-24 14:38:28.325,1552,1555,1518,1588,1376,0,1011,2130,1534,1453
2025-06-24 14:38:28.424,1523,1605,1570,1550,1443,437,1088,2151,1529,1447
2025-06-24 14:38:28.523,1481,1535,1575,1552,1523,1650,1265,2154,1523,1445
2025-06-24 14:38:28.622,1429,1511,1582,1371,1542,2813,1422,1776,1520,1434
2025-06-24 14:38:28.722,1397,1525,1433,1246,1521,4095,1653,1328,1526,1447
2025-06-24 14:38:28.821,1397,1493,1212,1200,1517,4095,1811,971,1520,1435
2025-06-24 14:38:28.921,1415,1501,1142,1284,1605,4095,1839,906,1524,1439
2025-06-24 14:38:29.020,1397,1510,1149,1289,1674,4095,1861,1181,1521,1435
2025-06-24 14:38:29.120,1392,1513,1296,1229,1708,4095,1877,1473,1531,1444
2025-06-24 14:38:29.220,1378,1498,1440,1184,1712,2911,1805,1557,1525,1440
2025-06-24 14:38:29.320,1339,1577,1575,1181,1552,1255,1759,1685,1530,1447
2025-06-24 14:38:29.419,1359,1600,1627,1278,1501,529,1630,1680,1525,1439
2025-06-24 14:38:29.518,1407,1511,1636,1333,1418,509,1139,1735,1535,1447
2025-06-24 14:38:29.617,1459,1581,1621,1249,1519,720,1021,1949,1541,1439
2025-06-24 14:38:29.720,1486,1551,1601,661,1517,0,1041,2047,1535,1455
2025-06-24 14:38:29.819,1520,1504,1601,250,1520,0,1087,1979,1531,1446
2025-06-24 14:38:29.918,1535,1521,1602,183,1490,0,1259,1968,1522,1438
2025-06-24 14:38:30.017,1543,1550,1330,420,1469,0,1380,1968,1521,1442
2025-06-24 14:38:30.116,1535,1620,1193,718,1453,336,1557,1808,1520,1430
2025-06-24 14:38:30.215,1523,1647,1322,1066,1492,1467,1629,1616,1520,1435
2025-06-24 14:38:30.315,1535,1675,1424,1423,1571,2559,1760,1501,1519,1437
2025-06-24 14:38:30.415,1558,1797,1361,1710,1623,3799,1904,1478,1520,1435
2025-06-24 14:38:30.515,1545,1783,1302,1954,1639,4095,1939,1351,1520,1437
2025-06-24 14:38:30.615,1489,1744,1277,2091,1648,4095,1910,1019,1521,1441
2025-06-24 14:38:30.716,1443,1725,1260,2152,1621,4095,1890,772,1526,1439
2025-06-24 14:38:30.811,1428,1743,1239,2225,1694,4095,1833,736,1520,1431
2025-06-24 14:38:30.911,1439,1751,1227,2210,1674,2983,1479,820,1520,1439
2025-06-24 14:38:31.010,1440,1730,1393,2182,1479,1342,1158,993,1525,1437
2025-06-24 14:38:31.110,1457,1694,1605,2146,1413,496,1078,1323,1542,1445
2025-06-24 14:38:31.210,1466,1678,1680,2096,1421,434,960,1452,1541,1445
2025-06-24 14:38:31.310,1424,1661,1690,2035,1395,699,1045,1414,1545,1456
2025-06-24 14:38:31.409,1419,1619,1666,1971,1415,0,1194,1443,1534,1447
2025-06-24 14:38:31.509,1441,1600,1698,1941,1407,0,1378,1513,1520,1436
2025-06-24 14:38:31.608,1456,1613,1733,1890,1274,0,1519,1530,1529,1443
2025-06-24 14:38:31.707,1467,1535,1707,1823,1264,0,1786,1554,1532,1455
2025-06-24 14:38:31.807,1457,1477,1565,1681,1344,544,1904,1552,1535,1454
2025-06-24 14:38:31.907,1444,1440,1503,1423,1393,1651,1975,1605,1535,1453
2025-06-24 14:38:32.006,1447,1424,1574,1330,1401,2622,1950,1596,1526,1442
2025-06-24 14:38:32.106,1462,1471,1605,1277,1489,3710,1952,1567,1522,1439
2025-06-24 14:38:32.206,1510,1475,1370,1297,1535,4095,1824,1519,1525,1440
2025-06-24 14:38:32.306,1531,1475,1045,1392,1635,4095,1745,1579,1520,1435
2025-06-24 14:38:32.405,1557,1495,880,1438,1644,4095,1367,1564,1521,1431
2025-06-24 14:38:32.504,1504,1472,842,1552,1554,4095,1105,1330,1523,1438
2025-06-24 14:38:32.603,1456,1471,927,1691,1678,2910,1035,1051,1525,1441
2025-06-24 14:38:32.703,1414,1456,1067,1713,1709,1213,1040,933,1521,1438
2025-06-24 14:38:32.802,1403,1487,1186,1778,1631,366,1165,964,1526,1440
2025-06-24 14:38:32.902,1397,1514,1338,1815,1570,393,1274,1169,1523,1440
2025-06-24 14:38:33.001,1376,1551,1378,1846,1558,752,1445,1379,1526,1441
2025-06-24 14:38:33.101,1360,1580,1399,1802,1584,0,1463,1584,1526,1440
2025-06-24 14:38:33.201,1367,1591,1371,1789,1612,0,1549,1449,1535,1472
2025-06-24 14:38:33.300,1379,1616,1353,1733,1543,0,1712,1467,1535,1453
2025-06-24 14:38:33.400,1375,1618,1381,1609,1423,0,1906,1585,1531,1442
2025-06-24 14:38:33.500,1396,1570,1405,1587,1395,619,1985,1678,1534,1449
2025-06-24 14:38:33.600,1429,1522,1370,1477,1413,1626,1936,1713,1511,1427
2025-06-24 14:38:33.700,1503,1473,1451,1280,1471,2448,1911,1792,1524,1439
2025-06-24 14:38:33.800,1552,1403,1449,1180,1581,3078,1733,1840,1530,1441
2025-06-24 14:38:33.900,1585,1427,1486,1072,1599,3653,1243,1921,1523,1440
2025-06-24 14:38:33.999,1599,1453,1483,1104,1661,3899,993,1885,1535,1453
2025-06-24 14:38:34.099,1611,1466,1321,1155,1699,3811,902,1911,1527,1445
2025-06-24 14:38:34.199,1598,1495,1232,1286,1669,4095,935,1985,1527,1447
2025-06-24 14:38:34.299,1603,1571,1234,1327,1680,2505,1120,2083,1526,1443
2025-06-24 14:38:34.399,1595,1566,1216,1365,1718,897,1265,1766,1523,1439
2025-06-24 14:38:34.499,1590,1581,1178,1487,1630,289,1380,1275,1527,1439
2025-06-24 14:38:34.599,1584,1531,1137,1744,1474,476,1490,967,1525,1438
2025-06-24 14:38:34.699,1525,1521,1229,1967,1396,801,1533,958,1531,1443
2025-06-24 14:38:34.799,1476,1571,1356,2089,1403,0,1701,1229,1527,1442
2025-06-24 14:38:34.898,1463,1595,1466,2026,1509,0,1795,1423,1520,1437
2025-06-24 14:38:34.997,1455,1622,1509,1840,1552,0,1847,1584,1520,1433
2025-06-24 14:38:35.097,1411,1648,1488,1702,1563,0,1929,1807,1534,1445
2025-06-24 14:38:35.197,1390,1621,1459,1674,1426,783,1873,1559,1533,1449
2025-06-24 14:38:35.296,1396,1587,1503,1584,1403,1617,1792,1534,1535,1454
2025-06-24 14:38:35.396,1392,1547,1443,1554,1414,2131,1365,1621,1525,1445
2025-06-24 14:38:35.496,1397,1522,1509,1520,1473,2615,1178,1771,1526,1441
2025-06-24 14:38:35.596,1409,1470,1471,1504,1557,3023,1166,1856,1520,1438
2025-06-24 14:38:35.696,1421,1399,1312,1438,1535,3195,1209,1875,1525,1441
2025-06-24 14:38:35.796,1453,1361,1232,1386,1513,3339,1250,1959,1533,1449
2025-06-24 14:38:35.896,1486,1369,1168,1491,1535,4095,1462,2042,1535,1453
2025-06-24 14:38:35.995,1509,1419,787,1534,1523,2429,1585,2093,1530,1445
2025-06-24 14:38:36.095,1533,1425,607,1473,1609,761,1707,2012,1530,1441
2025-06-24 14:38:36.195,1552,1449,623,1458,1583,257,1845,1926,1525,1440
2025-06-24 14:38:36.295,1571,1503,784,1477,1373,560,1914,1777,1520,1437
2025-06-24 14:38:36.394,1601,1517,1055,1510,1319,945,1911,1307,1513,1424
2025-06-24 14:38:36.493,1590,1500,1072,1535,1375,321,1923,901,1519,1435
2025-06-24 14:38:36.593,1585,1469,1227,1520,1414,0,1961,705,1523,1440
2025-06-24 14:38:36.693,1568,1488,1706,1447,1414,5,1808,781,1527,1443
2025-06-24 14:38:36.793,1503,1520,2210,1445,1375,410,1616,1117,1529,1442
2025-06-24 14:38:36.892,1458,1542,2569,1460,1323,1134,1249,1345,1542,1454
2025-06-24 14:38:36.991,1466,1556,2659,1494,1328,1942,1087,1595,1520,1440
2025-06-24 14:38:37.091,1471,1558,2517,1499,1392,2583,1123,1489,1522,1440
2025-06-24 14:38:37.191,1475,1566,2301,1552,1481,2967,1201,1360,1523,1443
2025-06-24 14:38:37.291,1490,1558,2238,1590,1534,3226,1232,1428,1520,1435
2025-06-24 14:38:37.391,1485,1521,2174,1575,1615,3295,1313,1471,1533,1446
2025-06-24 14:38:37.490,1456,1562,1858,1497,1605,3431,1391,1519,1535,1450
2025-06-24 14:38:37.590,1453,1488,1545,1436,1651,4095,1661,1663,1535,1455
2025-06-24 14:38:37.690,1461,1423,1392,1487,1616,2689,1766,1734,1535,1451
2025-06-24 14:38:37.790,1474,1419,1118,1587,1621,832,1856,1791,1535,1433
2025-06-24 14:38:37.889,1491,1429,727,1606,1645,0,1873,1879,1529,1438
2025-06-24 14:38:37.988,1504,1487,593,1552,1491,88,1953,1873,1521,1437
2025-06-24 14:38:38.087,1511,1584,653,1552,1424,423,1873,1936,1526,1445
2025-06-24 14:38:38.187,1519,1638,838,1573,1459,0,1739,1874,1534,1445
2025-06-24 14:38:38.287,1519,1606,1143,1527,1453,0,1441,1569,1521,1433
2025-06-24 14:38:38.387,1529,1542,1446,1520,1427,0,1182,1067,1518,1435
2025-06-24 14:38:38.486,1520,1515,1872,1493,1435,157,1046,834,1522,1456
2025-06-24 14:38:38.586,1529,1487,2221,1495,1361,887,1067,814,1520,1433
2025-06-24 14:38:38.686,1511,1510,2423,1518,1392,1635,1098,1053,1527,1442
2025-06-24 14:38:38.785,1474,1550,2478,1517,1438,2237,1209,1264,1522,1438
2025-06-24 14:38:38.885,1436,1582,2353,1567,1465,2577,1386,1458,1529,1447
2025-06-24 14:38:38.984,1426,1600,2224,1521,1465,2736,1550,1524,1522,1438
2025-06-24 14:38:39.084,1407,1575,2170,1445,1520,2851,1667,1334,1519,1430
2025-06-24 14:38:39.184,1448,1601,2032,1422,1571,3255,1886,1393,1528,1445
2025-06-24 14:38:39.284,1474,1585,1819,1456,1601,4095,1969,1462,1522,1438
2025-06-24 14:38:39.383,1473,1583,1781,1535,1625,2831,2001,1600,1522,1440
2025-06-24 14:38:39.483,1463,1535,1510,1616,1621,1023,1899,1598,1545,1453
2025-06-24 14:38:39.582,1450,1434,1053,1524,1690,240,1840,1670,1535,1448
2025-06-24 14:38:39.682,1465,1381,783,1549,1584,423,1739,1767,1534,1445
2025-06-24 14:38:39.785,1475,1415,666,1456,1488,894,1429,1854,1535,1449
2025-06-24 14:38:39.884,1501,1458,675,1450,1578,288,1168,1923,1531,1443
2025-06-24 14:38:39.983,1519,1513,781,1488,1517,0,1076,1885,1523,1434
2025-06-24 14:38:40.082,1511,1590,1044,1472,1505,145,1009,1966,1520,1438
2025-06-24 14:38:40.182,1515,1604,1274,1575,1491,582,1099,1824,1527,1445
2025-06-24 14:38:40.282,1520,1559,1439,1541,1486,1154,1333,1490,1528,1441
2025-06-24 14:38:40.382,1524,1543,1557,1466,1424,1845,1460,1119,1522,1435
2025-06-24 14:38:40.481,1520,1563,1763,1553,1425,2448,1630,956,1527,1443
2025-06-24 14:38:40.581,1525,1599,1790,1569,1453,2820,1795,1078,1520,1437
2025-06-24 14:38:40.681,1515,1645,1703,1535,1568,2945,1847,1170,1521,1434
2025-06-24 14:38:40.782,1479,1719,1604,1535,1616,2957,1866,1399,1527,1445
2025-06-24 14:38:40.877,1431,1722,1617,1457,1632,3401,1839,1531,1520,1431
2025-06-24 14:38:40.977,1403,1715,1559,1424,1598,4095,1755,1392,1526,1443
2025-06-24 14:38:41.076,1394,1712,1519,1551,1586,2247,1648,1168,1522,1438
2025-06-24 14:38:41.176,1418,1673,1507,1552,1599,391,1682,1173,1527,1439
2025-06-24 14:38:41.275,1424,1669,1585,1472,1633,0,1383,1316,1526,1439
2025-06-24 14:38:41.375,1444,1669,1562,1468,1602,33,1191,1445,1535,1449
2025-06-24 14:38:41.474,1446,1578,1542,1456,1486,464,1203,1568,1532,1449
2025-06-24 14:38:41.574,1424,1507,1597,1491,1392,0,1206,1749,1535,1450
2025-06-24 14:38:41.673,1435,1519,1687,1531,1389,0,1296,1808,1529,1443
2025-06-24 14:38:41.773,1458,1514,1747,1521,1391,0,1377,1860,1527,1441
2025-06-24 14:38:41.872,1485,1519,1824,1511,1501,0,1409,1819,1530,1441
2025-06-24 14:38:41.971,1503,1533,1776,1438,1557,443,1551,1920,1517,1434
2025-06-24 14:38:42.070,1511,1547,1840,1393,1446,1425,1674,1957,1520,1435
2025-06-24 14:38:42.170,1518,1509,1889,1291,1429,2383,1762,1601,1523,1442
2025-06-24 14:38:42.270,1520,1473,1808,1311,1457,3186,1856,1121,1520,1438
2025-06-24 14:38:42.370,1521,1427,1710,1437,1458,4095,1891,835,1521,1441
2025-06-24 14:38:42.469,1520,1402,1584,1462,1535,4095,1808,828,1524,1444
2025-06-24 14:38:42.568,1552,1426,1561,1507,1565,4095,1745,1063,1530,1441
2025-06-24 14:38:42.668,1524,1455,1543,1623,1665,4095,1659,1257,1524,1440
2025-06-24 14:38:42.767,1511,1491,1481,1662,1655,2448,1190,1392,1547,1451
2025-06-24 14:38:42.867,1457,1551,1323,1649,1618,830,1029,1490,1549,1456
2025-06-24 14:38:42.966,1415,1547,1335,1447,1647,304,998,1397,1546,1454
2025-06-24 14:38:43.065,1407,1501,1350,1170,1587,604,1069,1296,1535,1447
2025-06-24 14:38:43.165,1408,1488,1448,898,1493,1008,1123,1419,1530,1444
2025-06-24 14:38:43.265,1441,1549,1517,832,1383,133,1251,1571,1535,1449
2025-06-24 14:38:43.364,1447,1442,1595,791,1344,0,1389,1682,1525,1442
2025-06-24 14:38:43.464,1462,1407,1712,1029,1411,0,1476,1958,1520,1434
2025-06-24 14:38:43.563,1449,1382,1830,1198,1508,0,1651,2107,1517,1433
2025-06-24 14:38:43.662,1444,1346,1895,1333,1517,173,1706,2213,1526,1447
2025-06-24 14:38:43.762,1459,1455,1958,1425,1421,1389,1930,2031,1522,1442
2025-06-24 14:38:43.862,1473,1499,1844,1507,1443,2542,1911,1778,1520,1433
2025-06-24 14:38:43.961,1473,1555,1771,1682,1478,3679,1839,1665,1517,1433
2025-06-24 14:38:44.061,1510,1552,1637,1808,1517,4095,1803,1605,1520,1431
2025-06-24 14:38:44.161,1506,1535,1634,1798,1471,4095,1569,1317,1522,1438
2025-06-24 14:38:44.261,1515,1520,1764,1856,1557,4095,1079,784,1524,1439
2025-06-24 14:38:44.361,1516,1529,1830,1900,1588,4095,770,483,1523,1437
2025-06-24 14:38:44.461,1520,1552,1744,1951,1584,2939,663,432,1525,1437
2025-06-24 14:38:44.561,1517,1535,1711,2041,1594,1122,731,720,1534,1447
2025-06-24 14:38:44.661,1502,1465,1543,2218,1570,3,814,1053,1523,1438
2025-06-24 14:38:44.761,1518,1505,1169,2274,1563,0,975,1353,1527,1450
2025-06-24 14:38:44.860,1486,1552,986,2090,1554,263,1278,1255,1535,1449
2025-06-24 14:38:44.960,1439,1561,961,1933,1478,0,1461,1262,1521,1437
2025-06-24 14:38:45.059,1407,1600,1015,1823,1420,0,1680,1418,1543,1453
2025-06-24 14:38:45.159,1410,1653,1057,1695,1424,0,1856,1595,1535,1450
2025-06-24 14:38:45.259,1424,1586,1150,1613,1472,93,1958,1647,1529,1456
2025-06-24 14:38:45.359,1442,1438,1250,1590,1474,1008,2064,1632,1520,1439
2025-06-24 14:38:45.458,1461,1390,1273,1535,1466,1994,2027,1605,1526,1438
2025-06-24 14:38:45.557,1467,1408,1385,1483,1369,2786,2001,1647,1520,1430
2025-06-24 14:38:45.657,1435,1455,1488,1443,1379,3521,1851,1569,1521,1434
2025-06-24 14:38:45.757,1453,1535,1568,1305,1406,3888,1457,1655,1519,1431
2025-06-24 14:38:45.856,1472,1662,1559,1291,1513,3472,1341,1726,1525,1441
2025-06-24 14:38:45.956,1505,1648,1532,1265,1607,3430,1325,1727,1527,1436
2025-06-24 14:38:46.055,1501,1613,1664,1294,1629,4095,1429,1581,1521,1440
2025-06-24 14:38:46.155,1520,1589,1770,1318,1554,2531,1487,1298,1521,1437
2025-06-24 14:38:46.254,1494,1600,1811,1340,1605,969,1556,1126,1541,1455
2025-06-24 14:38:46.354,1506,1600,1840,1403,1613,195,1746,1095,1548,1455
2025-06-24 14:38:46.453,1510,1584,1853,1479,1616,340,1900,1283,1530,1437
2025-06-24 14:38:46.553,1518,1630,1619,1455,1625,663,1963,1488,1533,1455
2025-06-24 14:38:46.653,1511,1678,1293,1417,1595,0,1946,1751,1526,1443
2025-06-24 14:38:46.753,1508,1648,1101,1488,1499,0,2017,1469,1528,1438
2025-06-24 14:38:46.853,1503,1661,1072,1547,1431,0,1975,1392,1526,1439
2025-06-24 14:38:46.953,1473,1645,1101,1510,1414,0,1872,1519,1523,1442
2025-06-24 14:38:47.052,1442,1680,1146,1501,1437,127,1809,1849,1531,1436
2025-06-24 14:38:47.152,1419,1634,1243,1467,1398,967,1518,2080,1541,1457
2025-06-24 14:38:47.251,1424,1479,1404,1509,1359,1839,1281,2083,1534,1451
2025-06-24 14:38:47.351,1445,1366,1612,1574,1373,2571,1050,1950,1524,1441
2025-06-24 14:38:47.450,1456,1349,1731,1546,1405,2911,1039,1869,1522,1435
2025-06-24 14:38:47.549,1461,1424,1745,1552,1439,2943,1078,1776,1525,1438
2025-06-24 14:38:47.649,1463,1424,1789,1548,1458,3217,1250,1785,1528,1445
2025-06-24 14:38:47.749,1446,1471,1792,1573,1495,4095,1404,2022,1520,1432
2025-06-24 14:38:47.848,1442,1510,1835,1528,1552,2929,1482,2176,1518,1427
2025-06-24 14:38:47.948,1461,1460,1969,1552,1636,1158,1603,2064,1521,1434
2025-06-24 14:38:48.047,1481,1456,2129,1466,1707,461,1664,1543,1533,1445
2025-06-24 14:38:48.147,1500,1547,2111,1274,1617,830,1855,1253,1533,1447
2025-06-24 14:38:48.246,1502,1600,2001,1023,1643,1303,1916,1180,1535,1449
2025-06-24 14:38:48.346,1511,1646,1958,944,1646,210,1872,1183,1533,1447
2025-06-24 14:38:48.445,1521,1718,1581,970,1530,0,1775,1205,1525,1426
2025-06-24 14:38:48.544,1525,1741,1203,1036,1434,0,1591,1317,1520,1437
2025-06-24 14:38:48.644,1516,1697,1022,1111,1481,15,1165,1319,1520,1430
2025-06-24 14:38:48.744,1509,1712,992,1259,1491,586,960,842,1535,1455
2025-06-24 14:38:48.844,1517,1664,995,1399,1463,1398,895,604,1530,1444
2025-06-24 14:38:48.944,1509,1596,1039,1481,1456,2130,941,626,1529,1466
2025-06-24 14:38:49.044,1477,1513,1159,1615,1424,2672,1027,773,1522,1439
2025-06-24 14:38:49.144,1442,1393,1310,1698,1422,3107,1233,946,1519,1442
2025-06-24 14:38:49.243,1427,1328,1494,1748,1350,3315,1449,1245,1519,1435
2025-06-24 14:38:49.343,1429,1343,1635,1823,1438,3369,1567,1504,1533,1447
2025-06-24 14:38:49.443,1439,1389,1759,1828,1477,4095,1696,1693,1522,1441
2025-06-24 14:38:49.542,1456,1459,1883,1883,1567,3213,1857,1871,1520,1434
2025-06-24 14:38:49.641,1457,1567,1873,1953,1651,1366,1947,2058,1522,1440
2025-06-24 14:38:49.741,1461,1584,1917,2221,1642,395,1968,2222,1520,1431
2025-06-24 14:38:49.845,1437,1535,2042,2225,1643,679,2015,2193,1523,1440
2025-06-24 14:38:49.944,1450,1534,2070,2075,1595,1303,1872,1743,1530,1447
2025-06-24 14:38:50.044,1463,1530,1992,1850,1621,351,1664,1264,1526,1439
2025-06-24 14:38:50.144,1461,1520,1902,1679,1593,0,1257,1033,1520,1435
2025-06-24 14:38:50.243,1489,1520,1807,1509,1495,0,1202,1085,1535,1451
2025-06-24 14:38:50.342,1498,1571,1456,1488,1386,46,1088,1249,1551,1456
2025-06-24 14:38:50.442,1506,1602,1241,1472,1445,784,1107,1501,1531,1446
2025-06-24 14:38:50.541,1506,1651,1129,1418,1488,1632,1131,1744,1527,1443
2025-06-24 14:38:50.641,1499,1645,1072,1375,1458,2367,1338,1737,1534,1444
2025-06-24 14:38:50.741,1498,1623,1093,1355,1461,2958,1461,1535,1533,1445
2025-06-24 14:38:50.842,1505,1627,1211,1342,1392,3493,1615,1581,1527,1440
2025-06-24 14:38:50.937,1508,1666,1403,1355,1359,4092,1747,1754,1525,1434
2025-06-24 14:38:51.037,1505,1601,1569,1392,1411,4095,1853,1965,1521,1437
2025-06-24 14:38:51.137,1456,1449,1655,1375,1525,4095,1920,2019,1520,1438
2025-06-24 14:38:51.237,1421,1360,1679,1408,1552,2969,1819,1902,1520,1439
2025-06-24 14:38:51.336,1408,1355,1651,1437,1613,1036,1802,1863,1524,1442
2025-06-24 14:38:51.436,1423,1411,1565,1391,1629,233,1744,1794,1543,1454
2025-06-24 14:38:51.535,1439,1476,1507,1371,1655,666,1665,1658,1530,1443
2025-06-24 14:38:51.634,1459,1589,1535,1446,1666,1408,1202,1603,1529,1438
2025-06-24 14:38:51.733,1475,1563,1350,1478,1694,838,1011,1599,1533,1443
2025-06-24 14:38:51.833,1457,1469,1200,1530,1679,0,989,1323,1544,1451
2025-06-24 14:38:51.932,1456,1462,1255,1444,1486,0,1003,901,1534,1456
2025-06-24 14:38:52.032,1469,1447,1399,1517,1346,127,1233,608,1520,1439
2025-06-24 14:38:52.132,1484,1447,1568,1650,1387,825,1353,654,1520,1424
2025-06-24 14:38:52.232,1499,1562,1387,1613,1445,1523,1423,1069,1527,1446
2025-06-24 14:38:52.331,1499,1611,1152,1618,1456,1916,1597,1467,1517,1431
2025-06-24 14:38:52.431,1511,1652,1049,1637,1460,2257,1790,1839,1518,1430
2025-06-24 14:38:52.530,1521,1701,836,1583,1411,2687,1947,1899,1520,1431
2025-06-24 14:38:52.629,1519,1741,698,1525,1408,3127,1932,1745,1522,1441
2025-06-24 14:38:52.728,1519,1727,811,1553,1422,3646,1905,1710,1527,1442
2025-06-24 14:38:52.828,1526,1707,1021,1569,1417,4095,1955,1751,1529,1441
2025-06-24 14:38:52.927,1530,1682,1408,1495,1475,3646,1819,1632,1530,1447
2025-06-24 14:38:53.027,1533,1567,1730,1507,1547,1363,1724,1638,1535,1452
2025-06-24 14:38:53.127,1508,1441,1855,1460,1488,112,1353,1648,1531,1443
2025-06-24 14:38:53.227,1457,1394,1889,1523,1552,208,1184,1584,1530,1441
2025-06-24 14:38:53.326,1424,1397,1882,1520,1636,763,1086,1600,1523,1437
2025-06-24 14:38:53.426,1411,1392,1578,1521,1675,272,1210,1632,1520,1443
2025-06-24 14:38:53.525,1433,1486,1520,1504,1671,0,1295,1682,1526,1440
2025-06-24 14:38:53.624,1454,1511,1747,1523,1585,0,1349,1683,1545,1455
2025-06-24 14:38:53.723,1466,1500,1947,1515,1488,0,1590,1701,1533,1444
2025-06-24 14:38:53.823,1472,1483,1994,1501,1438,44,1695,1243,1529,1441
2025-06-24 14:38:53.922,1456,1456,2041,1511,1447,978,1709,687,1525,1440
2025-06-24 14:38:54.021,1472,1466,1739,1535,1436,2032,1774,528,1527,1467
2025-06-24 14:38:54.120,1471,1476,1399,1533,1419,2937,1872,767,1533,1445
2025-06-24 14:38:54.220,1488,1494,1270,1493,1407,3837,1939,1084,1520,1434
2025-06-24 14:38:54.319,1501,1555,1097,1461,1315,3921,1831,1318,1525,1450
2025-06-24 14:38:54.419,1501,1579,874,1427,1302,4067,1776,1492,1521,1437
2025-06-24 14:38:54.519,1488,1548,982,1415,1414,4095,1925,1141,1518,1417
2025-06-24 14:38:54.619,1503,1553,1282,1281,1466,4095,1585,1072,1517,1427
2025-06-24 14:38:54.719,1523,1571,1456,1111,1554,2191,1312,1214,1549,1456
2025-06-24 14:38:54.819,1527,1648,1264,987,1575,468,1264,1349,1550,1457
2025-06-24 14:38:54.919,1523,1593,1338,944,1559,0,1126,1632,1535,1450
2025-06-24 14:38:55.019,1527,1477,1473,962,1598,32,1168,1839,1529,1446
2025-06-24 14:38:55.119,1523,1415,1571,1137,1571,279,1232,1959,1521,1439
2025-06-24 14:38:55.219,1490,1434,1644,1239,1584,0,1399,2064,1521,1433
2025-06-24 14:38:55.319,1445,1486,1510,1279,1594,0,1551,2160,1524,1439
2025-06-24 14:38:55.419,1409,1530,1563,1470,1575,0,1654,2226,1529,1443
2025-06-24 14:38:55.519,1409,1579,1545,1602,1474,689,1727,2240,1525,1443
2025-06-24 14:38:55.619,1425,1584,1159,1719,1442,1590,1808,2288,1523,1441
2025-06-24 14:38:55.719,1441,1490,884,1757,1441,2322,1801,1905,1526,1440
2025-06-24 14:38:55.819,1456,1425,730,1829,1438,2875,1786,1366,1534,1451
2025-06-24 14:38:55.919,1471,1415,650,1875,1474,3850,1718,1037,1527,1443
2025-06-24 14:38:56.019,1426,1415,768,1919,1389,4095,1746,1137,1524,1456
2025-06-24 14:38:56.118,1431,1445,897,1954,1383,4022,1510,1370,1519,1432
2025-06-24 14:38:56.218,1456,1527,1168,2004,1413,4095,1217,1494,1520,1450
2025-06-24 14:38:56.318,1477,1606,1553,1943,1456,4095,1105,1707,1522,1443
2025-06-24 14:38:56.418,1489,1670,1919,1821,1510,2022,1115,1826,1525,1442
2025-06-24 14:38:56.518,1505,1650,1968,1837,1574,469,1171,1648,1532,1443
2025-06-24 14:38:56.617,1515,1601,1971,1887,1535,0,1261,1572,1525,1443
2025-06-24 14:38:56.717,1527,1632,1930,1754,1566,0,1482,1468,1526,1441
2025-06-24 14:38:56.817,1534,1669,2079,1607,1601,0,1632,1513,1523,1439
2025-06-24 14:38:56.917,1531,1575,2091,1479,1586,0,1815,1622,1543,1453
2025-06-24 14:38:57.017,1527,1489,1970,1302,1584,0,1805,1696,1535,1451
2025-06-24 14:38:57.117,1534,1443,1821,1296,1552,0,1758,1665,1523,1437
2025-06-24 14:38:57.217,1527,1472,1889,1311,1590,187,1792,1744,1522,1436
2025-06-24 14:38:57.317,1485,1494,1870,1315,1467,1214,1835,1762,1525,1444
2025-06-24 14:38:57.417,1457,1583,1519,1326,1456,2098,1822,1882,1518,1430
2025-06-24 14:38:57.517,1438,1590,1297,1381,1478,2571,1734,2015,1531,1447
2025-06-24 14:38:57.616,1437,1547,1184,1451,1484,2633,1328,1839,1534,1449
2025-06-24 14:38:57.716,1446,1520,1139,1456,1462,2458,1163,1437,1529,1447
2025-06-24 14:38:57.816,1453,1511,1238,1490,1424,2382,1090,1136,1535,1446
2025-06-24 14:38:57.916,1463,1514,1303,1511,1394,3379,1088,998,1530,1443
2025-06-24 14:38:58.016,1469,1526,1434,1566,1441,4095,1161,1152,1520,1431
2025-06-24 14:38:58.116,1423,1549,1616,1546,1481,3347,1271,1299,1523,1430
2025-06-24 14:38:58.216,1424,1597,1914,1510,1585,2455,1470,1495,1520,1431
2025-06-24 14:38:58.316,1446,1607,2205,1523,1565,2146,1553,1534,1525,1438
2025-06-24 14:38:58.416,1467,1637,2247,1520,1535,2529,1687,1205,1525,1443
2025-06-24 14:38:58.516,1500,1633,2128,1518,1623,3141,1779,963,1531,1446
2025-06-24 14:38:58.615,1506,1600,2027,1579,1597,2331,1750,1023,1529,1447
2025-06-24 14:38:58.715,1514,1627,1920,1534,1591,1567,1839,1234,1543,1453
2025-06-24 14:38:58.815,1517,1557,1991,1559,1580,1200,1909,1408,1523,1438
2025-06-24 14:38:58.915,1525,1506,2128,1582,1627,1180,1831,1673,1525,1443
2025-06-24 14:38:59.016,1528,1491,2102,1613,1543,1328,1827,1904,1529,1445
2025-06-24 14:38:59.115,1530,1514,2043,1555,1444,1647,1363,1951,1528,1453
2025-06-24 14:38:59.214,1533,1542,1891,1535,1454,1846,1122,1953,1526,1442
2025-06-24 14:38:59.313,1525,1565,1403,1519,1442,2000,1078,1993,1526,1442
2025-06-24 14:38:59.412,1486,1636,1152,1489,1458,2017,1111,2070,1520,1431
2025-06-24 14:38:59.512,1446,1567,1142,1494,1424,1749,1152,2011,1526,1439
2025-06-24 14:38:59.612,1424,1527,1219,1552,1389,1664,1285,1554,1529,1444
2025-06-24 14:38:59.712,1424,1531,1253,1584,1362,2293,1321,1086,1533,1442
2025-06-24 14:38:59.811,1446,1520,1243,1530,1425,1285,1520,867,1525,1439
2025-06-24 14:38:59.915,1456,1535,1280,1445,1503,39,1740,1036,1533,1450
2025-06-24 14:39:00.014,1463,1579,1437,1472,1570,0,1872,1327,1535,1450
2025-06-24 14:39:00.120,1423,1582,1648,1511,1611,237,1761,1531,1522,1442
2025-06-24 14:39:00.214,1410,1630,1855,1557,1597,556,1750,1703,1525,1440
2025-06-24 14:39:00.313,1430,1674,1872,1563,1584,0,1695,1750,1530,1445
2025-06-24 14:39:00.412,1461,1663,1857,1530,1616,0,1520,1424,1531,1445
2025-06-24 14:39:00.511,1472,1627,1821,1526,1671,0,1485,1277,1535,1447
2025-06-24 14:39:00.610,1491,1652,1765,1505,1665,528,1210,1257,1525,1426
2025-06-24 14:39:00.710,1511,1609,1786,1467,1580,1283,1104,1274,1535,1451
2025-06-24 14:39:00.810,1517,1469,1930,1465,1446,1791,1090,1340,1520,1431
2025-06-24 14:39:00.911,1535,1357,2099,1431,1389,2501,1123,1328,1522,1439
2025-06-24 14:39:01.006,1542,1410,1938,1501,1392,3344,1307,1466,1520,1433
2025-06-24 14:39:01.106,1545,1456,1762,1512,1426,4095,1411,1559,1525,1443
2025-06-24 14:39:01.206,1551,1485,1520,1518,1424,4095,1518,1686,1522,1439
2025-06-24 14:39:01.306,1535,1551,1072,1518,1458,3814,1674,1822,1520,1424
2025-06-24 14:39:01.405,1499,1494,783,1515,1392,3973,1702,2000,1520,1436
2025-06-24 14:39:01.505,1457,1439,708,1548,1404,2858,1738,2062,1523,1442
2025-06-24 14:39:01.604,1430,1431,838,1529,1442,911,1789,1735,1528,1445
2025-06-24 14:39:01.703,1424,1456,1074,1535,1441,0,1762,1371,1545,1449
2025-06-24 14:39:01.803,1425,1458,1277,1519,1517,0,1759,1121,1534,1446
2025-06-24 14:39:01.903,1447,1485,1433,1520,1600,12,1827,1230,1533,1445
2025-06-24 14:39:02.002,1459,1494,1635,1542,1644,241,1708,1447,1532,1445
2025-06-24 14:39:02.102,1461,1562,1771,1483,1625,0,1355,1535,1533,1444
2025-06-24 14:39:02.202,1427,1585,1863,1447,1637,0,1216,1605,1530,1443
2025-06-24 14:39:02.302,1423,1616,1895,1501,1615,0,1100,1655,1526,1443
2025-06-24 14:39:02.402,1456,1601,1871,1498,1570,0,1104,911,1525,1437
2025-06-24 14:39:02.502,1474,1641,1831,1471,1459,371,1225,659,1535,1446
2025-06-24 14:39:02.601,1487,1603,1810,1502,1353,1447,1343,705,1531,1447
2025-06-24 14:39:02.700,1503,1520,1839,1478,1351,2523,1567,805,1524,1439
2025-06-24 14:39:02.800,1513,1447,1872,1502,1451,3653,1693,1008,1520,1433
2025-06-24 14:39:02.900,1530,1439,1680,1545,1507,4095,1851,1214,1521,1435
2025-06-24 14:39:02.999,1534,1492,1424,1520,1449,4095,1883,1486,1525,1440
2025-06-24 14:39:03.099,1533,1513,1232,1542,1365,4095,1893,1671,1519,1433
2025-06-24 14:39:03.199,1526,1602,926,1546,1349,4095,1860,1891,1526,1446
2025-06-24 14:39:03.299,1526,1625,757,1479,1392,2883,1777,2150,1535,1446
2025-06-24 14:39:03.399,1519,1579,758,1494,1456,1771,1760,2657,1532,1445
2025-06-24 14:39:03.499,1482,1545,841,1478,1563,1411,1758,3024,1527,1441
2025-06-24 14:39:03.598,1443,1522,1099,1487,1606,1451,1443,2417,1525,1441
2025-06-24 14:39:03.697,1425,1552,1390,1568,1632,1632,1289,1798,1520,1437
2025-06-24 14:39:03.796,1423,1555,1667,1530,1653,590,1107,1426,1531,1444
2025-06-24 14:39:03.896,1424,1583,1858,1504,1648,0,1037,1446,1527,1440
2025-06-24 14:39:03.996,1433,1621,1948,1532,1628,0,1140,1714,1531,1443
2025-06-24 14:39:04.096,1453,1658,1935,1550,1658,0,1249,1855,1529,1444
2025-06-24 14:39:04.195,1435,1637,1934,1527,1552,0,1345,1921,1533,1445
2025-06-24 14:39:04.295,1409,1651,1834,1571,1424,416,1509,1896,1532,1444
2025-06-24 14:39:04.394,1437,1666,1625,1463,1403,1778,1727,1904,1525,1439
2025-06-24 14:39:04.494,1462,1646,1508,1440,1413,3134,1835,1168,1522,1443
2025-06-24 14:39:04.593,1486,1546,1593,1441,1471,4095,1863,855,1523,1441
2025-06-24 14:39:04.692,1501,1446,1637,1424,1488,4095,1995,965,1518,1433
2025-06-24 14:39:04.791,1509,1419,1485,1443,1505,4095,1949,1029,1520,1435
2025-06-24 14:39:04.891,1519,1431,1426,1527,1469,4095,1873,1201,1520,1428
2025-06-24 14:39:04.991,1521,1443,1251,1531,1424,3267,1782,1369,1521,1441
2025-06-24 14:39:05.091,1519,1552,1071,1511,1515,2090,1423,1559,1529,1445
2025-06-24 14:39:05.190,1520,1535,1009,1515,1582,1470,1237,1746,1543,1454
2025-06-24 14:39:05.290,1525,1490,1062,1558,1579,1411,1094,1741,1533,1445
2025-06-24 14:39:05.389,1535,1426,1152,1523,1535,1521,1038,1680,1520,1438
2025-06-24 14:39:05.489,1499,1427,1296,1570,1555,1535,1285,1669,1531,1444
2025-06-24 14:39:05.589,1466,1458,1483,1531,1578,0,1264,1366,1535,1452
2025-06-24 14:39:05.689,1426,1511,1678,1463,1618,0,1360,899,1535,1450
2025-06-24 14:39:05.789,1437,1524,1776,1499,1648,0,1509,521,1527,1439
2025-06-24 14:39:05.889,1444,1556,1795,1504,1669,0,1669,465,1521,1435
2025-06-24 14:39:05.989,1439,1616,1825,1530,1620,0,1757,759,1527,1445
2025-06-24 14:39:06.089,1456,1639,1825,1475,1455,771,1870,1082,1522,1439
2025-06-24 14:39:06.188,1443,1631,1774,1506,1415,2059,1886,1325,1525,1441
2025-06-24 14:39:06.288,1428,1605,1797,1474,1438,2894,1771,1525,1520,1437
2025-06-24 14:39:06.388,1443,1637,1882,1634,1451,3280,1820,1619,1520,1449
2025-06-24 14:39:06.488,1470,1515,1792,1668,1504,3984,1679,1430,1526,1444
2025-06-24 14:39:06.587,1482,1399,1616,1680,1457,4095,1300,1334,1534,1446
2025-06-24 14:39:06.687,1500,1350,1423,1625,1379,4095,1130,1200,1529,1441
2025-06-24 14:39:06.787,1520,1395,1154,1590,1313,3920,1104,1104,1526,1443
2025-06-24 14:39:06.887,1518,1449,1019,1605,1391,2886,1168,1231,1525,1438
2025-06-24 14:39:06.987,1520,1514,1061,1515,1470,2559,1221,1280,1523,1437
2025-06-24 14:39:07.087,1530,1576,1123,1427,1563,2498,1344,1457,1516,1431
2025-06-24 14:39:07.186,1535,1548,1219,1354,1616,2481,1402,1623,1525,1443
2025-06-24 14:39:07.286,1548,1504,1345,1406,1633,1809,1526,1721,1525,1440
2025-06-24 14:39:07.386,1555,1497,1509,1449,1600,0,1646,1681,1535,1450
2025-06-24 14:39:07.486,1543,1527,1647,1424,1617,0,1806,1825,1543,1455
2025-06-24 14:39:07.585,1495,1585,1743,1518,1654,0,1891,1802,1527,1443
2025-06-24 14:39:07.684,1455,1605,1789,1431,1659,0,1892,1389,1534,1449
2025-06-24 14:39:07.784,1440,1641,1847,1435,1472,142,1815,943,1526,1455
2025-06-24 14:39:07.884,1444,1641,1811,1425,1424,1177,1783,899,1523,1441
2025-06-24 14:39:07.984,1459,1641,1676,1488,1438,2336,1586,1133,1522,1439
2025-06-24 14:39:08.083,1483,1605,1511,1382,1437,3178,1276,1378,1516,1424
2025-06-24 14:39:08.182,1498,1596,1434,1178,1511,4066,1162,1616,1523,1436
2025-06-24 14:39:08.282,1471,1614,1404,967,1458,4095,1021,1691,1522,1443
2025-06-24 14:39:08.381,1458,1636,1218,883,1404,3955,1031,1221,1527,1450
2025-06-24 14:39:08.481,1479,1524,1077,821,1274,3005,1134,1006,1531,1456
2025-06-24 14:39:08.580,1502,1434,1105,842,1307,1905,1274,1018,1531,1447
2025-06-24 14:39:08.679,1515,1395,1155,914,1391,1121,1373,1198,1521,1434
2025-06-24 14:39:08.778,1521,1433,1275,1107,1469,949,1660,1276,1529,1441
2025-06-24 14:39:08.878,1505,1459,1459,1244,1606,962,1845,1429,1525,1440
2025-06-24 14:39:08.977,1535,1571,1579,1343,1617,657,1760,1359,1524,1440
2025-06-24 14:39:09.076,1545,1535,1635,1479,1638,179,1847,1270,1534,1451
2025-06-24 14:39:09.175,1532,1493,1664,1641,1566,0,1893,1226,1535,1441
2025-06-24 14:39:09.275,1552,1462,1714,1767,1584,0,1843,1386,1535,1447
2025-06-24 14:39:09.374,1561,1472,1698,1839,1651,0,1817,1568,1531,1456
2025-06-24 14:39:09.474,1552,1479,1670,1895,1675,0,1575,1730,1529,1456
2025-06-24 14:39:09.573,1517,1514,1613,2124,1529,426,1264,1399,1527,1442
2025-06-24 14:39:09.672,1456,1530,1611,2257,1408,588,1152,875,1521,1440
2025-06-24 14:39:09.771,1415,1568,1715,2294,1413,669,1167,524,1522,1439
2025-06-24 14:39:09.871,1408,1617,1718,2170,1472,806,1194,461,1520,1429
2025-06-24 14:39:09.975,1425,1618,1711,1988,1462,995,1367,769,1525,1429
2025-06-24 14:39:10.074,1449,1618,1650,1902,1518,1919,1462,1040,1522,1437
2025-06-24 14:39:10.173,1460,1615,1458,1872,1437,2752,1520,1264,1520,1430
2025-06-24 14:39:10.272,1447,1707,1328,1776,1405,3607,1682,1552,1523,1441
2025-06-24 14:39:10.371,1393,1648,1303,1664,1354,2925,1853,1517,1520,1439
2025-06-24 14:39:10.470,1406,1554,1296,1601,1403,2176,1829,1390,1523,1436
2025-06-24 14:39:10.569,1427,1488,1351,1530,1478,2155,1890,1569,1519,1428
2025-06-24 14:39:10.668,1451,1483,1458,1417,1484,2384,1967,1793,1520,1435
2025-06-24 14:39:10.768,1466,1505,1491,1362,1552,1922,1894,1795,1533,1447
2025-06-24 14:39:10.868,1488,1491,1505,1328,1626,752,1728,1699,1533,1438
2025-06-24 14:39:10.969,1508,1504,1509,1279,1642,0,1478,1637,1532,1441
2025-06-24 14:39:11.064,1515,1440,1479,1261,1652,0,1127,1666,1542,1450
2025-06-24 14:39:11.164,1506,1408,1401,1232,1660,313,988,1725,1527,1442
2025-06-24 14:39:11.263,1549,1408,1383,1250,1646,892,969,1820,1543,1455
2025-06-24 14:39:11.363,1561,1439,1420,1386,1549,1337,1114,1904,1534,1450
2025-06-24 14:39:11.463,1581,1487,1437,1483,1467,1919,1163,2255,1542,1447
2025-06-24 14:39:11.563,1552,1535,1455,1488,1515,2736,1281,1929,1524,1441
2025-06-24 14:39:11.663,1492,1584,1495,1501,1532,3257,1463,1319,1526,1441
2025-06-24 14:39:11.762,1450,1626,1535,1591,1527,2979,1708,946,1522,1438
2025-06-24 14:39:11.862,1425,1680,1345,1469,1476,2598,1889,957,1523,1441
2025-06-24 14:39:11.962,1431,1682,1176,1551,1422,2519,1985,1203,1518,1431
2025-06-24 14:39:12.062,1442,1653,1105,1561,1394,2490,2010,1435,1531,1445
2025-06-24 14:39:12.162,1443,1697,1152,1542,1381,2095,2026,1681,1527,1439
2025-06-24 14:39:12.262,1440,1664,1199,1535,1411,1849,1961,1904,1534,1442
2025-06-24 14:39:12.362,1389,1563,1206,1630,1472,1472,1814,1776,1541,1453
2025-06-24 14:39:12.462,1387,1482,1264,1655,1557,1521,1434,1554,1525,1438
2025-06-24 14:39:12.562,1415,1475,1471,1664,1558,1590,1069,1556,1534,1446
2025-06-24 14:39:12.662,1451,1493,1631,1549,1616,185,952,1630,1534,1451
2025-06-24 14:39:12.761,1475,1498,1664,1543,1635,0,912,1680,1520,1435
2025-06-24 14:39:12.861,1501,1566,1647,1597,1650,147,1106,1669,1530,1439
2025-06-24 14:39:12.960,1517,1500,1648,1550,1642,1153,1245,1763,1517,1433
2025-06-24 14:39:13.060,1531,1462,1872,1545,1626,1975,1232,1879,1522,1442
2025-06-24 14:39:13.160,1549,1442,2075,1488,1482,2752,1360,1938,1525,1438
2025-06-24 14:39:13.259,1555,1477,1987,1490,1339,4000,1578,1968,1520,1434
2025-06-24 14:39:13.358,1559,1503,1702,1560,1392,4095,1757,2253,1520,1431
2025-06-24 14:39:13.458,1562,1518,1427,1601,1451,3460,1835,2146,1517,1423
2025-06-24 14:39:13.558,1551,1569,1366,1571,1482,2768,1936,1473,1526,1443
2025-06-24 14:39:13.658,1486,1591,1247,1501,1429,2559,2000,862,1531,1456
2025-06-24 14:39:13.757,1437,1584,1070,1506,1418,2781,1936,823,1533,1448
2025-06-24 14:39:13.857,1405,1584,1033,1552,1335,2416,1791,1344,1535,1451
2025-06-24 14:39:13.956,1410,1564,1003,1474,1318,1728,1564,1861,1527,1441
2025-06-24 14:39:14.056,1429,1584,1090,1255,1392,1616,1265,2309,1522,1436
2025-06-24 14:39:14.156,1442,1611,1170,1077,1488,1628,1173,2643,1532,1446
2025-06-24 14:39:14.255,1441,1524,1249,981,1591,1690,1082,2640,1531,1448
2025-06-24 14:39:14.355,1385,1434,1352,971,1591,1462,1152,2227,1525,1438
2025-06-24 14:39:14.455,1387,1446,1456,1031,1570,847,1183,1942,1530,1442
2025-06-24 14:39:14.555,1422,1457,1443,1167,1552,767,1216,1653,1530,1446
2025-06-24 14:39:14.655,1455,1493,1377,1212,1603,784,1455,1441,1533,1451
2025-06-24 14:39:14.754,1501,1596,1296,1321,1613,999,1665,1508,1520,1433
2025-06-24 14:39:14.854,1495,1559,1219,1482,1661,1791,1759,1591,1533,1446
2025-06-24 14:39:14.954,1513,1504,1119,1547,1616,1434,1776,1645,1531,1445
2025-06-24 14:39:15.054,1520,1471,1142,1570,1489,0,1888,1682,1527,1457
2025-06-24 14:39:15.154,1535,1470,1291,1654,1427,0,1906,1741,1524,1442
2025-06-24 14:39:15.253,1532,1481,1347,1744,1438,0,1876,1731,1521,1436
2025-06-24 14:39:15.353,1535,1535,1445,1799,1490,0,1806,1845,1529,1441
2025-06-24 14:39:15.453,1551,1575,1374,1870,1488,0,1584,1547,1526,1443
2025-06-24 14:39:15.553,1534,1616,1222,1933,1456,542,1273,918,1525,1436
2025-06-24 14:39:15.653,1475,1677,1136,1954,1397,869,1181,608,1520,1433
2025-06-24 14:39:15.752,1427,1669,1111,1962,1418,1232,1121,815,1525,1435
2025-06-24 14:39:15.852,1398,1649,1171,1956,1364,2058,1186,1165,1522,1444
2025-06-24 14:39:15.952,1408,1643,1312,1847,1443,2779,1245,1574,1521,1439
2025-06-24 14:39:16.052,1398,1683,1389,1774,1527,3004,1328,1898,1524,1455
2025-06-24 14:39:16.152,1424,1584,1514,1749,1566,3118,1509,2107,1534,1449
2025-06-24 14:39:16.251,1424,1535,1623,1737,1568,3516,1624,2006,1535,1453
2025-06-24 14:39:16.351,1373,1463,1680,1671,1563,4095,1686,1995,1523,1440
2025-06-24 14:39:16.451,1360,1456,1758,1599,1615,4095,1802,2000,1527,1445
2025-06-24 14:39:16.551,1402,1469,1824,1424,1611,4016,1843,2183,1530,1444
2025-06-24 14:39:16.651,1426,1511,1937,1330,1602,3667,1853,2070,1520,1435
2025-06-24 14:39:16.751,1475,1569,1783,1315,1605,3248,1756,1931,1535,1454
2025-06-24 14:39:16.851,1489,1503,1531,1325,1483,2848,1787,1815,1525,1441
2025-06-24 14:39:16.951,1504,1459,1506,1300,1405,2819,1706,1627,1533,1450
2025-06-24 14:39:17.050,1518,1462,1563,1257,1453,3279,1376,1596,1534,1453
2025-06-24 14:39:17.150,1531,1450,1431,1323,1437,3939,1177,1508,1532,1444
2025-06-24 14:39:17.249,1520,1482,1173,1472,1447,3361,1010,1836,1530,1453
2025-06-24 14:39:17.349,1497,1523,979,1530,1466,1931,1088,1862,1526,1443
2025-06-24 14:39:17.448,1459,1558,938,1523,1391,1022,1184,1375,1532,1442
2025-06-24 14:39:17.547,1436,1616,973,1524,1416,1243,1410,1040,1529,1443
2025-06-24 14:39:17.646,1392,1648,1103,1565,1431,1691,1626,1078,1527,1438
2025-06-24 14:39:17.745,1359,1662,1173,1559,1474,1947,1680,1723,1525,1438
2025-06-24 14:39:17.845,1339,1659,1296,1542,1568,1891,1798,2127,1517,1431
2025-06-24 14:39:17.945,1325,1705,1505,1523,1554,1815,1901,2249,1519,1430
2025-06-24 14:39:18.044,1327,1643,1709,1570,1615,1885,1900,2317,1521,1438
2025-06-24 14:39:18.144,1331,1507,1839,1511,1653,1952,1838,2014,1531,1450
2025-06-24 14:39:18.244,1339,1456,1904,1446,1613,2037,1895,1771,1527,1441
2025-06-24 14:39:18.344,1359,1461,1915,1518,1632,1747,1825,1607,1531,1441
2025-06-24 14:39:18.443,1329,1472,1842,1584,1712,1819,1774,1328,1519,1434
2025-06-24 14:39:18.543,1365,1493,1806,1533,1722,2000,1318,973,1524,1439
2025-06-24 14:39:18.642,1387,1605,1763,1547,1506,2191,1211,707,1526,1441
2025-06-24 14:39:18.741,1354,1601,1674,1563,1403,1925,976,677,1531,1445
2025-06-24 14:39:18.840,1344,1568,1570,1546,1410,2245,1082,816,1533,1440
2025-06-24 14:39:18.940,1339,1503,1438,1579,1394,2618,1155,1059,1522,1439
2025-06-24 14:39:19.040,1341,1495,1113,1549,1362,2058,1189,1168,1532,1442
2025-06-24 14:39:19.140,1361,1507,906,1567,1424,598,1411,1219,1529,1442
2025-06-24 14:39:19.239,1392,1534,896,1563,1308,586,1618,1267,1532,1443
2025-06-24 14:39:19.338,1425,1562,987,1503,1370,832,1744,1019,1531,1443
2025-06-24 14:39:19.437,1393,1562,1096,1471,1373,784,1789,803,1533,1446
2025-06-24 14:39:19.536,1333,1575,1235,1507,1457,0,1818,724,1524,1443
2025-06-24 14:39:19.635,1254,1586,1459,1525,1552,0,1773,833,1527,1441
2025-06-24 14:39:19.734,1223,1572,1674,1439,1575,0,1841,1087,1526,1431
2025-06-24 14:39:19.833,1211,1610,1851,1499,1564,53,1823,1185,1525,1440
2025-06-24 14:39:19.932,1249,1648,1942,1513,1552,423,1713,1143,1520,1435
2025-06-24 14:39:20.035,1296,1549,1959,1530,1594,759,1343,1186,1524,1439
2025-06-24 14:39:20.134,1360,1426,1881,1519,1622,882,1214,1223,1528,1441
2025-06-24 14:39:20.233,1450,1362,1837,1515,1623,1395,1103,1169,1525,1440
2025-06-24 14:39:20.332,1546,1413,1815,1489,1600,2147,1063,1287,1527,1443
2025-06-24 14:39:20.432,1615,1450,1924,1485,1455,2935,1226,1372,1526,1443
2025-06-24 14:39:20.531,1616,1583,1907,1495,1404,4048,1392,1653,1520,1435
2025-06-24 14:39:20.631,1605,1588,1793,1549,1408,3853,1402,1713,1520,1437
2025-06-24 14:39:20.730,1584,1561,1677,1557,1430,2555,1529,1681,1525,1441
2025-06-24 14:39:20.830,1562,1467,1422,1498,1470,1979,1744,1903,1520,1434
2025-06-24 14:39:20.930,1552,1453,1088,1517,1456,2159,1763,2018,1524,1436
2025-06-24 14:39:21.031,1533,1456,961,1505,1419,2150,1838,1779,1530,1443
2025-06-24 14:39:21.126,1520,1449,944,1477,1416,1949,1823,1535,1534,1442
2025-06-24 14:39:21.226,1463,1519,1073,1491,1455,1450,1771,1256,1520,1438
2025-06-24 14:39:21.325,1409,1570,1219,1523,1499,924,1735,792,1526,1441
2025-06-24 14:39:21.425,1398,1600,1369,1520,1554,711,1729,551,1535,1452
2025-06-24 14:39:21.524,1440,1581,1546,1511,1598,883,1435,642,1526,1444
2025-06-24 14:39:21.624,1492,1594,1667,1519,1577,1285,1180,806,1526,1442
2025-06-24 14:39:21.723,1535,1614,1758,1491,1571,1679,1110,947,1531,1446
2025-06-24 14:39:21.822,1535,1655,1854,1513,1623,1968,970,1102,1525,1442
2025-06-24 14:39:21.922,1519,1566,1793,1531,1625,2179,1063,1606,1520,1437
2025-06-24 14:39:22.022,1527,1456,1789,1458,1629,1517,1286,2273,1531,1449
2025-06-24 14:39:22.122,1517,1383,1855,1520,1519,777,1438,2384,1520,1439
2025-06-24 14:39:22.222,1567,1424,1953,1535,1463,1229,1629,2257,1527,1443
2025-06-24 14:39:22.321,1599,1488,1855,1471,1424,1727,1749,1922,1525,1441
2025-06-24 14:39:22.421,1616,1547,1781,1454,1421,1229,1790,1667,1532,1447
2025-06-24 14:39:22.520,1644,1615,1523,1521,1515,942,1777,1630,1527,1441
2025-06-24 14:39:22.620,1648,1568,1210,1572,1468,1173,1847,1630,1524,1449
2025-06-24 14:39:22.720,1629,1520,1008,1499,1405,1589,1879,1549,1524,1440
2025-06-24 14:39:22.819,1614,1488,1003,1515,1383,2010,1907,1520,1526,1442
2025-06-24 14:39:22.918,1623,1486,1041,1484,1441,1777,1890,1308,1526,1443
2025-06-24 14:39:23.018,1642,1473,1084,1565,1488,1360,1546,1218,1535,1450
2025-06-24 14:39:23.118,1649,1511,1136,1603,1531,1015,1156,1659,1527,1462
2025-06-24 14:39:23.218,1655,1535,1213,1563,1598,912,1087,1838,1520,1434
2025-06-24 14:39:23.318,1648,1568,1306,1332,1591,1168,1125,1392,1533,1446
2025-06-24 14:39:23.418,1631,1616,1360,1086,1549,1751,1137,1232,1526,1446
2025-06-24 14:39:23.517,1602,1603,1356,974,1590,2397,1232,1340,1530,1441
2025-06-24 14:39:23.617,1594,1568,1507,1014,1631,3088,1391,1329,1518,1434
2025-06-24 14:39:23.717,1578,1607,1578,1053,1660,3705,1567,997,1527,1438
2025-06-24 14:39:23.816,1562,1568,1453,1137,1630,4077,1648,662,1520,1450
2025-06-24 14:39:23.915,1531,1420,1335,1216,1521,4095,1776,443,1522,1440
2025-06-24 14:39:24.015,1485,1351,1298,1329,1449,4005,1780,400,1535,1455
2025-06-24 14:39:24.114,1462,1360,1326,1437,1479,2386,1840,481,1545,1440
2025-06-24 14:39:24.214,1459,1430,1085,1493,1450,1379,1805,429,1546,1453
2025-06-24 14:39:24.314,1467,1493,869,1600,1431,1132,1811,579,1535,1455
2025-06-24 14:39:24.414,1490,1559,851,1727,1441,1213,1807,710,1522,1439
2025-06-24 14:39:24.514,1510,1547,798,1799,1390,1275,1627,909,1526,1441
2025-06-24 14:39:24.614,1530,1494,957,1826,1351,199,1401,1139,1531,1448
2025-06-24 14:39:24.713,1535,1459,1142,1825,1408,0,1130,1401,1535,1447
2025-06-24 14:39:24.813,1514,1469,1339,2039,1485,0,1104,1921,1520,1450
2025-06-24 14:39:24.912,1495,1483,1571,2355,1526,0,1104,2112,1519,1431
2025-06-24 14:39:25.012,1495,1513,1920,2416,1575,0,1201,2354,1513,1434
2025-06-24 14:39:25.112,1495,1568,2163,2145,1645,830,1355,2803,1520,1436
2025-06-24 14:39:25.212,1511,1614,2304,1846,1628,1786,1521,2710,1526,1443
2025-06-24 14:39:25.311,1522,1631,2397,1552,1618,2624,1679,2098,1530,1442
2025-06-24 14:39:25.411,1530,1614,2375,1359,1648,3437,1760,1767,1525,1441
2025-06-24 14:39:25.511,1543,1620,2275,1205,1680,4095,1830,1642,1520,1435
2025-06-24 14:39:25.611,1542,1619,2141,1139,1589,4095,1907,1697,1520,1436
2025-06-24 14:39:25.711,1555,1648,1968,1172,1465,4095,1863,1862,1520,1435
2025-06-24 14:39:25.810,1567,1534,1856,1181,1408,2752,1824,1940,1517,1439
2025-06-24 14:39:25.910,1575,1421,1530,1278,1403,1519,1786,2032,1527,1437
2025-06-24 14:39:26.010,1559,1409,1174,1328,1410,947,1435,2007,1527,1442
2025-06-24 14:39:26.109,1526,1440,1047,1408,1501,848,1177,1689,1535,1450
2025-06-24 14:39:26.209,1502,1483,1079,1461,1456,947,1073,1318,1535,1449
2025-06-24 14:39:26.308,1486,1571,1169,1455,1381,0,1041,1216,1522,1419
2025-06-24 14:39:26.408,1483,1587,1344,1505,1377,0,1092,1201,1527,1439
2025-06-24 14:39:26.508,1488,1505,1395,1603,1434,0,1114,1286,1531,1444
2025-06-24 14:39:26.608,1495,1459,1425,1598,1481,0,1232,1586,1534,1451
2025-06-24 14:39:26.708,1506,1445,1590,1562,1520,194,1485,2017,1533,1446
2025-06-24 14:39:26.807,1495,1476,1715,1577,1571,1137,1680,2109,1525,1441
2025-06-24 14:39:26.906,1482,1504,1815,1563,1617,1989,1825,1939,1520,1438
2025-06-24 14:39:27.006,1457,1581,1959,1584,1625,3024,1984,1840,1524,1427
2025-06-24 14:39:27.105,1456,1629,2081,1627,1568,3932,1954,2057,1526,1445
2025-06-24 14:39:27.205,1462,1661,2088,1618,1616,4095,1874,1805,1516,1438
2025-06-24 14:39:27.305,1473,1670,2095,1600,1597,4095,1792,1009,1515,1435
2025-06-24 14:39:27.405,1474,1663,2064,1607,1494,4095,1706,526,1534,1450
2025-06-24 14:39:27.505,1488,1613,1923,1616,1441,3807,1292,560,1523,1439
2025-06-24 14:39:27.605,1472,1662,1744,1499,1442,2509,1070,953,1513,1425
2025-06-24 14:39:27.705,1493,1654,1615,1591,1453,1758,1109,1422,1535,1445
2025-06-24 14:39:27.804,1501,1499,1233,1575,1472,1376,1008,1682,1535,1452
2025-06-24 14:39:27.904,1519,1415,976,1507,1485,1277,1101,1872,1534,1449
2025-06-24 14:39:28.003,1520,1389,912,1499,1481,706,1241,2013,1533,1445
2025-06-24 14:39:28.103,1518,1414,963,1511,1408,0,1412,1495,1529,1446
2025-06-24 14:39:28.203,1498,1483,1094,1521,1390,0,1563,1152,1526,1441
2025-06-24 14:39:28.302,1456,1582,1293,1491,1494,0,1823,1231,1523,1449
2025-06-24 14:39:28.402,1439,1556,1469,1561,1497,550,1793,1290,1525,1445
2025-06-24 14:39:28.501,1437,1485,1616,1551,1498,1555,1823,1426,1526,1444
2025-06-24 14:39:28.601,1473,1490,1703,1600,1499,2384,1950,1616,1521,1439
2025-06-24 14:39:28.700,1453,1486,1782,1568,1526,3124,2018,1843,1525,1446
2025-06-24 14:39:28.799,1468,1483,1783,1557,1616,4032,1833,2021,1528,1446
2025-06-24 14:39:28.899,1474,1523,1813,1527,1666,4095,1763,2300,1523,1445
2025-06-24 14:39:28.999,1466,1597,1714,1475,1655,4095,1380,2491,1523,1441
2025-06-24 14:39:29.098,1451,1655,1712,1439,1705,4095,1072,2693,1514,1430
2025-06-24 14:39:29.198,1455,1680,1779,1407,1636,4095,996,2205,1520,1438
2025-06-24 14:39:29.297,1456,1693,1840,1377,1479,3135,947,1579,1523,1437
2025-06-24 14:39:29.397,1466,1665,1789,1482,1335,2182,1111,1293,1527,1437
2025-06-24 14:39:29.497,1471,1686,1703,1535,1349,1521,1228,1098,1527,1438
2025-06-24 14:39:29.597,1470,1673,1631,1638,1398,1131,1424,1264,1534,1443
2025-06-24 14:39:29.697,1489,1547,1359,1637,1472,953,1512,1488,1533,1450
2025-06-24 14:39:29.796,1494,1445,1199,1529,1466,0,1702,1481,1535,1451
2025-06-24 14:39:29.896,1513,1423,1232,1488,1408,0,1806,1527,1522,1439
2025-06-24 14:39:29.996,1505,1434,1344,1495,1344,0,1815,1239,1520,1433
2025-06-24 14:39:30.100,1514,1458,1456,1490,1392,0,1886,741,1529,1445
2025-06-24 14:39:30.200,1520,1572,1632,1509,1465,240,1932,576,1522,1438
2025-06-24 14:39:30.300,1513,1547,1753,1472,1488,1261,1818,304,1524,1439
2025-06-24 14:39:30.400,1472,1472,1863,1483,1583,2177,1823,219,1545,1440
2025-06-24 14:39:30.499,1442,1424,1865,1454,1617,2917,1616,426,1521,1439
2025-06-24 14:39:30.598,1443,1450,1812,1530,1613,3728,1310,839,1520,1431
2025-06-24 14:39:30.698,1428,1488,1766,1605,1594,4095,1181,1288,1523,1443
2025-06-24 14:39:30.797,1442,1583,2002,1577,1568,4095,1071,1743,1523,1439
2025-06-24 14:39:30.897,1467,1603,2252,1551,1611,4095,1054,2327,1515,1428
2025-06-24 14:39:30.997,1465,1610,2117,1552,1521,3040,1205,3023,1519,1434
2025-06-24 14:39:31.098,1472,1641,1744,1421,1440,2032,1329,3136,1525,1438
2025-06-24 14:39:31.193,1450,1672,1555,1471,1406,1350,1439,2666,1535,1456
2025-06-24 14:39:31.293,1446,1677,1493,1482,1450,969,1568,2465,1534,1445
2025-06-24 14:39:31.393,1455,1714,1104,1419,1520,872,1716,2654,1542,1443
2025-06-24 14:39:31.493,1459,1775,797,1440,1458,540,1767,2893,1535,1447
2025-06-24 14:39:31.593,1474,1658,755,1498,1503,0,1825,3026,1543,1450
2025-06-24 14:39:31.693,1482,1463,846,1535,1425,0,1826,2976,1526,1440
2025-06-24 14:39:31.793,1488,1378,912,1520,1433,0,1866,2768,1523,1437
2025-06-24 14:39:31.892,1495,1380,1050,1488,1499,0,1945,2274,1517,1429
2025-06-24 14:39:31.992,1505,1405,1207,1520,1482,880,1708,1494,1520,1434
2025-06-24 14:39:32.092,1507,1474,1431,1501,1551,1855,1392,1391,1529,1445
2025-06-24 14:39:32.192,1500,1477,1563,1553,1501,2694,1176,1360,1529,1443
2025-06-24 14:39:32.292,1497,1391,1662,1563,1581,3509,1071,1307,1533,1448
2025-06-24 14:39:32.392,1482,1335,1639,1509,1603,4095,1123,1395,1527,1443
2025-06-24 14:39:32.492,1454,1353,1664,1488,1578,4095,1200,1488,1529,1446
2025-06-24 14:39:32.591,1422,1366,1699,1482,1575,4095,1357,1615,1527,1442
2025-06-24 14:39:32.691,1405,1425,1763,1427,1645,3600,1535,1745,1527,1439
2025-06-24 14:39:32.790,1408,1520,1782,1510,1622,2390,1667,2079,1530,1443
2025-06-24 14:39:32.890,1419,1552,1819,1549,1509,1691,1861,2609,1526,1437
2025-06-24 14:39:32.989,1427,1639,1783,1579,1453,1296,1929,2525,1529,1438
2025-06-24 14:39:33.089,1444,1683,1550,1549,1430,1066,1970,1986,1526,1449
2025-06-24 14:39:33.189,1426,1679,1194,1485,1436,999,1943,1357,1519,1428
2025-06-24 14:39:33.289,1455,1691,1118,1555,1499,0,1927,1051,1523,1440
2025-06-24 14:39:33.388,1456,1773,1084,1584,1489,0,1863,1019,1545,1453
2025-06-24 14:39:33.488,1422,1697,1159,1557,1485,0,1520,1031,1535,1445
2025-06-24 14:39:33.588,1456,1527,1191,1580,1410,0,1295,991,1532,1445
2025-06-24 14:39:33.687,1474,1449,1259,1559,1449,0,1158,987,1526,1445
2025-06-24 14:39:33.787,1473,1444,1303,1549,1477,1107,1069,772,1529,1441
2025-06-24 14:39:33.887,1474,1475,1360,1506,1546,2266,1072,0,1520,1436
2025-06-24 14:39:33.987,1476,1569,1424,1505,1574,3184,1145,0,1524,1442
2025-06-24 14:39:34.087,1478,1601,1510,1523,1591,4095,1403,96,1533,1435
2025-06-24 14:39:34.187,1491,1545,1664,1555,1586,4095,1618,429,1525,1437
2025-06-24 14:39:34.286,1504,1472,1569,1493,1557,4095,1709,716,1522,1439
2025-06-24 14:39:34.385,1517,1452,1495,1502,1563,4095,1803,1057,1525,1440
2025-06-24 14:39:34.485,1515,1440,1490,1509,1543,3164,1808,1370,1526,1441
2025-06-24 14:39:34.585,1506,1456,1487,1533,1534,2333,1917,1793,1521,1437
2025-06-24 14:39:34.685,1481,1478,1303,1565,1499,1793,1952,2178,1520,1435
2025-06-24 14:39:34.785,1456,1479,1127,1600,1403,1494,1893,2894,1520,1430
2025-06-24 14:39:34.884,1445,1552,1109,1509,1413,1450,1839,3053,1524,1438
2025-06-24 14:39:34.984,1451,1584,1135,1413,1430,1150,1534,2667,1529,1442
2025-06-24 14:39:35.084,1458,1615,1163,1353,1449,0,1254,2198,1535,1452
2025-06-24 14:39:35.184,1470,1621,1223,1328,1455,0,1099,1666,1531,1446
2025-06-24 14:39:35.284,1475,1671,1238,1314,1506,0,1020,1365,1527,1439
2025-06-24 14:39:35.384,1483,1707,1296,1331,1429,0,1071,1277,1531,1444
2025-06-24 14:39:35.484,1456,1549,1382,1371,1441,790,1264,1331,1521,1439
2025-06-24 14:39:35.584,1443,1463,1490,1472,1434,1997,1502,1401,1520,1421
2025-06-24 14:39:35.683,1456,1441,1674,1527,1463,2905,1565,1376,1520,1435
2025-06-24 14:39:35.783,1472,1489,1870,1555,1553,4066,1711,451,1523,1441
2025-06-24 14:39:35.882,1469,1533,1870,1504,1586,4095,1721,294,1530,1442
2025-06-24 14:39:35.982,1475,1623,1813,1627,1616,4095,1757,576,1527,1456
2025-06-24 14:39:36.081,1489,1587,1744,1697,1618,4095,1887,931,1523,1440
2025-06-24 14:39:36.181,1490,1504,1680,1457,1584,3789,1868,1216,1523,1437
2025-06-24 14:39:36.281,1503,1471,1625,1151,1573,3134,1818,1543,1526,1440
2025-06-24 14:39:36.381,1509,1494,1226,894,1542,2639,1894,1767,1547,1456
2025-06-24 14:39:36.481,1534,1515,896,733,1503,2000,1419,2041,1532,1445
2025-06-24 14:39:36.581,1505,1542,816,833,1472,1298,1183,2258,1534,1446
2025-06-24 14:39:36.681,1520,1582,821,933,1522,814,1069,2646,1527,1440
2025-06-24 14:39:36.781,1486,1634,896,1098,1552,0,1077,3025,1535,1445
2025-06-24 14:39:36.880,1424,1659,1051,1253,1566,0,1042,2455,1535,1445
2025-06-24 14:39:36.980,1436,1691,1232,1331,1466,0,1021,1832,1522,1433
2025-06-24 14:39:37.079,1440,1685,1417,1561,1380,0,1173,1546,1522,1438
2025-06-24 14:39:37.179,1455,1698,1603,1658,1395,0,1502,1450,1522,1439
2025-06-24 14:39:37.278,1459,1751,1703,1655,1394,1083,1662,1579,1520,1432
2025-06-24 14:39:37.378,1475,1622,1698,1761,1438,2326,1819,1648,1520,1436
2025-06-24 14:39:37.478,1467,1471,1771,1790,1468,3433,1878,1655,1531,1449
2025-06-24 14:39:37.578,1441,1368,1661,1763,1543,4095,1954,1487,1523,1437
2025-06-24 14:39:37.678,1435,1342,1394,1749,1550,4095,1909,1018,1520,1438
2025-06-24 14:39:37.778,1455,1424,1364,1770,1587,4095,1911,558,1520,1433
2025-06-24 14:39:37.877,1471,1546,1483,1881,1575,4095,1867,667,1520,1436
2025-06-24 14:39:37.977,1473,1505,1366,1820,1500,2559,1274,747,1534,1444
2025-06-24 14:39:38.077,1472,1459,1298,2004,1616,1713,1157,991,1527,1447
2025-06-24 14:39:38.177,1503,1455,1251,2158,1619,1370,1164,1200,1525,1441
2025-06-24 14:39:38.277,1509,1408,1072,2130,1487,1082,932,1327,1525,1440
2025-06-24 14:39:38.376,1507,1473,1106,2139,1435,1104,1124,1597,1529,1453
2025-06-24 14:39:38.476,1518,1535,1166,1906,1471,1279,1290,1814,1535,1451
2025-06-24 14:39:38.576,1519,1517,1143,1506,1414,0,1251,1851,1535,1450
2025-06-24 14:39:38.675,1511,1584,1392,1450,1498,0,1483,2331,1520,1435
2025-06-24 14:39:38.774,1520,1649,1602,1458,1535,0,1786,2442,1533,1449
2025-06-24 14:39:38.874,1494,1630,1603,1294,1452,0,1677,1777,1540,1447
2025-06-24 14:39:38.974,1442,1680,1843,1370,1456,529,1933,1251,1529,1455
2025-06-24 14:39:39.073,1445,1696,2112,1353,1456,1639,2159,1090,1530,1442
2025-06-24 14:39:39.173,1425,1749,2334,1331,1457,2618,2107,1196,1520,1441
2025-06-24 14:39:39.273,1442,1606,2111,1314,1486,3435,1841,1363,1525,1437
2025-06-24 14:39:39.372,1458,1470,1902,1427,1558,4095,1789,1569,1517,1430
2025-06-24 14:39:39.472,1472,1419,1699,1457,1600,4095,1557,1648,1519,1433
2025-06-24 14:39:39.571,1466,1413,1485,1524,1613,4095,1216,1653,1520,1441
2025-06-24 14:39:39.671,1433,1437,1181,1451,1584,3411,954,1013,1532,1444
2025-06-24 14:39:39.770,1426,1484,947,1374,1559,2129,898,416,1530,1446
2025-06-24 14:39:39.870,1461,1610,962,1511,1648,1558,1014,420,1534,1445
2025-06-24 14:39:39.970,1459,1527,969,1472,1637,1200,1169,496,1527,1442
2025-06-24 14:39:40.070,1473,1435,1037,1492,1534,1007,1333,651,1521,1439
2025-06-24 14:39:40.174,1478,1378,1216,1426,1377,982,1443,877,1524,1443
2025-06-24 14:39:40.274,1499,1485,1590,1619,1398,941,1775,1146,1521,1438
2025-06-24 14:39:40.373,1508,1472,1771,1661,1471,0,1930,1309,1525,1444
2025-06-24 14:39:40.472,1530,1514,1758,1584,1521,0,2030,1557,1531,1446
2025-06-24 14:39:40.571,1520,1489,1653,1443,1472,0,1769,1701,1541,1451
2025-06-24 14:39:40.670,1523,1583,1947,1616,1450,0,1953,2253,1535,1447
2025-06-24 14:39:40.769,1531,1633,2194,1517,1426,944,1881,2205,1533,1447
2025-06-24 14:39:40.869,1520,1650,2459,1328,1419,2059,1843,1688,1530,1441
2025-06-24 14:39:40.969,1460,1565,2207,1010,1354,2992,1449,1104,1521,1438
2025-06-24 14:39:41.069,1447,1685,2158,1060,1551,4095,1322,1043,1521,1436
2025-06-24 14:39:41.170,1427,1747,1904,1042,1590,4095,1267,1223,1522,1452
2025-06-24 14:39:41.265,1443,1646,1643,1072,1575,4095,1136,1379,1532,1454
2025-06-24 14:39:41.365,1453,1455,1180,947,1526,4095,912,1386,1533,1450
2025-06-24 14:39:41.464,1464,1433,1066,1110,1616,3093,1110,1525,1533,1431
2025-06-24 14:39:41.564,1478,1462,951,1284,1642,2182,1334,1552,1522,1436
2025-06-24 14:39:41.664,1475,1489,932,1414,1664,1600,1401,883,1519,1427
2025-06-24 14:39:41.764,1444,1578,1021,1489,1584,1365,1443,507,1519,1429
2025-06-24 14:39:41.863,1424,1493,1142,1519,1421,1330,1531,518,1526,1446
2025-06-24 14:39:41.962,1454,1359,1207,1478,1262,1355,1534,652,1523,1437
2025-06-24 14:39:42.061,1474,1367,1564,1733,1405,127,1812,989,1520,1435
2025-06-24 14:39:42.161,1497,1372,1731,1803,1501,0,1853,1328,1520,1439
2025-06-24 14:39:42.261,1490,1395,1806,1827,1474,0,1797,1588,1527,1446
2025-06-24 14:39:42.361,1501,1440,1863,1905,1427,0,1839,1840,1526,1442
2025-06-24 14:39:42.461,1515,1444,1882,1904,1393,770,1737,2014,1526,1442
2025-06-24 14:39:42.560,1520,1486,1917,1918,1319,1826,1360,2405,1525,1441
2025-06-24 14:39:42.660,1523,1561,1965,2071,1393,2837,1242,2531,1520,1438
2025-06-24 14:39:42.760,1525,1601,1968,1984,1490,4032,1102,2065,1526,1437
2025-06-24 14:39:42.860,1511,1634,2064,1953,1522,4095,1054,1623,1523,1438
2025-06-24 14:39:42.959,1502,1630,1889,1919,1559,4095,1132,1296,1527,1440
2025-06-24 14:39:43.058,1458,1674,1344,1595,1552,4095,1088,1115,1524,1439
2025-06-24 14:39:43.158,1436,1694,1008,1518,1621,3920,1331,1223,1541,1451
2025-06-24 14:39:43.257,1427,1575,886,1461,1603,2423,1619,1332,1532,1447
2025-06-24 14:39:43.356,1440,1487,845,1397,1630,1600,1760,1360,1535,1449
2025-06-24 14:39:43.455,1449,1485,913,1329,1676,1193,1771,1361,1535,1453
2025-06-24 14:39:43.555,1458,1504,983,1359,1584,1104,1839,881,1541,1451
2025-06-24 14:39:43.655,1471,1575,1011,1381,1477,1287,1941,623,1542,1450
2025-06-24 14:39:43.755,1471,1623,1202,1408,1394,978,1968,775,1523,1441
2025-06-24 14:39:43.855,1442,1535,1488,1462,1410,0,1894,953,1525,1456
2025-06-24 14:39:43.954,1443,1482,1653,1472,1471,0,1840,1130,1527,1439
2025-06-24 14:39:44.054,1453,1453,1757,1492,1562,0,1458,1388,1521,1433
2025-06-24 14:39:44.154,1471,1466,1789,1554,1581,391,1249,1647,1521,1439
2025-06-24 14:39:44.254,1466,1498,1750,1518,1472,1316,1133,1858,1508,1424
2025-06-24 14:39:44.354,1501,1552,1579,1551,1413,2309,1088,2265,1531,1447
2025-06-24 14:39:44.453,1510,1572,1482,1506,1456,3280,1119,2992,1531,1447
2025-06-24 14:39:44.553,1519,1584,1638,1520,1502,4095,1178,3451,1523,1438
2025-06-24 14:39:44.653,1523,1645,1615,1535,1521,4095,1365,3245,1527,1450
2025-06-24 14:39:44.753,1530,1641,1472,1547,1503,4095,1659,2285,1527,1442
2025-06-24 14:39:44.853,1523,1648,1424,1546,1545,4095,1809,1873,1533,1447
2025-06-24 14:39:44.953,1535,1637,1248,1552,1591,2864,1843,1317,1529,1439
2025-06-24 14:39:45.053,1501,1691,1079,1587,1605,1494,1874,0,1525,1435
2025-06-24 14:39:45.153,1463,1587,965,1569,1584,802,1917,0,1535,1445
2025-06-24 14:39:45.252,1435,1453,918,1574,1590,595,1898,0,1526,1437
2025-06-24 14:39:45.352,1429,1399,989,1472,1549,650,1925,0,1525,1437
2025-06-24 14:39:45.452,1427,1382,1118,1205,1442,561,1872,0,1523,1435
2025-06-24 14:39:45.552,1450,1353,1264,1034,1401,0,1710,0,1523,1433
2025-06-24 14:39:45.651,1455,1443,1439,947,1433,0,1297,0,1520,1435
2025-06-24 14:39:45.751,1468,1487,1652,902,1454,0,1153,0,1522,1441
2025-06-24 14:39:45.851,1471,1437,1793,996,1477,0,1085,227,1533,1445
2025-06-24 14:39:45.950,1456,1383,1809,1088,1497,304,1104,925,1525,1443
2025-06-24 14:39:46.049,1449,1408,1748,1216,1435,1183,1211,1813,1533,1450
2025-06-24 14:39:46.149,1467,1456,1661,1383,1360,2009,1329,2627,1523,1445
2025-06-24 14:39:46.248,1472,1503,1663,1494,1378,2741,1459,3242,1520,1435
2025-06-24 14:39:46.348,1481,1568,1776,1643,1427,3334,1622,4095,1526,1444
2025-06-24 14:39:46.448,1488,1610,1936,1750,1505,4095,1742,4095,1522,1440
2025-06-24 14:39:46.548,1499,1661,1857,1782,1555,4095,1840,4095,1525,1439
2025-06-24 14:39:46.648,1511,1712,1726,1798,1533,2887,1869,4095,1522,1437
2025-06-24 14:39:46.748,1515,1716,1488,1867,1520,1428,1788,4095,1525,1440
2025-06-24 14:39:46.848,1523,1658,1179,1991,1574,709,1675,3389,1525,1438
2025-06-24 14:39:46.947,1526,1703,1011,1946,1594,663,1714,3014,1535,1446
2025-06-24 14:39:47.047,1527,1680,966,1947,1677,892,1493,2991,1546,1455
2025-06-24 14:39:47.147,1503,1551,988,1891,1663,1117,1268,2877,1526,1440
2025-06-24 14:39:47.247,1457,1462,1148,1845,1520,0,1183,2690,1531,1443
2025-06-24 14:39:47.347,1439,1439,1347,1806,1430,0,1101,2576,1535,1447
2025-06-24 14:39:47.446,1435,1481,1471,1795,1440,0,1136,1626,1535,1447
2025-06-24 14:39:47.546,1437,1502,1633,1770,1463,0,1113,848,1535,1450
2025-06-24 14:39:47.646,1454,1567,1743,1666,1494,324,1232,656,1525,1439
2025-06-24 14:39:47.746,1462,1527,1847,1543,1507,1433,1404,590,1525,1441
2025-06-24 14:39:47.846,1478,1468,2243,1456,1437,2566,1633,617,1518,1430
2025-06-24 14:39:47.945,1457,1436,2959,1342,1401,4042,1765,682,1516,1441
2025-06-24 14:39:48.044,1447,1427,3237,1366,1414,4095,1819,835,1517,1433
2025-06-24 14:39:48.144,1455,1475,2649,1397,1482,4095,1943,1275,1522,1441
2025-06-24 14:39:48.243,1479,1520,1821,1446,1491,4095,1937,1882,1513,1431
2025-06-24 14:39:48.343,1486,1554,1130,1409,1505,4095,1815,2644,1523,1430
2025-06-24 14:39:48.443,1487,1603,576,1385,1574,3020,1815,3565,1534,1445
2025-06-24 14:39:48.543,1482,1626,42,1481,1587,1828,1634,3107,1547,1453
2025-06-24 14:39:48.642,1506,1665,0,1553,1571,1205,1174,2327,1533,1455
2025-06-24 14:39:48.742,1505,1648,0,1591,1616,967,1013,1876,1542,1452
2025-06-24 14:39:48.842,1519,1603,0,1551,1663,835,925,1730,1534,1445
2025-06-24 14:39:48.942,1520,1664,0,1506,1609,0,1019,1713,1520,1434
2025-06-24 14:39:49.042,1529,1595,0,1488,1456,0,1089,1594,1514,1426
2025-06-24 14:39:49.142,1527,1478,129,1501,1402,0,1193,1707,1523,1439
2025-06-24 14:39:49.242,1487,1450,843,1526,1424,0,1370,1839,1531,1443
2025-06-24 14:39:49.342,1441,1486,1582,1511,1478,309,1584,682,1535,1451
2025-06-24 14:39:49.441,1430,1488,2128,1508,1499,1631,1664,0,1532,1447
2025-06-24 14:39:49.541,1424,1555,2446,1555,1489,2995,1787,0,1525,1441
2025-06-24 14:39:49.641,1450,1584,2671,1505,1435,4095,1851,246,1520,1439
2025-06-24 14:39:49.741,1461,1518,2827,1467,1392,4095,1937,657,1516,1431
2025-06-24 14:39:49.841,1446,1477,3056,1518,1417,4095,1920,1056,1515,1431
2025-06-24 14:39:49.941,1460,1481,3260,1584,1456,4095,1879,1584,1533,1450
2025-06-24 14:39:50.041,1449,1503,3116,1519,1468,4095,1712,2192,1546,1456
2025-06-24 14:39:50.141,1453,1509,2927,1485,1520,3527,1193,2689,1535,1450
2025-06-24 14:39:50.244,1461,1535,2625,1350,1547,2253,1034,3254,1530,1444
2025-06-24 14:39:50.344,1465,1570,1937,1131,1564,1453,960,2961,1543,1453
2025-06-24 14:39:50.444,1488,1616,1168,959,1589,1018,950,2105,1531,1442
2025-06-24 14:39:50.543,1498,1637,819,850,1584,317,1083,1413,1531,1442
2025-06-24 14:39:50.643,1505,1627,1003,918,1643,0,1249,1072,1535,1447
2025-06-24 14:39:50.742,1514,1591,1216,989,1633,0,1418,1103,1523,1439
2025-06-24 14:39:50.842,1505,1614,1280,1134,1527,0,1584,1387,1520,1435
2025-06-24 14:39:50.942,1519,1635,1279,1290,1424,0,1819,1693,1520,1430
2025-06-24 14:39:51.042,1526,1513,1071,1383,1424,656,1867,1856,1518,1429
2025-06-24 14:39:51.142,1523,1429,697,1530,1461,1981,2019,1781,1523,1440
2025-06-24 14:39:51.243,1495,1435,343,1627,1489,3398,2033,1345,1514,1434
2025-06-24 14:39:51.338,1438,1505,196,1719,1465,4095,1965,1174,1527,1442
2025-06-24 14:39:51.438,1432,1504,151,1785,1462,4095,1906,1179,1520,1434
2025-06-24 14:39:51.537,1423,1599,353,1802,1417,4095,1874,1300,1527,1440
2025-06-24 14:39:51.637,1436,1547,627,1883,1456,4095,1442,1385,1520,1440
2025-06-24 14:39:51.736,1456,1516,869,1911,1483,4095,1099,1447,1532,1445
2025-06-24 14:39:51.835,1459,1495,962,1920,1518,2545,1008,1567,1532,1455
2025-06-24 14:39:51.935,1475,1501,1047,1984,1520,1664,1057,1712,1529,1444
2025-06-24 14:39:52.034,1456,1494,1216,1935,1491,1168,1213,1875,1533,1444
2025-06-24 14:39:52.134,1443,1511,1607,1895,1483,879,1327,2065,1542,1453
2025-06-24 14:39:52.234,1458,1556,1957,1810,1523,0,1470,2067,1522,1443
2025-06-24 14:39:52.333,1459,1616,2372,1849,1557,0,1547,1819,1520,1433
2025-06-24 14:39:52.433,1488,1627,2620,1808,1577,0,1667,1490,1522,1437
2025-06-24 14:39:52.532,1492,1649,3055,1660,1643,0,1751,1281,1526,1441
2025-06-24 14:39:52.632,1505,1653,3577,1527,1579,48,1840,1316,1533,1451
2025-06-24 14:39:52.731,1513,1603,4095,1429,1497,1123,1934,1413,1522,1435
2025-06-24 14:39:52.831,1518,1684,4095,1351,1425,2257,1902,1323,1520,1431
2025-06-24 14:39:52.931,1524,1635,4095,1360,1445,3352,1901,1302,1521,1442
2025-06-24 14:39:53.030,1520,1506,4048,1367,1468,4095,1872,1171,1527,1441
2025-06-24 14:39:53.130,1520,1467,3651,1446,1499,4095,1520,789,1523,1441
2025-06-24 14:39:53.230,1556,1451,3751,1545,1504,4095,1111,749,1534,1447
2025-06-24 14:39:53.329,1489,1443,3822,1530,1413,4095,959,822,1523,1440
2025-06-24 14:39:53.428,1454,1474,3485,1495,1394,2861,977,999,1521,1437
2025-06-24 14:39:53.527,1424,1510,2937,1475,1423,1490,1040,1177,1520,1433
2025-06-24 14:39:53.627,1414,1486,2148,1481,1463,637,1264,1247,1521,1438
2025-06-24 14:39:53.726,1419,1454,1358,1505,1502,207,1454,1443,1546,1455
2025-06-24 14:39:53.825,1443,1406,837,1483,1520,116,1522,1598,1535,1445
2025-06-24 14:39:53.924,1457,1434,701,1505,1515,0,1552,1822,1535,1456
2025-06-24 14:39:54.023,1466,1479,640,1506,1579,0,1741,2053,1525,1440
2025-06-24 14:39:54.123,1440,1505,707,1495,1601,0,1808,2752,1521,1435
2025-06-24 14:39:54.223,1438,1552,942,1441,1609,0,1872,2759,1524,1441
2025-06-24 14:39:54.323,1433,1610,1253,1486,1690,346,1841,2292,1520,1435
2025-06-24 14:39:54.423,1437,1625,1463,1473,1662,1333,1794,1738,1519,1431
2025-06-24 14:39:54.523,1482,1659,1494,1535,1533,2288,1799,1591,1534,1449
2025-06-24 14:39:54.623,1494,1644,1529,1552,1416,3197,1699,1639,1522,1435
2025-06-24 14:39:54.723,1502,1648,1640,1520,1438,4095,1410,1682,1519,1429
2025-06-24 14:39:54.823,1503,1642,1685,1565,1456,4095,1235,1753,1515,1429
2025-06-24 14:39:54.923,1508,1531,1687,1579,1499,4095,1202,1655,1527,1443
2025-06-24 14:39:55.022,1507,1447,1692,1524,1477,3795,1200,1124,1528,1438
2025-06-24 14:39:55.122,1511,1415,1808,1505,1423,2298,1151,0,1532,1442
2025-06-24 14:39:55.222,1518,1425,1808,1522,1418,1349,1349,0,1534,1450
2025-06-24 14:39:55.322,1503,1467,1665,1521,1392,995,1484,59,1530,1445
2025-06-24 14:39:55.421,1472,1565,1446,1483,1463,969,1559,349,1531,1443
2025-06-24 14:39:55.520,1428,1511,1174,1445,1547,863,1630,589,1533,1456
2025-06-24 14:39:55.620,1414,1488,896,1287,1552,0,1765,875,1535,1451
2025-06-24 14:39:55.720,1419,1478,746,1060,1613,0,1906,1206,1535,1449
2025-06-24 14:39:55.820,1425,1458,819,1031,1613,0,1870,1616,1530,1444
2025-06-24 14:39:55.920,1453,1485,1006,991,1604,0,1824,2078,1531,1445
2025-06-24 14:39:56.019,1475,1527,1175,1075,1583,394,1791,2781,1521,1439
2025-06-24 14:39:56.119,1457,1535,1306,1088,1615,1290,1754,2902,1521,1441
2025-06-24 14:39:56.219,1452,1614,1457,1196,1584,2217,1450,2352,1520,1434
2025-06-24 14:39:56.319,1461,1650,1576,1344,1452,3005,1271,1849,1519,1442
2025-06-24 14:39:56.419,1467,1674,1712,1454,1351,3417,1102,1489,1522,1439
2025-06-24 14:39:56.519,1485,1671,1776,1603,1419,3472,1074,1435,1520,1434
2025-06-24 14:39:56.619,1493,1606,1751,1619,1466,3574,1150,1456,1524,1443
2025-06-24 14:39:56.719,1501,1646,1728,1680,1475,2907,1264,1454,1526,1441
2025-06-24 14:39:56.819,1510,1584,1680,1781,1457,1457,1434,1616,1522,1438
2025-06-24 14:39:56.919,1512,1469,1686,1846,1424,442,1629,1625,1531,1449
2025-06-24 14:39:57.019,1520,1402,1657,1924,1414,89,1798,758,1528,1441
2025-06-24 14:39:57.119,1520,1392,1648,1966,1445,178,1875,463,1521,1438
2025-06-24 14:39:57.219,1515,1438,1584,1945,1489,90,1865,431,1521,1438
2025-06-24 14:39:57.319,1516,1472,1415,1904,1521,0,1903,618,1527,1441
2025-06-24 14:39:57.419,1501,1517,1126,1823,1561,0,1939,930,1526,1460
2025-06-24 14:39:57.518,1466,1484,944,1735,1555,0,1878,1201,1534,1449
2025-06-24 14:39:57.618,1437,1452,787,1707,1550,355,1863,1467,1533,1447
2025-06-24 14:39:57.718,1424,1459,703,1681,1522,1375,1525,1659,1550,1456
2025-06-24 14:39:57.818,1431,1458,735,1601,1569,2096,1168,1898,1535,1454
2025-06-24 14:39:57.918,1455,1502,859,1485,1650,2576,1030,2510,1520,1437
2025-06-24 14:39:58.017,1465,1533,1062,1408,1611,3099,1030,2832,1520,1440
2025-06-24 14:39:58.117,1476,1568,1262,1375,1502,3717,1114,2397,1519,1434
2025-06-24 14:39:58.217,1456,1616,1430,1359,1397,4095,1246,1865,1522,1437
2025-06-24 14:39:58.317,1442,1641,1520,1397,1374,4095,1369,1534,1524,1442
2025-06-24 14:39:58.417,1456,1681,1559,1461,1426,3147,1541,1562,1526,1430
2025-06-24 14:39:58.516,1478,1664,1522,1552,1522,1465,1743,1597,1526,1443
2025-06-24 14:39:58.616,1489,1639,1519,1595,1455,634,1824,1526,1520,1433
2025-06-24 14:39:58.716,1495,1648,1551,1626,1415,673,1916,1334,1525,1440
2025-06-24 14:39:58.816,1511,1546,1648,1667,1406,675,1964,1072,1531,1443
2025-06-24 14:39:58.916,1520,1451,1801,1653,1450,213,2011,530,1524,1444
2025-06-24 14:39:59.017,1521,1431,1840,1586,1527,0,1907,592,1520,1431
2025-06-24 14:39:59.117,1520,1456,1707,1494,1550,0,1811,834,1529,1441
2025-06-24 14:39:59.217,1520,1503,1495,1499,1584,0,1557,1039,1527,1440
2025-06-24 14:39:59.316,1526,1553,1341,1488,1600,651,1168,1182,1535,1450
2025-06-24 14:39:59.416,1520,1530,1285,1532,1616,1827,990,1315,1526,1445
2025-06-24 14:39:59.516,1488,1472,1286,1581,1594,2756,989,1472,1527,1441
2025-06-24 14:39:59.616,1456,1424,1304,1535,1583,3317,1035,1637,1535,1449
2025-06-24 14:39:59.716,1441,1417,1367,1490,1561,3728,1172,1833,1531,1445
2025-06-24 14:39:59.816,1451,1443,1472,1445,1511,3061,1305,2274,1521,1436
2025-06-24 14:39:59.916,1421,1493,1585,1467,1408,2653,1401,2589,1510,1425
2025-06-24 14:40:00.015,1468,1570,1719,1525,1411,3182,1491,2384,1543,1454
2025-06-24 14:40:00.121,1481,1584,1841,1563,1472,2110,1713,1863,1527,1442
2025-06-24 14:40:00.215,1469,1616,1918,1515,1476,1104,1799,1467,1530,1439
2025-06-24 14:40:00.319,1442,1646,1979,1518,1457,866,1897,1283,1531,1447
2025-06-24 14:40:00.418,1442,1645,2059,1507,1482,1095,1938,1290,1520,1435
2025-06-24 14:40:00.518,1467,1600,1967,1497,1488,1088,1961,1366,1509,1424
2025-06-24 14:40:00.617,1472,1643,1763,1491,1421,225,1856,1569,1520,1435
2025-06-24 14:40:00.716,1483,1646,1535,1498,1429,112,1744,1568,1535,1450
2025-06-24 14:40:00.816,1494,1535,1139,1523,1488,556,1342,717,1542,1453
2025-06-24 14:40:00.915,1507,1461,985,1520,1508,1211,1073,469,1535,1445
2025-06-24 14:40:01.014,1529,1451,982,1546,1552,1969,981,602,1521,1444
2025-06-24 14:40:01.114,1519,1477,1060,1497,1625,2633,933,843,1531,1443
2025-06-24 14:40:01.214,1519,1509,1215,1509,1588,3013,1131,1072,1523,1439
2025-06-24 14:40:01.315,1520,1543,1422,1462,1606,2749,1210,1178,1520,1433
2025-06-24 14:40:01.410,1527,1495,1727,1485,1601,2283,1429,1418,1531,1447
2025-06-24 14:40:01.510,1519,1424,1919,1550,1584,2299,1661,1694,1522,1437
2025-06-24 14:40:01.609,1477,1415,2032,1546,1600,2970,1895,1947,1522,1435
2025-06-24 14:40:01.709,1449,1418,2074,1529,1461,3251,1920,2435,1519,1435
2025-06-24 14:40:01.808,1434,1456,2075,1497,1360,1903,1955,3086,1535,1449
2025-06-24 14:40:01.908,1429,1519,1900,1453,1431,817,1909,2691,1543,1456
2025-06-24 14:40:02.008,1441,1587,1658,1520,1535,675,1936,2035,1545,1451
2025-06-24 14:40:02.107,1458,1586,1477,1225,1503,621,1911,1489,1531,1445
2025-06-24 14:40:02.207,1466,1577,1367,1038,1520,464,1861,1310,1525,1439
2025-06-24 14:40:02.307,1450,1612,1106,951,1462,0,1379,1282,1531,1445
2025-06-24 14:40:02.407,1438,1602,934,905,1483,67,1068,1330,1535,1447
2025-06-24 14:40:02.507,1447,1616,995,1008,1485,688,897,1226,1529,1443
2025-06-24 14:40:02.607,1475,1680,1118,1163,1472,1461,958,1251,1525,1429
2025-06-24 14:40:02.707,1488,1605,1278,1233,1503,2275,1053,655,1509,1423
2025-06-24 14:40:02.806,1503,1499,1393,1325,1497,2711,1081,494,1521,1435
2025-06-24 14:40:02.906,1517,1483,1552,1437,1598,2706,1171,681,1521,1438
2025-06-24 14:40:03.005,1520,1510,1678,1517,1558,2771,1430,831,1541,1456
2025-06-24 14:40:03.105,1520,1518,1779,1591,1531,2959,1717,935,1531,1447
2025-06-24 14:40:03.205,1520,1557,1793,1678,1563,3205,1840,1011,1520,1439
2025-06-24 14:40:03.305,1520,1571,1842,1742,1573,4095,1811,1041,1519,1435
2025-06-24 14:40:03.405,1523,1518,1845,1865,1632,3589,1853,1191,1519,1436
2025-06-24 14:40:03.505,1517,1510,1777,1886,1552,1792,1856,1526,1527,1442
2025-06-24 14:40:03.604,1475,1548,1744,1924,1429,634,1850,1872,1531,1451
2025-06-24 14:40:03.704,1435,1575,1654,1939,1467,527,1819,2707,1535,1449
2025-06-24 14:40:03.803,1414,1565,1519,1845,1450,950,1504,2720,1533,1445
2025-06-24 14:40:03.903,1422,1596,1311,1829,1456,1122,1103,2223,1521,1425
2025-06-24 14:40:04.002,1433,1589,1149,1898,1443,368,1072,1741,1521,1434
2025-06-24 14:40:04.102,1445,1593,1141,1849,1466,159,1061,1518,1548,1456
2025-06-24 14:40:04.202,1456,1625,1194,1634,1442,192,1060,1550,1535,1451
2025-06-24 14:40:04.302,1440,1654,1234,1443,1386,443,1173,1455,1542,1450
2025-06-24 14:40:04.402,1442,1600,1306,1367,1425,927,1431,1329,1531,1443
2025-06-24 14:40:04.502,1446,1599,1426,1348,1543,1484,1586,1152,1519,1437
2025-06-24 14:40:04.602,1472,1584,1500,1351,1531,2105,1648,279,1520,1435
2025-06-24 14:40:04.702,1487,1506,1567,1383,1567,2801,1767,0,1520,1439
2025-06-24 14:40:04.801,1494,1431,1606,1443,1544,3423,1859,0,1521,1438
2025-06-24 14:40:04.901,1507,1435,1664,1474,1554,3962,1815,0,1520,1435
2025-06-24 14:40:04.999,1517,1485,1712,1468,1584,4095,1872,262,1530,1440
2025-06-24 14:40:05.100,1520,1475,1695,1466,1594,3037,1877,625,1532,1440
2025-06-24 14:40:05.200,1515,1501,1625,1551,1653,1382,1859,939,1520,1434
2025-06-24 14:40:05.300,1515,1462,1508,1531,1572,492,1849,1328,1535,1451
2025-06-24 14:40:05.399,1510,1394,1418,1535,1475,482,1420,1758,1525,1435
2025-06-24 14:40:05.498,1523,1409,1360,1504,1441,859,1200,2337,1534,1451
2025-06-24 14:40:05.597,1487,1427,1196,1545,1441,543,1092,3321,1534,1443
2025-06-24 14:40:05.696,1455,1455,1061,1546,1485,0,1065,3503,1520,1433
2025-06-24 14:40:05.796,1423,1465,1069,1443,1510,0,1141,2870,1522,1438
2025-06-24 14:40:05.895,1419,1535,1067,1542,1517,0,1257,2507,1525,1441
2025-06-24 14:40:05.995,1421,1597,1100,1525,1488,247,1409,2205,1531,1447
2025-06-24 14:40:06.095,1443,1667,1159,1503,1409,1283,1515,2005,1531,1445
2025-06-24 14:40:06.195,1459,1711,1270,1614,1426,2227,1664,1854,1520,1439
2025-06-24 14:40:06.294,1433,1737,1363,1603,1489,3105,1833,1761,1518,1434
2025-06-24 14:40:06.394,1424,1703,1530,1550,1493,4095,1968,1712,1530,1439
2025-06-24 14:40:06.494,1438,1712,1625,1531,1545,4095,1958,1298,1531,1446
2025-06-24 14:40:06.593,1465,1658,1690,1472,1523,4095,1930,445,1533,1440
2025-06-24 14:40:06.692,1481,1552,1650,1485,1501,4095,1853,377,1527,1441
2025-06-24 14:40:06.792,1488,1494,1648,1503,1493,3111,1850,583,1530,1443
2025-06-24 14:40:06.891,1503,1511,1616,1499,1552,1418,1378,889,1535,1449
2025-06-24 14:40:06.991,1515,1494,1599,1488,1567,461,1090,1094,1535,1444
2025-06-24 14:40:07.090,1527,1523,1676,1552,1634,330,1015,1460,1526,1439
2025-06-24 14:40:07.190,1535,1568,1664,1659,1543,624,1023,1838,1527,1449
2025-06-24 14:40:07.290,1530,1495,1486,1600,1453,419,1088,2160,1520,1435
2025-06-24 14:40:07.390,1535,1467,1360,1595,1451,0,1246,2223,1522,1439
2025-06-24 14:40:07.490,1527,1437,1188,1598,1472,0,1425,2657,1523,1439
2025-06-24 14:40:07.590,1497,1444,1201,1575,1493,0,1603,2716,1521,1435
2025-06-24 14:40:07.689,1463,1463,1232,1502,1521,222,1693,2110,1518,1446
2025-06-24 14:40:07.788,1438,1493,1269,1486,1520,1202,1791,1590,1520,1436
2025-06-24 14:40:07.887,1424,1561,1243,1472,1428,2123,1744,1310,1527,1443
2025-06-24 14:40:07.987,1430,1609,1358,1475,1421,2987,1837,1261,1546,1456
2025-06-24 14:40:08.087,1442,1616,1501,1461,1409,3953,1829,1363,1535,1449
2025-06-24 14:40:08.187,1459,1627,1607,1435,1489,4095,1845,1444,1523,1440
2025-06-24 14:40:08.286,1474,1600,1650,1456,1554,4095,1863,1565,1520,1437
2025-06-24 14:40:08.386,1437,1579,1645,1492,1550,4095,1520,1475,1519,1433
2025-06-24 14:40:08.485,1425,1671,1587,1523,1574,4016,1094,779,1529,1442
2025-06-24 14:40:08.584,1437,1600,1584,1574,1585,2192,998,764,1529,1439
2025-06-24 14:40:08.683,1456,1487,1556,1504,1613,1030,989,1014,1531,1442
2025-06-24 14:40:08.783,1475,1450,1532,1518,1653,723,1055,1410,1535,1450
2025-06-24 14:40:08.882,1488,1479,1583,1504,1647,850,1106,1702,1534,1446
2025-06-24 14:40:08.981,1490,1513,1623,1472,1565,933,1281,1876,1526,1439
2025-06-24 14:40:09.081,1525,1535,1552,1428,1443,0,1406,1901,1521,1438
2025-06-24 14:40:09.181,1515,1535,1422,1408,1339,0,1547,2011,1532,1434
2025-06-24 14:40:09.280,1522,1520,1391,1554,1418,0,1915,2175,1523,1439
2025-06-24 14:40:09.379,1521,1456,1196,1439,1411,134,1823,2314,1529,1449
2025-06-24 14:40:09.479,1533,1429,1059,1437,1483,848,1808,2233,1526,1434
2025-06-24 14:40:09.579,1526,1508,1181,1562,1561,1742,2083,1905,1524,1441
2025-06-24 14:40:09.679,1491,1514,1171,1515,1408,2337,1936,1552,1523,1442
2025-06-24 14:40:09.779,1456,1531,1323,1477,1344,2850,1956,1366,1520,1434
2025-06-24 14:40:09.878,1439,1627,1495,1595,1446,3343,1858,1389,1520,1430
2025-06-24 14:40:09.978,1459,1683,1566,1575,1472,3398,1389,1473,1527,1442
2025-06-24 14:40:10.077,1450,1725,1600,1519,1510,3550,1227,1627,1521,1438
2025-06-24 14:40:10.177,1461,1762,1675,1618,1559,4095,1251,1701,1531,1449
2025-06-24 14:40:10.277,1471,1702,1581,1565,1587,2591,1181,1377,1522,1439
2025-06-24 14:40:10.381,1466,1692,1541,1535,1602,1059,1099,1105,1541,1447
2025-06-24 14:40:10.480,1430,1738,1558,1665,1633,471,1382,1150,1526,1443
2025-06-24 14:40:10.579,1443,1600,1391,1614,1616,551,1519,1438,1532,1443
2025-06-24 14:40:10.678,1438,1435,1212,1546,1602,816,1469,1552,1525,1440
2025-06-24 14:40:10.778,1461,1367,1123,1504,1652,135,1215,1584,1523,1438
2025-06-24 14:40:10.877,1483,1437,1154,1601,1561,0,0,1686,1527,1441
2025-06-24 14:40:10.977,1477,1450,1078,1517,1393,0,852,1693,1517,1429
2025-06-24 14:40:11.076,1514,1551,1031,1430,1417,0,2655,1716,1533,1440
2025-06-24 14:40:11.176,1525,1519,1017,1360,1420,0,3456,1633,1520,1437
2025-06-24 14:40:11.276,1535,1489,1646,1488,1481,124,1016,1792,1533,1457
2025-06-24 14:40:11.377,1531,1474,2414,1574,1463,791,0,1801,1527,1443
2025-06-24 14:40:11.472,1530,1547,2064,1497,1474,1223,0,1483,1527,1439
2025-06-24 14:40:11.572,1535,1584,1188,1486,1359,1730,0,1123,1533,1447
2025-06-24 14:40:11.672,1519,733,816,1511,1373,2423,0,1022,1531,1453
2025-06-24 14:40:11.772,1467,0,685,1516,1392,2646,0,1422,1529,1447
2025-06-24 14:40:11.872,1440,0,739,1508,1366,2938,451,2381,1531,1447
2025-06-24 14:40:11.972,1424,0,787,1349,1355,2896,986,2283,1527,1443
2025-06-24 14:40:12.071,1433,214,980,1429,1450,1857,1629,1886,1525,1438
2025-06-24 14:40:12.171,1454,1051,1217,1594,1521,1330,2258,1249,1520,1434
2025-06-24 14:40:12.270,1446,1729,1183,1515,1552,1604,2918,787,1523,1443
2025-06-24 14:40:12.369,1461,2132,981,1441,1465,1911,3299,672,1527,1442
2025-06-24 14:40:12.468,1454,2528,938,1471,1545,1638,3559,907,1526,1443
2025-06-24 14:40:12.568,1392,2464,783,1559,1664,454,3023,1155,1519,1425
2025-06-24 14:40:12.667,1338,1936,403,1548,1573,0,1770,242,1522,1437
2025-06-24 14:40:12.766,1328,1579,81,1510,1254,0,865,0,1532,1447
2025-06-24 14:40:12.865,1339,1493,0,1426,816,0,688,0,1527,1439
2025-06-24 14:40:12.964,1345,1605,84,1553,475,272,944,0,1542,1452
2025-06-24 14:40:13.064,1369,1710,355,1502,315,1490,1338,0,1530,1458
2025-06-24 14:40:13.163,1388,1937,769,1467,276,2243,1551,0,1527,1443
2025-06-24 14:40:13.262,1424,1922,1285,1504,474,2593,1483,274,1523,1441
2025-06-24 14:40:13.362,1456,1805,1602,1403,595,2848,1442,909,1521,1440
2025-06-24 14:40:13.461,1489,1813,2058,1509,867,3375,1638,1488,1525,1441
2025-06-24 14:40:13.561,1519,1827,2369,1465,1190,4095,1961,304,1520,1444
2025-06-24 14:40:13.660,1507,1817,2461,1485,1446,3833,2315,0,1523,1436
2025-06-24 14:40:13.760,1472,1828,2473,1626,1706,1776,2693,0,1520,1433
2025-06-24 14:40:13.859,1279,1915,2647,1565,1950,218,2880,0,1525,1444
2025-06-24 14:40:13.959,1186,1952,2280,1405,1827,35,2720,0,1522,1438
2025-06-24 14:40:14.059,1210,2084,2027,1503,1646,891,2773,0,1533,1445
2025-06-24 14:40:14.158,1278,2071,1855,1491,903,1822,2623,587,1530,1446
2025-06-24 14:40:14.257,1362,2028,1645,1524,547,2434,2492,1170,1530,1446
2025-06-24 14:40:14.356,1427,1965,1345,1559,544,1685,2352,1760,1530,1445
2025-06-24 14:40:14.455,1469,1945,1227,1545,687,1104,2165,2356,1525,1441
2025-06-24 14:40:14.554,1502,1885,1808,1469,989,1219,2021,2951,1529,1424
2025-06-24 14:40:14.653,1549,1766,2392,1499,1219,1767,1919,3531,1525,1441
2025-06-24 14:40:14.752,1551,1653,2282,1487,1418,2282,1599,4095,1520,1436
2025-06-24 14:40:14.852,1589,1599,1614,1452,1699,2595,1302,4095,1520,1421
2025-06-24 14:40:14.952,1602,1558,944,1469,1962,2834,1103,4095,1518,1433
2025-06-24 14:40:15.052,1615,1513,598,1462,2087,2851,1191,4095,1530,1453
2025-06-24 14:40:15.151,1607,1509,533,1461,2225,2923,1273,4095,1542,1453
2025-06-24 14:40:15.251,1609,1383,658,1464,2293,2875,1447,3126,1527,1443
2025-06-24 14:40:15.351,1601,1328,826,1498,2311,3151,1587,2261,1530,1446
2025-06-24 14:40:15.450,1597,1337,973,1474,2274,2333,1758,1844,1533,1445
2025-06-24 14:40:15.550,1594,1382,1034,1449,2239,572,1869,1811,1540,1445
2025-06-24 14:40:15.650,1614,1425,867,1487,2192,220,1761,2160,1525,1438
2025-06-24 14:40:15.749,1582,1505,496,1597,2110,720,1650,2483,1530,1444
2025-06-24 14:40:15.848,1575,1607,0,1563,2080,1063,1651,2687,1531,1446
2025-06-24 14:40:15.948,1528,1655,0,1584,2038,1127,1743,2752,1534,1451
2025-06-24 14:40:16.047,1488,1690,0,1564,1946,426,1695,2449,1533,1441
2025-06-24 14:40:16.146,1461,1686,0,1514,1876,305,1792,1920,1520,1435
2025-06-24 14:40:16.245,1462,1647,0,1493,1872,719,1872,1552,1520,1437
2025-06-24 14:40:16.345,1472,1611,354,1470,1857,1247,1518,1360,1523,1439
2025-06-24 14:40:16.444,1482,1633,1055,1491,1967,1767,1359,1486,1523,1440
2025-06-24 14:40:16.544,1502,1584,1499,1510,1791,2227,1300,1687,1519,1433
2025-06-24 14:40:16.644,1495,1501,1808,1535,1643,2512,1345,1694,1506,1422
2025-06-24 14:40:16.743,1525,1461,2176,1632,1589,2807,1491,1819,1520,1435
2025-06-24 14:40:16.843,1505,1490,2499,1637,1569,3024,1579,1983,1530,1449
2025-06-24 14:40:16.943,1505,1473,2673,1653,1578,3094,1655,2246,1531,1447
2025-06-24 14:40:17.043,1514,1525,2758,1670,1600,3078,1798,2372,1527,1443
2025-06-24 14:40:17.143,1515,1454,2963,1571,1575,3344,1745,2368,1525,1441
2025-06-24 14:40:17.243,1521,1381,3233,1427,1498,2130,1707,2267,1520,1446
2025-06-24 14:40:17.343,1522,1407,3602,1344,1472,914,1715,1872,1523,1439
2025-06-24 14:40:17.443,1520,1424,4095,1286,1447,562,1788,1759,1545,1453
2025-06-24 14:40:17.543,1523,1477,4095,1376,1474,868,1780,1819,1542,1446
2025-06-24 14:40:17.642,1546,1503,4095,1319,1499,1347,1676,2034,1529,1444
2025-06-24 14:40:17.742,1552,1554,4095,1222,1535,985,1686,2064,1534,1449
2025-06-24 14:40:17.842,1565,1598,4095,1038,1502,369,1345,2043,1527,1441
2025-06-24 14:40:17.942,1553,1622,4095,923,1511,339,1184,2006,1535,1446
2025-06-24 14:40:18.041,1500,1626,4095,841,1535,607,1081,1549,1520,1439
2025-06-24 14:40:18.140,1460,1619,3391,842,1546,1095,1145,1168,1507,1424
2025-06-24 14:40:18.239,1450,1626,2621,949,1614,1667,1173,1151,1519,1431
2025-06-24 14:40:18.339,1447,1677,2095,1051,1553,2151,1408,1447,1526,1443
2025-06-24 14:40:18.439,1456,1590,1797,1166,1447,2517,1620,1709,1533,1446
2025-06-24 14:40:18.539,1472,1523,1826,1221,1409,2780,1845,1847,1533,1449
2025-06-24 14:40:18.638,1488,1475,1797,1369,1387,2859,1887,1985,1531,1446
2025-06-24 14:40:18.738,1471,1504,1472,1586,1398,2866,1847,1914,1521,1435
2025-06-24 14:40:18.837,1455,1509,1071,1675,1375,3280,1858,1932,1525,1441
2025-06-24 14:40:18.937,1446,1584,727,1826,1402,2635,1840,2026,1531,1448
2025-06-24 14:40:19.036,1463,1517,295,1963,1438,1120,1745,2089,1535,1449
2025-06-24 14:40:19.135,1476,1441,0,1961,1424,182,1680,1669,1531,1443
2025-06-24 14:40:19.234,1485,1414,0,2002,1454,189,1675,1312,1534,1446
2025-06-24 14:40:19.334,1517,1437,112,2270,1451,656,1415,1072,1522,1435
2025-06-24 14:40:19.433,1501,1456,373,2348,1458,805,1322,1236,1521,1434
2025-06-24 14:40:19.533,1502,1494,592,2257,1467,0,1233,1542,1533,1444
2025-06-24 14:40:19.633,1501,1474,603,2121,1511,0,1218,1738,1524,1439
2025-06-24 14:40:19.733,1506,1503,627,2026,1545,0,1221,1835,1530,1440
2025-06-24 14:40:19.832,1506,1520,781,1902,1509,74,1341,1698,1527,1441
2025-06-24 14:40:19.932,1493,1535,1001,1825,1566,866,1467,1654,1520,1439
2025-06-24 14:40:20.031,1455,1525,1173,1654,1534,1790,1579,1589,1521,1440
2025-06-24 14:40:20.130,1405,1529,1408,1426,1520,2459,1776,1619,1520,1434
2025-06-24 14:40:20.229,1377,1610,1621,1360,1466,2909,1779,1642,1522,1441
2025-06-24 14:40:20.329,1379,1549,1853,1281,1490,3069,1734,1739,1511,1425
2025-06-24 14:40:20.433,1408,1417,2025,1211,1531,3023,1777,1761,1517,1435
2025-06-24 14:40:20.532,1443,1377,2100,1190,1565,2932,1791,1763,1526,1443
2025-06-24 14:40:20.631,1446,1386,1938,1205,1558,3139,1765,1829,1535,1447
2025-06-24 14:40:20.731,1445,1403,1815,1270,1517,1893,1665,1937,1543,1446
2025-06-24 14:40:20.831,1437,1435,1770,1301,1511,688,1446,2115,1527,1441
2025-06-24 14:40:20.931,1424,1427,1828,1313,1473,383,1326,2158,1535,1433
2025-06-24 14:40:21.030,1466,1378,1955,1472,1506,717,1245,1750,1535,1450
2025-06-24 14:40:21.129,1485,1362,1849,1594,1529,1183,1180,1254,1535,1452
2025-06-24 14:40:21.229,1499,1387,1693,1655,1606,220,1141,1018,1531,1447
2025-06-24 14:40:21.329,1510,1414,1616,1618,1634,0,1219,976,1526,1440
2025-06-24 14:40:21.430,1520,1470,1569,1547,1603,0,1305,1168,1531,1441
2025-06-24 14:40:21.525,1530,1568,1615,1457,1578,48,1468,1318,1527,1443
2025-06-24 14:40:21.625,1529,1618,1619,1518,1607,777,1569,1212,1520,1435
2025-06-24 14:40:21.725,1542,1643,1642,1502,1615,1616,1626,1119,1523,1437
2025-06-24 14:40:21.825,1534,1657,1715,1394,1674,2309,1679,743,1520,1437
2025-06-24 14:40:21.925,1550,1691,1809,1213,1634,2946,1691,518,1523,1438
2025-06-24 14:40:22.024,1550,1686,1888,1074,1520,3569,1593,347,1520,1436
2025-06-24 14:40:22.123,1482,1729,1978,1003,1403,3922,1501,273,1514,1429
2025-06-24 14:40:22.223,1456,1755,1706,1059,1521,3849,1511,400,1532,1446
2025-06-24 14:40:22.322,1435,1666,1431,1117,1515,3641,1313,550,1543,1453
2025-06-24 14:40:22.421,1435,1569,1296,1232,1534,3127,1178,751,1534,1450
2025-06-24 14:40:22.521,1453,1490,1241,1341,1545,1715,1178,938,1530,1443
2025-06-24 14:40:22.621,1467,1494,1235,1422,1506,789,1107,1168,1529,1440
2025-06-24 14:40:22.721,1469,1520,1137,1543,1450,700,1216,1411,1524,1435
2025-06-24 14:40:22.821,1461,1565,1078,1637,1471,1008,1396,1657,1520,1420
2025-06-24 14:40:22.921,1457,1543,1078,1742,1517,948,1461,1576,1523,1439
2025-06-24 14:40:23.021,1472,1486,1104,1840,1584,0,1522,1246,1521,1437
2025-06-24 14:40:23.121,1477,1506,1237,1887,1563,0,1695,1013,1531,1440
2025-06-24 14:40:23.221,1488,1535,1371,1958,1584,97,1794,994,1533,1445
2025-06-24 14:40:23.321,1490,1589,1535,2032,1573,757,1753,1205,1521,1440
2025-06-24 14:40:23.421,1483,1603,1673,1991,1524,1522,1783,1447,1529,1443
2025-06-24 14:40:23.521,1488,1602,1719,1918,1519,2161,1772,1529,1532,1451
2025-06-24 14:40:23.620,1487,1629,1774,1883,1562,2583,1743,1520,1523,1441
2025-06-24 14:40:23.720,1489,1647,1757,1903,1526,3024,1836,1233,1511,1431
2025-06-24 14:40:23.820,1499,1662,1783,1925,1472,3493,1584,945,1520,1436
2025-06-24 14:40:23.920,1507,1683,1803,1876,1422,3762,1378,951,1531,1446
2025-06-24 14:40:24.020,1501,1712,1741,1793,1419,3614,1251,954,1530,1442
2025-06-24 14:40:24.120,1472,1770,1613,1658,1452,3984,1250,1027,1521,1441
2025-06-24 14:40:24.219,1435,1727,1587,1524,1488,3184,1307,1086,1526,1440
2025-06-24 14:40:24.319,1411,1585,1547,1408,1481,1824,1360,1275,1531,1443
2025-06-24 14:40:24.419,1404,1495,1157,1309,1508,966,1431,1535,1529,1445
2025-06-24 14:40:24.519,1423,1457,1068,1258,1513,781,1580,1760,1531,1446
2025-06-24 14:40:24.619,1449,1456,1653,1326,1535,883,1664,1985,1535,1455
2025-06-24 14:40:24.718,1461,1500,2112,1331,1567,398,1840,2389,1523,1439
2025-06-24 14:40:24.818,1453,1550,2091,1341,1569,0,1918,2567,1520,1435
2025-06-24 14:40:24.918,1436,1534,1777,1335,1574,0,1805,2334,1520,1435
2025-06-24 14:40:25.018,1445,1495,1446,1392,1529,0,1723,2066,1534,1450
2025-06-24 14:40:25.118,1456,1478,1319,1493,1505,272,1646,1937,1531,1440
2025-06-24 14:40:25.217,1477,1472,1465,1504,1477,1072,1623,1883,1529,1447
2025-06-24 14:40:25.317,1488,1447,1488,1520,1481,1815,1429,2034,1520,1436
2025-06-24 14:40:25.417,1499,1483,1381,1515,1591,2530,1327,1955,1529,1447
2025-06-24 14:40:25.517,1503,1529,1269,1527,1637,3195,1282,1045,1534,1451
2025-06-24 14:40:25.617,1511,1586,1549,1543,1509,3703,1328,0,1523,1437
2025-06-24 14:40:25.716,1520,1586,1892,1499,1437,3841,1268,0,1517,1429
2025-06-24 14:40:25.816,1518,1627,1600,1408,1427,3378,1334,0,1523,1437
2025-06-24 14:40:25.916,1525,1617,1003,1063,1505,3648,1380,0,1525,1442
2025-06-24 14:40:26.016,1525,1658,432,859,1463,2430,1455,0,1524,1437
2025-06-24 14:40:26.116,1514,1732,112,835,1472,1200,1508,353,1531,1442
2025-06-24 14:40:26.215,1478,1645,0,868,1501,759,1630,1242,1527,1442
2025-06-24 14:40:26.314,1438,1515,0,1002,1488,931,1713,2207,1531,1449
2025-06-24 14:40:26.414,1424,1463,240,1122,1486,1199,1843,3015,1520,1434
2025-06-24 14:40:26.513,1435,1473,530,1253,1440,519,1825,4049,1520,1438
2025-06-24 14:40:26.613,1456,1499,768,1426,1502,19,1776,4095,1522,1437
2025-06-24 14:40:26.712,1463,1565,954,1529,1552,188,1709,4095,1531,1450
2025-06-24 14:40:26.812,1469,1511,1227,1709,1509,416,1600,4095,1535,1450
2025-06-24 14:40:26.912,1442,1469,1457,1776,1584,688,1305,4095,1535,1453
2025-06-24 14:40:27.012,1431,1450,1622,1813,1627,1168,1157,4095,1535,1444
2025-06-24 14:40:27.111,1454,1424,1786,1826,1609,1648,1121,4095,1522,1439
2025-06-24 14:40:27.210,1465,1458,1879,1889,1630,2006,1117,4095,1521,1441
2025-06-24 14:40:27.310,1484,1502,1917,1920,1535,2256,1233,4095,1521,1440
2025-06-24 14:40:27.410,1490,1552,1874,1939,1488,2369,1362,4095,1521,1423
2025-06-24 14:40:27.510,1497,1594,1840,1984,1439,2411,1590,3918,1520,1439
2025-06-24 14:40:27.610,1498,1617,1931,2011,1404,2842,1703,3200,1520,1436
2025-06-24 14:40:27.710,1502,1616,1969,1968,1397,2770,1839,2721,1518,1427
2025-06-24 14:40:27.809,1517,1635,1865,1933,1473,1476,1847,2218,1531,1435
2025-06-24 14:40:27.909,1519,1647,1797,1895,1446,542,1881,1795,1535,1449
2025-06-24 14:40:28.009,1530,1730,1581,1779,1418,432,1917,1370,1535,1438
2025-06-24 14:40:28.108,1533,1725,1452,1686,1477,755,1809,1143,1529,1442
2025-06-24 14:40:28.208,1518,1511,1405,1584,1488,825,1776,951,1530,1444
2025-06-24 14:40:28.308,1475,1417,1396,1463,1552,34,1644,850,1547,1456
2025-06-24 14:40:28.407,1440,1434,1411,1392,1569,0,1438,743,1550,1458
2025-06-24 14:40:28.507,1440,1425,1511,1281,1584,499,1254,669,1535,1454
2025-06-24 14:40:28.607,1424,1452,1648,1296,1578,1307,1122,490,1527,1441
2025-06-24 14:40:28.706,1435,1527,1759,1344,1530,2046,1059,242,1525,1441
2025-06-24 14:40:28.806,1457,1442,1824,1282,1520,2614,1088,29,1521,1435
2025-06-24 14:40:28.906,1457,1377,1835,1421,1543,2853,1217,0,1521,1437
2025-06-24 14:40:29.006,1450,1399,1758,1504,1554,3009,1434,33,1518,1431
2025-06-24 14:40:29.105,1424,1418,1690,1515,1507,2875,1552,417,1520,1427
2025-06-24 14:40:29.204,1435,1443,1603,1505,1438,2634,1662,774,1522,1445
2025-06-24 14:40:29.304,1459,1523,1618,1534,1374,2496,1839,1168,1531,1443
2025-06-24 14:40:29.404,1483,1581,1782,1472,1408,2694,1954,1408,1526,1441
2025-06-24 14:40:29.504,1489,1648,1801,1495,1490,1478,2140,1451,1523,1442
2025-06-24 14:40:29.603,1499,1680,1719,1520,1504,307,1936,1551,1534,1447
2025-06-24 14:40:29.703,1499,1709,1615,1498,1574,0,1904,1552,1534,1446
2025-06-24 14:40:29.803,1519,1689,1447,1502,1531,206,1852,1616,1526,1431
2025-06-24 14:40:29.903,1519,1680,1379,1456,1523,623,1467,1603,1523,1437
2025-06-24 14:40:30.003,1525,1743,1349,1370,1524,293,1216,1651,1519,1428
2025-06-24 14:40:30.102,1526,1703,1391,1237,1546,381,1020,1556,1523,1435
2025-06-24 14:40:30.202,1527,1558,1478,1080,1523,749,923,1509,1525,1440
2025-06-24 14:40:30.302,1517,1456,1586,905,1550,1195,919,1491,1522,1441
2025-06-24 14:40:30.401,1477,1419,1823,880,1500,1706,991,1520,1543,1449
2025-06-24 14:40:30.504,1447,1462,1988,912,1510,2182,1115,1620,1533,1454
2025-06-24 14:40:30.603,1418,1508,2035,1040,1534,2523,1330,1520,1528,1445
2025-06-24 14:40:30.702,1423,1511,2000,1200,1559,2748,1488,1387,1530,1443
2025-06-24 14:40:30.802,1434,1458,1893,1322,1591,2804,1749,1296,1526,1442
2025-06-24 14:40:30.902,1454,1395,1791,1481,1561,2798,1862,1232,1523,1439
2025-06-24 14:40:30.999,1463,1392,1757,1582,1455,2727,1967,1313,1526,1440
2025-06-24 14:40:31.101,1462,1418,1802,1638,1365,3132,1979,1463,1521,1442
2025-06-24 14:40:31.201,1422,1493,1698,1749,1369,2246,1921,1562,1529,1442
2025-06-24 14:40:31.301,1425,1552,1455,1779,1419,876,1888,1520,1522,1439
2025-06-24 14:40:31.401,1456,1600,1022,1890,1429,179,1678,1405,1522,1433
2025-06-24 14:40:31.502,1483,1569,750,1904,1492,283,1322,1530,1519,1427
2025-06-24 14:40:31.597,1506,1588,772,1948,1472,752,1216,1597,1518,1426
2025-06-24 14:40:31.697,1514,1619,914,1984,1479,606,1034,1687,1527,1441
2025-06-24 14:40:31.797,1521,1629,1097,2010,1552,390,893,1770,1525,1435
2025-06-24 14:40:31.896,1523,1643,1185,2003,1568,451,957,1966,1528,1443
2025-06-24 14:40:31.996,1531,1722,1215,1904,1598,621,1149,2013,1523,1431
2025-06-24 14:40:32.096,1534,1552,1215,1841,1591,1104,1329,1990,1533,1446
2025-06-24 14:40:32.196,1530,1433,1279,1776,1555,1782,1534,1872,1531,1453
2025-06-24 14:40:32.296,1550,1371,1384,1758,1613,2309,1834,1712,1531,1442
2025-06-24 14:40:32.396,1535,1377,1439,1691,1570,2704,2017,1522,1522,1444
2025-06-24 14:40:32.496,1498,1421,1355,1584,1549,2986,1961,1424,1528,1445
2025-06-24 14:40:32.595,1456,1499,1222,1426,1618,3037,2064,1168,1524,1441
2025-06-24 14:40:32.695,1440,1473,1261,1382,1535,2859,1951,818,1531,1445
2025-06-24 14:40:32.794,1441,1398,1388,1333,1424,2854,1766,666,1535,1455
2025-06-24 14:40:32.894,1444,1328,1289,1301,1424,2470,1770,706,1535,1451
2025-06-24 14:40:32.994,1456,1342,1078,1285,1411,1296,1519,839,1531,1446
2025-06-24 14:40:33.094,1470,1387,1088,1351,1467,491,1327,977,1527,1436
2025-06-24 14:40:33.193,1455,1440,1167,1393,1460,402,1221,1119,1520,1430
2025-06-24 14:40:33.293,1429,1546,1189,1515,1443,791,1183,1313,1522,1426
2025-06-24 14:40:33.393,1437,1578,1227,1566,1488,901,1149,1663,1518,1433
2025-06-24 14:40:33.493,1456,1648,1412,1596,1505,624,1189,1910,1535,1445
2025-06-24 14:40:33.593,1480,1695,1520,1582,1520,779,1285,1879,1535,1450
2025-06-24 14:40:33.693,1512,1712,1600,1525,1487,1088,1447,1792,1531,1444
2025-06-24 14:40:33.792,1505,1693,1673,1518,1531,1386,1701,1750,1533,1445
2025-06-24 14:40:33.892,1511,1733,1722,1431,1610,1717,1886,1622,1522,1442
2025-06-24 14:40:33.992,1517,1777,1810,1487,1616,2093,1987,1396,1531,1445
2025-06-24 14:40:34.092,1525,1635,1851,1520,1597,2323,2000,1255,1520,1438
2025-06-24 14:40:34.192,1525,1520,1799,1467,1567,2457,1969,1373,1517,1427
2025-06-24 14:40:34.292,1526,1489,1717,1525,1616,2607,1866,1504,1516,1430
2025-06-24 14:40:34.392,1535,1460,1489,1471,1625,2576,1809,1647,1533,1450
2025-06-24 14:40:34.492,1515,1424,1296,1456,1510,2571,1659,1808,1531,1445
2025-06-24 14:40:34.592,1474,1469,1003,1520,1385,2705,1375,1786,1531,1433
2025-06-24 14:40:34.692,1442,1423,825,1490,1360,1344,1205,1701,1529,1445
2025-06-24 14:40:34.791,1414,1360,789,1227,1442,128,1093,1715,1527,1435
2025-06-24 14:40:34.890,1429,1369,850,985,1483,0,1073,1789,1531,1444
2025-06-24 14:40:34.990,1417,1378,971,869,1460,175,1130,1837,1531,1446
2025-06-24 14:40:35.089,1437,1437,1093,867,1447,602,1211,1909,1530,1448
2025-06-24 14:40:35.189,1456,1490,1241,960,1456,68,1350,1764,1522,1436
2025-06-24 14:40:35.288,1439,1565,1414,1038,1472,271,1629,1405,1531,1443
2025-06-24 14:40:35.388,1398,1606,1582,1171,1478,880,1849,1424,1525,1443
2025-06-24 14:40:35.488,1408,1657,1687,1345,1552,1500,1959,1471,1520,1439
2025-06-24 14:40:35.588,1422,1687,1818,1470,1615,1983,2032,1547,1521,1438
2025-06-24 14:40:35.688,1462,1725,1851,1603,1602,2358,1951,1596,1520,1437
2025-06-24 14:40:35.787,1471,1707,1947,1679,1607,2598,1846,1645,1526,1443
2025-06-24 14:40:35.887,1488,1757,1904,1730,1591,2581,1680,1613,1527,1442
2025-06-24 14:40:35.987,1499,1761,1747,1783,1573,2549,1546,1511,1533,1449
2025-06-24 14:40:36.087,1513,1630,1623,1945,1595,2506,1305,1546,1533,1439
2025-06-24 14:40:36.187,1521,1518,1546,1972,1622,2749,1101,1616,1520,1433
2025-06-24 14:40:36.286,1531,1521,1461,1989,1503,3010,1043,1792,1535,1451
2025-06-24 14:40:36.386,1535,1490,1147,1998,1393,1568,1033,1809,1527,1443
2025-06-24 14:40:36.486,1548,1519,960,1984,1425,382,1043,1675,1525,1439
2025-06-24 14:40:36.586,1535,1577,936,1914,1419,93,1198,1467,1526,1440
2025-06-24 14:40:36.686,1501,1456,1014,1829,1427,518,1329,1262,1525,1440
2025-06-24 14:40:36.785,1461,1418,1047,1727,1403,1114,1451,1147,1530,1443
2025-06-24 14:40:36.885,1439,1387,1005,1696,1424,705,1630,1167,1524,1439
2025-06-24 14:40:36.985,1422,1400,1040,1616,1458,833,1767,1289,1529,1445
2025-06-24 14:40:37.085,1428,1423,1022,1584,1507,1217,2000,1347,1522,1436
2025-06-24 14:40:37.185,1441,1519,1107,1562,1584,1552,2055,1069,1532,1447
2025-06-24 14:40:37.284,1456,1551,1197,1463,1615,1891,2021,832,1520,1440
2025-06-24 14:40:37.384,1447,1648,1255,1402,1559,2315,1933,951,1523,1442
2025-06-24 14:40:37.484,1392,1671,1483,1424,1518,2656,1802,1189,1530,1447
2025-06-24 14:40:37.584,1393,1696,1637,1425,1600,2847,1403,1344,1527,1447
2025-06-24 14:40:37.684,1427,1687,1739,1444,1585,2896,1239,1372,1525,1442
2025-06-24 14:40:37.783,1456,1721,1792,1429,1570,2752,1122,1393,1523,1436
2025-06-24 14:40:37.883,1469,1770,1857,1467,1581,2727,1019,1427,1533,1442
2025-06-24 14:40:37.983,1488,1669,1803,1495,1584,3119,941,1367,1522,1439
2025-06-24 14:40:38.083,1505,1495,1803,1472,1545,1854,1118,1437,1525,1443
2025-06-24 14:40:38.183,1523,1372,1553,1521,1424,549,1205,1577,1534,1451
2025-06-24 14:40:38.282,1533,1357,1202,1461,1415,95,1312,1554,1526,1439
2025-06-24 14:40:38.382,1545,1418,1114,1475,1439,355,1587,1616,1530,1445
2025-06-24 14:40:38.482,1535,1489,1155,1504,1459,863,1793,1476,1524,1440
2025-06-24 14:40:38.582,1543,1505,1303,1478,1508,587,1875,1232,1524,1437
2025-06-24 14:40:38.682,1520,1455,1331,1427,1491,473,2093,1040,1510,1426
2025-06-24 14:40:38.782,1498,1433,1351,1442,1418,677,2129,1035,1534,1450
2025-06-24 14:40:38.882,1471,1424,1392,1495,1535,688,1990,1018,1532,1445
2025-06-24 14:40:38.981,1456,1452,1463,1483,1581,1023,1865,1147,1520,1434
2025-06-24 14:40:39.081,1442,1496,1597,1563,1552,1708,1719,1295,1517,1433
2025-06-24 14:40:39.181,1447,1549,1741,1519,1563,2320,1466,883,1523,1439
2025-06-24 14:40:39.281,1447,1629,1906,1520,1588,2551,1235,746,1519,1438
2025-06-24 14:40:39.381,1446,1659,1999,1552,1570,2558,1059,865,1520,1441
2025-06-24 14:40:39.481,1425,1697,2030,1556,1584,2381,1037,1075,1535,1451
2025-06-24 14:40:39.580,1416,1709,2031,1552,1525,2229,1106,1264,1526,1427
2025-06-24 14:40:39.680,1424,1694,2000,1447,1547,2671,1278,1519,1522,1434
2025-06-24 14:40:39.779,1439,1718,1840,1471,1544,1879,1439,1637,1533,1451
2025-06-24 14:40:39.879,1459,1758,1712,1552,1521,642,1520,1606,1543,1457
2025-06-24 14:40:39.978,1478,1643,1495,1497,1387,87,1687,1647,1525,1439
2025-06-24 14:40:40.078,1493,1507,1067,1256,1392,134,1874,1861,1525,1442
2025-06-24 14:40:40.178,1502,1459,802,1008,1407,48,2018,2128,1542,1455
2025-06-24 14:40:40.278,1520,1455,791,864,1471,0,2247,2473,1533,1453
2025-06-24 14:40:40.377,1531,1486,912,883,1473,0,2218,2759,1526,1443
2025-06-24 14:40:40.476,1520,1671,970,946,1466,217,2096,2448,1529,1447
2025-06-24 14:40:40.579,1497,1713,970,1074,1477,1120,1990,1909,1527,1443
2025-06-24 14:40:40.678,1477,1619,981,1214,1481,1296,1745,1713,1532,1444
2025-06-24 14:40:40.777,1434,1486,1289,1366,1488,1584,1345,2000,1522,1440
2025-06-24 14:40:40.876,1387,1419,1668,1532,1535,1776,1133,2240,1526,1449
2025-06-24 14:40:40.975,1367,1411,2039,1586,1545,1663,1062,1960,1510,1426
2025-06-24 14:40:41.074,1360,1421,2238,1681,1488,1958,1399,1678,1516,1425
2025-06-24 14:40:41.173,1358,1452,2310,1699,1638,1949,592,720,1520,1430
2025-06-24 14:40:41.273,1334,1509,2263,1773,2037,2133,0,342,1523,1426
2025-06-24 14:40:41.373,1317,1600,2241,1869,1955,3442,155,432,1525,1441
2025-06-24 14:40:41.473,1328,1682,2145,1879,1594,4095,628,627,1522,1444
2025-06-24 14:40:41.574,1328,1718,1951,1946,1349,2802,1575,699,1521,1441
2025-06-24 14:40:41.669,1329,1711,1861,2011,1205,1722,2491,704,1523,1443
2025-06-24 14:40:41.769,1355,1719,1554,2006,1139,1456,2435,665,1520,1446
2025-06-24 14:40:41.868,1402,1726,1123,1927,1139,1728,2274,688,1518,1430
2025-06-24 14:40:41.967,1456,1609,841,1804,1204,2000,2106,748,1525,1435
2025-06-24 14:40:42.066,1486,1467,800,1681,1281,1075,1856,910,1542,1429
2025-06-24 14:40:42.166,1494,1406,916,1634,1328,496,1715,1140,1533,1446
2025-06-24 14:40:42.265,1498,1379,1093,1626,1331,811,1510,1777,1533,1452
2025-06-24 14:40:42.365,1518,1429,1360,1552,1369,1347,1040,2138,1530,1443
2025-06-24 14:40:42.465,1521,1515,1625,1492,1465,1759,701,2031,1526,1438
2025-06-24 14:40:42.564,1533,1477,1887,1439,1506,2043,495,1734,1526,1441
2025-06-24 14:40:42.664,1557,1410,2228,1399,1491,2179,480,1543,1525,1442
2025-06-24 14:40:42.763,1561,1369,2379,1385,1494,2207,646,1572,1534,1451
2025-06-24 14:40:42.863,1517,1377,2397,1425,1529,2190,919,1570,1521,1435
2025-06-24 14:40:42.962,1485,1390,2289,1486,1622,2006,1296,1507,1527,1445
2025-06-24 14:40:43.062,1502,1404,2118,1485,1615,2643,1631,1494,1527,1443
2025-06-24 14:40:43.162,1524,1458,1942,1462,1579,3327,1894,413,1530,1444
2025-06-24 14:40:43.262,1545,1489,1763,1482,1616,1535,2045,0,1522,1438
2025-06-24 14:40:43.361,1559,1531,1590,1511,1654,0,2146,0,1523,1437
2025-06-24 14:40:43.460,1566,1591,1157,1513,1667,0,2144,82,1527,1450
2025-06-24 14:40:43.560,1555,1598,815,1514,1584,141,2130,427,1520,1434
2025-06-24 14:40:43.660,1529,1614,719,1513,1462,794,2206,829,1523,1427
2025-06-24 14:40:43.759,1491,1680,784,1520,1420,534,1985,1121,1525,1440
2025-06-24 14:40:43.858,1491,1675,930,1519,1470,0,1932,1507,1523,1438
2025-06-24 14:40:43.958,1492,1574,1140,1571,1468,677,1664,2055,1533,1446
2025-06-24 14:40:44.058,1489,1472,1408,1541,1481,1531,1418,2544,1527,1441
2025-06-24 14:40:44.158,1481,1434,1621,1465,1466,2176,1219,3255,1520,1431
2025-06-24 14:40:44.258,1461,1429,1778,1488,1450,2675,971,3221,1514,1427
2025-06-24 14:40:44.358,1499,1481,1971,1506,1463,2083,1034,2646,1523,1441
2025-06-24 14:40:44.458,1520,1569,1993,1495,1533,1685,1146,2084,1528,1444
2025-06-24 14:40:44.558,1521,1503,2006,1495,1515,1789,1245,1616,1534,1446
2025-06-24 14:40:44.658,1521,1424,1981,1462,1553,2021,1439,1483,1545,1455
2025-06-24 14:40:44.758,1546,1395,1957,1507,1594,2538,1666,1647,1548,1453
2025-06-24 14:40:44.857,1542,1408,1857,1456,1549,3767,1721,1811,1533,1446
2025-06-24 14:40:44.957,1516,1391,1751,1510,1535,2589,1825,1872,1525,1441
2025-06-24 14:40:45.057,1488,1451,1412,1541,1531,910,1927,1713,1521,1434
2025-06-24 14:40:45.157,1469,1533,1011,1554,1578,191,1969,1174,1523,1442
2025-06-24 14:40:45.256,1470,1554,864,1515,1617,450,1889,1137,1522,1437
2025-06-24 14:40:45.355,1477,1600,885,1510,1547,931,1785,1264,1533,1449
2025-06-24 14:40:45.455,1483,1606,935,1510,1460,1250,1792,1407,1534,1447
2025-06-24 14:40:45.555,1487,1602,1014,1467,1373,243,1485,1441,1523,1437
2025-06-24 14:40:45.654,1479,1629,1170,1492,1418,0,1171,1530,1525,1446
2025-06-24 14:40:45.753,1470,1680,1289,1503,1465,153,898,1698,1529,1443
2025-06-24 14:40:45.853,1474,1666,1447,1526,1497,1077,940,1871,1522,1437
2025-06-24 14:40:45.953,1488,1552,1699,1517,1483,1821,1039,2059,1520,1437
2025-06-24 14:40:46.053,1490,1450,2070,1503,1434,1990,1235,2112,1520,1436
2025-06-24 14:40:46.153,1499,1469,2083,1505,1474,2096,1409,2306,1525,1441
2025-06-24 14:40:46.253,1504,1486,1851,1518,1471,2393,1670,2226,1527,1442
2025-06-24 14:40:46.352,1510,1515,1702,1488,1509,2677,1840,1836,1527,1443
2025-06-24 14:40:46.452,1509,1584,1611,1492,1530,2975,1973,1561,1527,1442
2025-06-24 14:40:46.552,1515,1507,1475,1476,1553,4095,1998,1317,1521,1431
2025-06-24 14:40:46.652,1515,1435,1312,1451,1551,4095,2043,1277,1527,1442
2025-06-24 14:40:46.752,1518,1406,950,1488,1535,1808,2016,1322,1523,1440
2025-06-24 14:40:46.852,1512,1443,676,1492,1526,397,1982,1393,1521,1431
2025-06-24 14:40:46.952,1477,1456,635,1570,1581,245,1848,1191,1531,1439
2025-06-24 14:40:47.052,1434,1486,695,1546,1589,401,1429,963,1530,1443
2025-06-24 14:40:47.152,1406,1563,867,1347,1606,624,1159,1087,1520,1437
2025-06-24 14:40:47.251,1409,1610,1110,1167,1522,0,1021,1235,1527,1446
2025-06-24 14:40:47.351,1417,1648,1410,980,1395,0,854,1395,1530,1447
2025-06-24 14:40:47.451,1430,1657,1707,915,1441,496,851,1518,1526,1443
2025-06-24 14:40:47.551,1438,1671,1999,996,1475,1306,1137,1644,1523,1439
2025-06-24 14:40:47.650,1450,1645,2129,1117,1488,1543,1353,1728,1515,1430
2025-06-24 14:40:47.750,1439,1726,2320,1257,1476,1819,1503,1790,1520,1434
2025-06-24 14:40:47.850,1441,1726,2343,1393,1474,2251,1698,1836,1527,1443
2025-06-24 14:40:47.950,1463,1593,2255,1486,1475,2580,1813,1970,1526,1442
2025-06-24 14:40:48.050,1469,1495,2089,1584,1490,2717,1984,2169,1518,1430
2025-06-24 14:40:48.150,1483,1447,1968,1648,1519,2576,2064,2094,1519,1435
2025-06-24 14:40:48.250,1492,1489,1678,1706,1529,3191,2010,1744,1532,1449
2025-06-24 14:40:48.349,1485,1549,1149,1779,1546,4095,2000,1392,1526,1442
2025-06-24 14:40:48.449,1503,1594,869,1853,1591,2449,1859,1243,1533,1446
2025-06-24 14:40:48.549,1514,1520,827,1874,1586,1029,1454,1187,1533,1446
2025-06-24 14:40:48.649,1515,1433,966,1899,1600,466,1101,1247,1527,1440
2025-06-24 14:40:48.749,1521,1431,1210,1969,1552,743,1015,1463,1530,1456
2025-06-24 14:40:48.848,1541,1424,1454,1904,1627,1285,955,1520,1519,1430
2025-06-24 14:40:48.948,1547,1452,1703,1824,1616,919,961,1017,1527,1447
2025-06-24 14:40:49.048,1508,1466,1921,1739,1499,275,1124,832,1523,1427
2025-06-24 14:40:49.148,1470,1530,2112,1706,1392,451,1344,912,1531,1447
2025-06-24 14:40:49.247,1456,1581,2256,1721,1395,875,1504,1021,1523,1440
2025-06-24 14:40:49.346,1456,1630,2366,1657,1421,1445,1629,1250,1526,1442
2025-06-24 14:40:49.446,1471,1647,2381,1485,1457,2077,1898,1442,1533,1443
2025-06-24 14:40:49.546,1483,1663,2365,1447,1472,2548,1983,1558,1534,1453
2025-06-24 14:40:49.646,1489,1650,2354,1424,1447,2888,2110,1566,1526,1452
2025-06-24 14:40:49.746,1458,1674,2222,1400,1439,3109,2167,1678,1520,1434
2025-06-24 14:40:49.846,1472,1616,2010,1455,1477,3235,2066,1846,1525,1440
2025-06-24 14:40:49.946,1475,1481,1685,1462,1474,3127,1911,2003,1527,1443
2025-06-24 14:40:50.046,1485,1420,1234,1455,1519,3671,1792,2094,1527,1441
2025-06-24 14:40:50.146,1491,1409,915,1497,1552,3002,1395,1758,1530,1443
2025-06-24 14:40:50.246,1499,1456,813,1519,1520,1523,1154,1415,1547,1454
2025-06-24 14:40:50.346,1505,1516,816,1473,1528,611,1134,1228,1547,1457
2025-06-24 14:40:50.446,1515,1552,926,1552,1545,451,1085,1185,1535,1450
2025-06-24 14:40:50.546,1520,1508,1114,1513,1545,676,990,1281,1543,1451
2025-06-24 14:40:50.650,1515,1458,1296,1437,1597,899,1097,1371,1533,1445
2025-06-24 14:40:50.750,1514,1455,1481,1584,1646,0,1198,1535,1520,1432
2025-06-24 14:40:50.850,1520,1475,1674,1520,1543,0,1437,1438,1519,1431
2025-06-24 14:40:50.950,1523,1503,1862,1449,1427,0,1665,995,1521,1435
2025-06-24 14:40:51.049,1523,1547,1936,1465,1439,517,1854,993,1518,1451
2025-06-24 14:40:51.149,1487,1618,1958,1457,1389,1278,2046,1171,1520,1433
2025-06-24 14:40:51.248,1455,1634,1943,1532,1394,2022,1951,1355,1515,1429
2025-06-24 14:40:51.347,1420,1658,1845,1559,1424,2639,1805,1454,1522,1441
2025-06-24 14:40:51.447,1423,1666,1674,1534,1387,3183,1671,1589,1531,1448
2025-06-24 14:40:51.547,1438,1648,1547,1510,1409,3744,1641,1707,1521,1440
2025-06-24 14:40:51.648,1453,1626,1293,1566,1481,4065,1351,1776,1522,1440
2025-06-24 14:40:51.743,1493,1680,773,1551,1477,3725,1218,2035,1525,1438
2025-06-24 14:40:51.843,1466,1630,546,1584,1593,3647,1069,2122,1533,1445
2025-06-24 14:40:51.942,1451,1488,631,1593,1620,3056,1071,2262,1531,1449
2025-06-24 14:40:52.042,1453,1408,792,1521,1638,1910,1079,2261,1518,1435
2025-06-24 14:40:52.142,1466,1433,1001,1503,1603,1072,1149,1842,1521,1439
2025-06-24 14:40:52.242,1479,1488,1232,1551,1554,829,1159,1541,1535,1457
2025-06-24 14:40:52.341,1487,1474,1455,1472,1535,881,1329,1435,1534,1448
2025-06-24 14:40:52.440,1497,1532,1667,1464,1611,767,1567,1427,1520,1439
2025-06-24 14:40:52.540,1511,1495,1871,1482,1634,0,1687,1469,1520,1447
2025-06-24 14:40:52.640,1524,1413,2071,1531,1505,0,1962,1487,1527,1443
2025-06-24 14:40:52.739,1515,1364,2112,1520,1427,136,2080,1586,1527,1422
2025-06-24 14:40:52.839,1520,1395,2087,1477,1453,874,2001,1086,1523,1440
2025-06-24 14:40:52.939,1527,1435,2061,1498,1456,1579,1831,677,1519,1437
2025-06-24 14:40:53.039,1543,1489,2095,1520,1481,2131,1803,736,1527,1447
2025-06-24 14:40:53.139,1513,1569,2064,1509,1487,2579,1543,881,1543,1456
2025-06-24 14:40:53.239,1472,1626,1897,1521,1429,3019,1311,1056,1523,1447
2025-06-24 14:40:53.338,1438,1664,1734,1490,1449,3335,1168,1221,1526,1443
2025-06-24 14:40:53.437,1409,1680,1281,1552,1501,3517,1015,1443,1525,1440
2025-06-24 14:40:53.536,1414,1662,1035,1526,1525,3211,924,1503,1519,1427
2025-06-24 14:40:53.636,1431,1645,979,1535,1568,3141,1011,1680,1523,1441
2025-06-24 14:40:53.735,1447,1693,1050,1496,1531,2634,1136,1847,1530,1442
2025-06-24 14:40:53.835,1457,1668,1177,1476,1579,1589,1307,2054,1525,1442
2025-06-24 14:40:53.934,1463,1547,1267,1472,1552,912,1408,2544,1526,1439
2025-06-24 14:40:54.034,1427,1488,1391,1475,1596,763,1594,2495,1527,1440
2025-06-24 14:40:54.133,1426,1459,1476,1498,1564,849,1712,1963,1524,1440
2025-06-24 14:40:54.232,1435,1471,1588,1507,1614,751,1950,1487,1511,1430
2025-06-24 14:40:54.332,1471,1493,1806,1525,1645,0,2105,1360,1520,1434
2025-06-24 14:40:54.431,1478,1575,1902,1558,1498,0,1966,1485,1529,1441
2025-06-24 14:40:54.531,1476,1530,1947,1535,1419,0,1825,1581,1542,1451
2025-06-24 14:40:54.631,1478,1449,1978,1566,1399,563,1808,1583,1534,1449
2025-06-24 14:40:54.731,1485,1424,2128,1482,1431,1314,1491,1711,1535,1471
2025-06-24 14:40:54.831,1488,1431,2185,1491,1456,1893,1247,964,1535,1456
2025-06-24 14:40:54.930,1499,1470,2089,1477,1499,2337,1126,384,1531,1443
2025-06-24 14:40:55.030,1495,1516,1884,1503,1491,2693,1008,367,1532,1447
2025-06-24 14:40:55.130,1507,1548,1407,1543,1454,2877,987,613,1520,1435
2025-06-24 14:40:55.230,1513,1584,851,1520,1391,2986,1052,836,1516,1433
2025-06-24 14:40:55.330,1491,1639,534,1515,1472,2742,1216,1053,1534,1449
2025-06-24 14:40:55.429,1441,1677,448,1463,1514,2682,1433,1187,1527,1443
2025-06-24 14:40:55.529,1411,1648,609,1417,1522,2066,1682,1458,1527,1441
2025-06-24 14:40:55.629,1409,1630,851,1489,1612,1126,1802,1645,1525,1439
2025-06-24 14:40:55.729,1424,1680,1136,1491,1619,675,1839,1935,1525,1442
2025-06-24 14:40:55.828,1446,1654,1488,1500,1628,707,2138,2368,1531,1445
2025-06-24 14:40:55.927,1456,1561,1732,1520,1600,944,2205,2887,1526,1440
2025-06-24 14:40:56.027,1471,1461,1923,1499,1643,850,2063,2550,1521,1439
2025-06-24 14:40:56.127,1442,1476,2187,1514,1616,0,1901,1813,1531,1442
2025-06-24 14:40:56.227,1434,1472,2298,1527,1467,0,1805,1340,1546,1456
2025-06-24 14:40:56.327,1450,1465,2090,1605,1424,101,1422,1214,1535,1452
2025-06-24 14:40:56.426,1465,1502,1808,1559,1406,757,1091,1369,1533,1447
2025-06-24 14:40:56.526,1486,1442,1630,1535,1456,1535,977,1541,1527,1439
2025-06-24 14:40:56.626,1482,1393,1502,1488,1485,2197,914,1602,1521,1435
2025-06-24 14:40:56.726,1508,1417,953,1488,1438,2726,986,1631,1520,1423
2025-06-24 14:40:56.826,1535,1458,559,1530,1465,3164,1081,843,1530,1441
2025-06-24 14:40:56.925,1515,1487,383,1558,1424,3403,1228,247,1531,1442
2025-06-24 14:40:57.025,1527,1495,366,1484,1397,3454,1378,294,1524,1439
2025-06-24 14:40:57.125,1521,1558,542,1509,1462,3157,1535,652,1523,1427
2025-06-24 14:40:57.225,1522,1584,770,1490,1559,3039,1648,1011,1521,1434
2025-06-24 14:40:57.325,1521,1607,1008,1472,1558,2272,1840,1254,1533,1448
2025-06-24 14:40:57.425,1502,1650,1280,1518,1589,1210,2176,1405,1522,1436
2025-06-24 14:40:57.525,1461,1647,1511,1501,1627,642,2078,1613,1534,1452
2025-06-24 14:40:57.625,1439,1603,1735,1491,1678,645,1979,1846,1530,1426
2025-06-24 14:40:57.725,1427,1658,1936,1514,1631,962,1916,2131,1527,1442
2025-06-24 14:40:57.824,1429,1627,2113,1456,1704,987,1683,2625,1525,1444
2025-06-24 14:40:57.924,1456,1520,2187,1501,1663,353,1262,2915,1527,1433
2025-06-24 14:40:58.024,1463,1445,2201,1552,1503,135,1159,2373,1523,1438
2025-06-24 14:40:58.124,1466,1473,2196,1561,1373,326,1068,1712,1530,1441
2025-06-24 14:40:58.224,1439,1466,2097,1563,1360,863,1015,1409,1533,1445
2025-06-24 14:40:58.324,1439,1515,1935,1543,1396,1506,1033,1372,1530,1443
2025-06-24 14:40:58.424,1461,1561,1771,1506,1424,2108,1162,1610,1530,1446
2025-06-24 14:40:58.524,1479,1546,1242,1488,1418,2526,1391,1759,1521,1437
2025-06-24 14:40:58.624,1490,1471,877,1533,1419,2805,1583,1779,1523,1444
2025-06-24 14:40:58.724,1494,1455,734,1546,1383,2842,1741,1739,1534,1458
2025-06-24 14:40:58.824,1517,1477,725,1504,1377,2749,1895,865,1521,1435
2025-06-24 14:40:58.923,1515,1501,850,1558,1454,2746,2089,480,1520,1453
2025-06-24 14:40:59.024,1513,1523,1109,1516,1520,2806,2212,719,1535,1446
2025-06-24 14:40:59.123,1511,1602,1332,1495,1533,1759,2129,944,1532,1452
2025-06-24 14:40:59.222,1515,1618,1505,1447,1579,725,1975,1238,1535,1450
2025-06-24 14:40:59.321,1523,1625,1655,1456,1586,367,1909,1498,1525,1441
2025-06-24 14:40:59.421,1521,1647,1719,1455,1584,581,1471,1561,1520,1424
2025-06-24 14:40:59.520,1491,1641,1766,1505,1581,994,1161,1682,1533,1443
2025-06-24 14:40:59.620,1456,1648,1730,1545,1601,848,938,1841,1530,1450
2025-06-24 14:40:59.720,1404,1651,1645,1534,1623,254,950,1994,1519,1437
2025-06-24 14:40:59.820,1425,1593,1674,1526,1527,130,951,2437,1520,1439
2025-06-24 14:40:59.920,1446,1477,1811,1520,1414,338,1110,2657,1524,1441
2025-06-24 14:41:00.019,1460,1408,1834,1497,1407,784,1235,2096,1525,1438
2025-06-24 14:41:00.125,1472,1397,1728,1487,1451,1439,1520,1570,1525,1458
2025-06-24 14:41:00.219,1465,1435,1582,1391,1467,1970,1779,1308,1523,1439
2025-06-24 14:41:00.318,1459,1467,1167,1486,1471,2374,1888,1357,1520,1435
2025-06-24 14:41:00.418,1471,1507,930,1532,1403,2640,1845,1488,1520,1431
2025-06-24 14:41:00.518,1473,1474,941,1495,1331,2714,2071,1635,1521,1435
2025-06-24 14:41:00.618,1489,1406,1040,1498,1344,2724,2139,1757,1523,1439
2025-06-24 14:41:00.722,1499,1394,1220,1509,1398,3047,2053,1677,1519,1434
2025-06-24 14:41:00.822,1492,1424,1397,1558,1527,2454,1887,873,1527,1439
2025-06-24 14:41:00.922,1509,1520,1562,1596,1601,1035,1723,805,1535,1449
2025-06-24 14:41:01.021,1511,1583,1686,1514,1654,177,1296,945,1532,1445
2025-06-24 14:41:01.121,1513,1610,1796,1484,1693,141,1122,1215,1530,1446
2025-06-24 14:41:01.221,1518,1662,1831,1443,1670,550,982,1439,1535,1447
2025-06-24 14:41:01.321,1514,1663,1747,1495,1639,910,934,1631,1530,1444
2025-06-24 14:41:01.421,1521,1648,1739,1475,1616,113,938,1836,1520,1430
2025-06-24 14:41:01.521,1518,1659,1701,1469,1615,0,999,1967,1535,1451
2025-06-24 14:41:01.621,1488,1671,1781,1520,1479,0,1168,2009,1531,1446
2025-06-24 14:41:01.722,1452,1685,1945,1530,1392,0,1381,2162,1520,1434
2025-06-24 14:41:01.817,1424,1619,1909,1483,1405,333,1623,2347,1523,1439
2025-06-24 14:41:01.917,1423,1506,1670,1486,1424,1291,1850,2074,1532,1447
2025-06-24 14:41:02.017,1430,1431,1040,1513,1471,2239,1981,1542,1535,1455
2025-06-24 14:41:02.117,1452,1434,304,1488,1469,3166,2109,1200,1530,1447
2025-06-24 14:41:02.217,1463,1449,221,1471,1462,4095,2145,1079,1529,1445
2025-06-24 14:41:02.317,1441,1472,295,1465,1409,4095,1991,1160,1526,1445
2025-06-24 14:41:02.416,1424,1532,615,1427,1376,4095,1827,1287,1520,1437
2025-06-24 14:41:02.515,1450,1456,774,1347,1378,4095,1615,1390,1522,1438
2025-06-24 14:41:02.615,1472,1422,979,1277,1456,2886,1149,1518,1531,1439
2025-06-24 14:41:02.715,1490,1424,1254,1366,1491,1535,972,1152,1535,1447
2025-06-24 14:41:02.815,1508,1464,1307,1455,1548,779,805,719,1534,1447
2025-06-24 14:41:02.915,1511,1515,1584,1523,1618,737,896,752,1530,1445
2025-06-24 14:41:03.015,1519,1560,1978,1577,1645,1271,943,933,1525,1440
2025-06-24 14:41:03.115,1518,1600,2039,1569,1678,1587,1120,1206,1527,1443
2025-06-24 14:41:03.215,1510,1648,1850,1638,1577,0,1437,1392,1525,1443
2025-06-24 14:41:03.315,1505,1674,1850,1471,1554,0,1678,1453,1530,1444
2025-06-24 14:41:03.415,1507,1669,1958,1142,1563,0,1867,1609,1527,1443
2025-06-24 14:41:03.515,1507,1664,1815,925,1515,0,2007,1769,1529,1444
2025-06-24 14:41:03.615,1502,1643,1813,841,1408,326,2150,1907,1523,1441
2025-06-24 14:41:03.715,1457,1671,1827,824,1446,1482,2330,2171,1531,1449
2025-06-24 14:41:03.814,1422,1653,1518,1017,1458,2672,2239,2270,1520,1430
2025-06-24 14:41:03.914,1399,1530,1141,1236,1472,4095,2112,1936,1520,1438
2025-06-24 14:41:04.012,1413,1436,365,1332,1467,4095,1998,1580,1522,1440
2025-06-24 14:41:04.112,1441,1418,134,1523,1454,4095,1688,1294,1531,1445
2025-06-24 14:41:04.212,1437,1493,143,1671,1423,4095,1361,1280,1522,1433
2025-06-24 14:41:04.312,1445,1620,162,1733,1467,4095,1233,1492,1520,1435
2025-06-24 14:41:04.412,1420,1739,566,1782,1445,3325,1195,1577,1525,1442
2025-06-24 14:41:04.511,1392,1679,1168,1819,1494,1936,1190,1693,1542,1455
2025-06-24 14:41:04.610,1399,1513,1756,1844,1571,1040,1150,1627,1529,1447
2025-06-24 14:41:04.710,1425,1423,2323,1867,1611,683,1110,935,1531,1449
2025-06-24 14:41:04.810,1458,1413,2179,1856,1629,654,1322,705,1532,1441
2025-06-24 14:41:04.910,1481,1428,2127,1921,1654,0,1471,831,1527,1438
2025-06-24 14:41:05.010,1488,1472,2278,1963,1642,0,1713,934,1527,1443
2025-06-24 14:41:05.110,1517,1547,2513,2061,1646,0,1858,1177,1531,1446
2025-06-24 14:41:05.210,1505,1520,2733,2096,1621,0,1915,1344,1525,1439
2025-06-24 14:41:05.310,1488,1535,2540,2064,1533,0,1984,1526,1523,1438
2025-06-24 14:41:05.410,1526,1604,2267,1990,1482,963,1929,1670,1535,1446
2025-06-24 14:41:05.509,1543,1617,2021,1869,1445,2099,1778,1792,1533,1447
2025-06-24 14:41:05.609,1562,1600,1678,1738,1457,3191,1670,1869,1534,1445
2025-06-24 14:41:05.709,1549,1591,1473,1542,1472,4095,1408,2053,1523,1440
2025-06-24 14:41:05.809,1505,1629,1353,1422,1462,4095,1091,2209,1520,1437
2025-06-24 14:41:05.908,1457,1516,1307,1291,1413,4095,960,1870,1525,1435
2025-06-24 14:41:06.006,1420,1444,1392,1275,1383,4095,891,1409,1525,1441
2025-06-24 14:41:06.106,1408,1386,1524,1214,1393,4095,848,1175,1524,1438
2025-06-24 14:41:06.206,1426,1397,1735,1209,1441,2838,874,1225,1528,1445
2025-06-24 14:41:06.306,1447,1450,1911,1216,1442,1534,941,1344,1535,1450
2025-06-24 14:41:06.406,1469,1534,2047,1300,1482,816,1086,1479,1533,1445
2025-06-24 14:41:06.505,1478,1565,2083,1433,1525,656,1348,1501,1527,1442
2025-06-24 14:41:06.605,1459,1508,2099,1461,1503,769,1680,1385,1527,1440
2025-06-24 14:41:06.705,1456,1434,2036,1521,1531,0,1774,651,1520,1437
2025-06-24 14:41:06.805,1472,1426,2039,1556,1530,0,1857,675,1532,1444
2025-06-24 14:41:06.904,1489,1423,2178,1584,1554,0,2034,944,1531,1444
2025-06-24 14:41:07.003,1505,1455,2359,1531,1584,0,1943,1311,1523,1440
2025-06-24 14:41:07.103,1506,1497,2566,1547,1552,143,1792,1805,1527,1442
2025-06-24 14:41:07.203,1521,1558,2601,1528,1478,1263,1758,2125,1521,1439
2025-06-24 14:41:07.303,1535,1597,2233,1555,1451,2414,1314,2162,1522,1443
2025-06-24 14:41:07.403,1552,1632,1893,1522,1493,3519,960,2066,1526,1443
2025-06-24 14:41:07.502,1535,1633,1551,1520,1485,4095,918,2044,1520,1438
2025-06-24 14:41:07.601,1550,1616,1211,1515,1530,4095,925,2031,1526,1437
2025-06-24 14:41:07.701,1552,1601,1086,1497,1441,4095,929,2091,1521,1432
2025-06-24 14:41:07.801,1533,1677,997,1289,1371,4095,1031,1808,1523,1438
2025-06-24 14:41:07.900,1491,1667,1092,1066,1355,3696,1186,1477,1527,1440
2025-06-24 14:41:07.999,1457,1534,1224,896,1462,2085,1378,1071,1532,1440
2025-06-24 14:41:08.099,1435,1456,1379,896,1556,943,1526,971,1527,1440
2025-06-24 14:41:08.199,1424,1430,1587,1040,1554,528,1712,1137,1524,1441
2025-06-24 14:41:08.299,1441,1448,1648,1075,1598,576,1949,1394,1525,1443
2025-06-24 14:41:08.398,1457,1456,1655,1235,1553,723,2121,1461,1525,1445
2025-06-24 14:41:08.497,1487,1526,1680,1345,1591,0,2260,1542,1522,1435
2025-06-24 14:41:08.597,1466,1471,1647,1506,1574,0,2305,1328,1531,1447
2025-06-24 14:41:08.697,1451,1443,1591,1619,1584,0,2131,1083,1535,1450
2025-06-24 14:41:08.797,1438,1445,1072,1678,1657,10,1901,1190,1533,1444
2025-06-24 14:41:08.897,1456,1453,318,1760,1646,827,1622,1277,1534,1445
2025-06-24 14:41:08.996,1471,1469,0,1804,1546,1716,1267,1310,1534,1451
2025-06-24 14:41:09.096,1486,1475,0,1872,1434,2432,1082,1414,1522,1438
2025-06-24 14:41:09.196,1481,1491,68,1974,1421,2942,933,1488,1531,1447
2025-06-24 14:41:09.296,1494,1528,298,2005,1517,3354,952,1647,1535,1451
2025-06-24 14:41:09.396,1499,1551,624,2019,1520,3394,1013,1826,1525,1442
2025-06-24 14:41:09.496,1505,1559,1226,2081,1489,3504,1200,1833,1517,1435
2025-06-24 14:41:09.596,1510,1618,1769,1983,1467,3575,1461,1906,1520,1431
2025-06-24 14:41:09.696,1513,1619,2125,1874,1467,2238,1639,2032,1521,1437
2025-06-24 14:41:09.796,1524,1664,2377,1776,1480,944,1878,1913,1520,1434
2025-06-24 14:41:09.895,1523,1778,2505,1746,1505,446,2098,1492,1527,1439
2025-06-24 14:41:09.995,1495,1776,2543,1601,1466,621,2274,1168,1522,1435
2025-06-24 14:41:10.095,1451,1743,2140,1488,1451,943,2333,1084,1535,1447
2025-06-24 14:41:10.195,1424,1698,566,1392,1462,391,2235,1084,1533,1450
2025-06-24 14:41:10.295,1418,1669,1614,1346,1508,0,2028,1206,1521,1443
2025-06-24 14:41:10.395,1429,1547,4095,1349,1541,0,1936,1343,1527,1439
2025-06-24 14:41:10.495,1454,1426,4095,1406,1554,0,1363,1215,1535,1472
2025-06-24 14:41:10.595,1466,1431,4095,1373,1569,0,945,565,1535,1451
2025-06-24 14:41:10.695,1476,1424,2904,1401,1599,80,607,501,1527,1431
2025-06-24 14:41:10.799,1453,1399,1635,1360,1560,989,301,720,1533,1446
2025-06-24 14:41:10.899,1434,1359,716,1387,1424,1676,191,923,1526,1435
2025-06-24 14:41:10.999,1467,1085,311,1408,1434,1974,301,1191,1531,1447
2025-06-24 14:41:11.098,1489,898,183,1479,1414,2143,667,1438,1526,1443
2025-06-24 14:41:11.197,1498,935,215,1542,1396,2288,1072,1659,1527,1445
2025-06-24 14:41:11.297,1510,1132,310,1552,1471,2672,1411,1819,1529,1445
2025-06-24 14:41:11.396,1509,1302,454,1491,1455,2461,1717,1971,1527,1445
2025-06-24 14:41:11.496,1531,1467,665,1489,1442,1210,1895,2183,1523,1440
2025-06-24 14:41:11.596,1527,1599,804,1433,1383,251,2117,2598,1525,1438
2025-06-24 14:41:11.696,1525,1621,902,1470,1419,268,2240,2873,1531,1445
2025-06-24 14:41:11.797,1531,1600,1010,1492,1483,843,2063,2263,1519,1435
2025-06-24 14:41:11.892,1542,1682,1104,1467,1488,1374,2032,1649,1523,1433
2025-06-24 14:41:11.992,1549,1619,1184,1345,1545,961,1995,1297,1517,1429
2025-06-24 14:41:12.092,1473,1507,1147,1070,1604,939,1661,1312,1527,1446
2025-06-24 14:41:12.192,1424,1511,1068,876,1593,1296,1365,1519,1525,1450
2025-06-24 14:41:12.292,1402,1521,731,880,1544,1751,1248,1683,1533,1447
2025-06-24 14:41:12.392,1408,1552,450,944,1599,2266,1216,1751,1521,1435
2025-06-24 14:41:12.492,1424,1597,543,1086,1661,2651,1233,1679,1521,1439
2025-06-24 14:41:12.591,1433,1697,721,1238,1665,2859,1263,617,1523,1445
2025-06-24 14:41:12.691,1459,1657,915,1371,1626,3034,1389,166,1524,1440
2025-06-24 14:41:12.791,1435,1583,1079,1472,1458,3136,1513,286,1529,1442
2025-06-24 14:41:12.890,1426,1572,1252,1603,1453,3104,1744,538,1542,1451
2025-06-24 14:41:12.990,1443,1572,1480,1763,1454,3769,1825,777,1535,1454
2025-06-24 14:41:13.089,1458,1600,1641,1872,1525,3369,1923,981,1530,1443
2025-06-24 14:41:13.189,1473,1615,1742,1893,1489,1614,2045,1215,1529,1446
2025-06-24 14:41:13.289,1492,1671,1813,1879,1412,353,2025,1552,1519,1430
2025-06-24 14:41:13.388,1501,1710,1858,1904,1354,49,1903,1958,1520,1433
2025-06-24 14:41:13.488,1535,1717,1901,1918,1321,389,1786,2510,1519,1435
2025-06-24 14:41:13.587,1513,1746,1860,1895,1394,881,1744,3499,1523,1438
2025-06-24 14:41:13.687,1505,1733,1742,2002,1499,491,1194,3280,1530,1443
2025-06-24 14:41:13.787,1507,1727,1661,2029,1599,134,1015,2539,1527,1438
2025-06-24 14:41:13.887,1519,1751,1505,1898,1597,0,987,1867,1533,1447
2025-06-24 14:41:13.987,1519,1758,1303,1853,1617,331,1039,1466,1546,1452
2025-06-24 14:41:14.087,1513,1632,1051,1779,1606,1005,1050,1498,1535,1447
2025-06-24 14:41:14.187,1472,1555,1095,1734,1618,1771,1179,1713,1527,1444
2025-06-24 14:41:14.287,1414,1506,1195,1638,1600,2384,1343,1849,1523,1440
2025-06-24 14:41:14.386,1399,1520,1296,1522,1619,3013,1501,1907,1531,1445
2025-06-24 14:41:14.485,1418,1542,1520,1469,1670,3672,1663,1431,1523,1441
2025-06-24 14:41:14.584,1433,1634,1737,1397,1509,4095,1808,464,1527,1440
2025-06-24 14:41:14.684,1456,1575,1893,1334,1395,4095,1894,418,1523,1443
2025-06-24 14:41:14.784,1462,1474,1975,1344,1388,4095,2047,725,1531,1445
2025-06-24 14:41:14.884,1452,1427,1993,1348,1429,2261,2128,1101,1533,1442
2025-06-24 14:41:14.984,1450,1405,1953,1414,1450,785,2066,1296,1527,1430
2025-06-24 14:41:15.084,1461,1420,1840,1459,1481,226,1902,1568,1522,1437
2025-06-24 14:41:15.184,1471,1456,1758,1456,1434,360,1759,1918,1535,1452
2025-06-24 14:41:15.284,1491,1472,1694,1505,1424,714,1398,2134,1521,1442
2025-06-24 14:41:15.384,1498,1520,1628,1503,1425,189,1175,2419,1525,1441
2025-06-24 14:41:15.484,1510,1577,1607,1597,1467,0,1007,3098,1519,1434
2025-06-24 14:41:15.583,1514,1601,1686,1512,1515,0,982,3118,1526,1447
2025-06-24 14:41:15.683,1521,1607,1584,1491,1568,0,1082,2290,1524,1440
2025-06-24 14:41:15.783,1520,1594,1317,1487,1584,747,1186,1700,1516,1430
2025-06-24 14:41:15.883,1517,1650,1103,1488,1594,1695,1351,1353,1527,1443
2025-06-24 14:41:15.983,1523,1677,1126,1464,1547,2448,1554,1247,1534,1449
2025-06-24 14:41:16.082,1526,1558,1246,1457,1573,3105,1686,1331,1529,1446
2025-06-24 14:41:16.182,1510,1425,1411,1456,1584,3703,1838,1443,1531,1456
2025-06-24 14:41:16.282,1465,1407,1573,1493,1629,4013,1937,1492,1532,1449
2025-06-24 14:41:16.382,1406,1392,1721,1469,1515,3709,2096,1136,1517,1429
2025-06-24 14:41:16.482,1418,1461,1840,1355,1451,4095,2063,479,1527,1443
2025-06-24 14:41:16.581,1426,1548,1833,1070,1418,3185,1904,526,1531,1444
2025-06-24 14:41:16.681,1446,1552,1806,870,1473,1493,1874,734,1535,1454
2025-06-24 14:41:16.781,1464,1514,1772,801,1520,402,1577,1045,1542,1456
2025-06-24 14:41:16.881,1457,1467,1679,875,1489,215,1216,1280,1543,1446
2025-06-24 14:41:16.981,1442,1427,1601,982,1449,443,1073,1555,1542,1446
2025-06-24 14:41:17.080,1441,1466,1574,1139,1360,479,1082,1727,1520,1438
2025-06-24 14:41:17.180,1453,1481,1632,1326,1408,29,987,1799,1532,1445
2025-06-24 14:41:17.280,1472,1557,1687,1458,1447,161,1141,1932,1529,1446
2025-06-24 14:41:17.380,1479,1572,1685,1563,1488,469,1418,2194,1520,1434
2025-06-24 14:41:17.480,1491,1585,1456,1666,1519,1043,1583,2510,1514,1426
2025-06-24 14:41:17.579,1504,1655,1167,1794,1595,1744,1706,2256,1515,1435
2025-06-24 14:41:17.679,1511,1686,1110,1872,1555,2320,1849,1739,1531,1445
2025-06-24 14:41:17.779,1520,1664,1151,1856,1603,2637,1925,1447,1527,1445
2025-06-24 14:41:17.879,1519,1699,1323,1915,1629,2727,1964,1271,1522,1437
2025-06-24 14:41:17.979,1520,1739,1436,1949,1601,2739,1925,1378,1520,1441
2025-06-24 14:41:18.079,1535,1627,1596,2005,1639,2706,1919,1550,1522,1437
2025-06-24 14:41:18.179,1533,1518,1651,2043,1611,3489,1903,1556,1521,1440
2025-06-24 14:41:18.279,1505,1424,1702,2055,1456,3293,1688,1264,1518,1434
2025-06-24 14:41:18.379,1461,1463,1744,1950,1398,1568,1217,656,1526,1439
2025-06-24 14:41:18.478,1426,1506,1712,1806,1418,267,1072,725,1534,1445
2025-06-24 14:41:18.577,1425,1565,1758,1746,1441,0,884,870,1535,1455
2025-06-24 14:41:18.677,1437,1569,1857,1654,1438,176,916,1039,1522,1438
2025-06-24 14:41:18.777,1439,1520,1884,1618,1447,640,974,1114,1525,1440
2025-06-24 14:41:18.877,1457,1447,1770,1585,1388,282,1063,1295,1527,1444
2025-06-24 14:41:18.977,1450,1455,1497,1461,1360,338,1291,1445,1526,1439
2025-06-24 14:41:19.076,1426,1453,1224,1459,1425,752,1509,1549,1529,1441
2025-06-24 14:41:19.176,1430,1478,1190,1419,1471,1289,1766,1681,1530,1442
2025-06-24 14:41:19.276,1451,1520,1296,1360,1507,1898,1852,1808,1531,1445
2025-06-24 14:41:19.376,1473,1552,1374,1329,1520,2368,2033,1973,1526,1456
2025-06-24 14:41:19.475,1497,1579,1453,1364,1552,2615,2193,2244,1520,1436
2025-06-24 14:41:19.574,1500,1610,1602,1378,1610,2704,2042,1925,1525,1443
2025-06-24 14:41:19.674,1520,1610,1708,1486,1552,2731,1936,1448,1522,1438
2025-06-24 14:41:19.774,1517,1617,1785,1487,1563,2717,1651,1235,1527,1444
2025-06-24 14:41:19.874,1520,1657,1871,1474,1645,3330,1350,1261,1533,1435
2025-06-24 14:41:19.974,1531,1684,1865,1466,1674,3622,1087,1253,1526,1443
2025-06-24 14:41:20.073,1530,1622,1854,1456,1552,1893,1065,1411,1531,1431
2025-06-24 14:41:20.173,1548,1513,1838,1520,1488,378,1004,1513,1530,1439
2025-06-24 14:41:20.272,1507,1460,1771,1552,1482,0,1014,789,1529,1439
2025-06-24 14:41:20.371,1493,1453,1641,1503,1488,81,1117,311,1534,1441
2025-06-24 14:41:20.470,1447,1449,1447,1525,1531,675,1213,373,1533,1449
2025-06-24 14:41:20.569,1421,1487,1077,1486,1520,493,1323,629,1527,1453
2025-06-24 14:41:20.669,1415,1530,899,1467,1451,279,1480,855,1534,1446
2025-06-24 14:41:20.768,1425,1507,829,1424,1382,454,1783,1223,1531,1444
2025-06-24 14:41:20.872,1447,1458,878,1503,1370,876,1831,1393,1527,1441
2025-06-24 14:41:20.971,1458,1449,1030,1597,1443,1472,2087,1529,1526,1443
2025-06-24 14:41:21.070,1461,1406,1148,1527,1553,2064,2261,1636,1518,1430
2025-06-24 14:41:21.170,1453,1461,1323,1483,1603,2471,2180,1915,1519,1435
2025-06-24 14:41:21.270,1424,1516,1488,1541,1598,2749,1947,2155,1518,1440
2025-06-24 14:41:21.369,1461,1584,1622,1533,1620,2922,1824,2666,1521,1437
2025-06-24 14:41:21.468,1475,1616,1707,1354,1607,2945,1393,2854,1525,1441
2025-06-24 14:41:21.567,1501,1632,1749,1104,1600,3149,1170,2307,1522,1441
2025-06-24 14:41:21.667,1511,1630,1711,935,1585,4095,1000,1742,1534,1446
2025-06-24 14:41:21.767,1516,1615,1606,887,1595,2487,966,1584,1530,1441
2025-06-24 14:41:21.868,1499,1611,1500,907,1557,876,945,1518,1524,1441
2025-06-24 14:41:21.962,1526,1667,1420,1008,1515,0,1099,1575,1541,1452
2025-06-24 14:41:22.062,1547,1635,1323,1124,1454,46,1171,1563,1545,1453
2025-06-24 14:41:22.161,1531,1514,1104,1296,1405,530,1296,1519,1534,1450
2025-06-24 14:41:22.261,1531,1412,871,1459,1395,674,1506,822,1527,1443
2025-06-24 14:41:22.361,1525,1425,810,1553,1451,65,1648,35,1530,1443
2025-06-24 14:41:22.461,1514,1439,887,1617,1461,0,1746,96,1523,1439
2025-06-24 14:41:22.560,1475,1457,1010,1728,1425,23,1973,396,1523,1445
2025-06-24 14:41:22.659,1433,1548,1104,1767,1422,653,2161,656,1523,1440
2025-06-24 14:41:22.758,1409,1506,1267,1874,1428,1477,2103,995,1525,1439
2025-06-24 14:41:22.858,1419,1467,1344,1933,1477,2177,1858,1240,1530,1444
2025-06-24 14:41:22.957,1436,1456,1408,1969,1517,2640,1755,1499,1533,1450
2025-06-24 14:41:23.057,1467,1467,1455,2006,1572,2965,1333,1790,1523,1442
2025-06-24 14:41:23.156,1473,1491,1509,2026,1661,3168,1119,2116,1523,1443
2025-06-24 14:41:23.256,1449,1517,1510,1986,1626,3165,1021,2431,1520,1434
2025-06-24 14:41:23.355,1443,1526,1480,1838,1584,3843,912,3173,1513,1447
2025-06-24 14:41:23.455,1455,1568,1399,1794,1523,3419,901,3045,1522,1457
2025-06-24 14:41:23.554,1477,1606,1367,1699,1531,1727,997,2232,1530,1445
2025-06-24 14:41:23.653,1495,1627,1392,1680,1586,576,1065,1634,1545,1453
2025-06-24 14:41:23.752,1511,1616,1423,1584,1525,203,1280,1233,1535,1449
2025-06-24 14:41:23.852,1522,1618,1456,1479,1472,405,1521,1218,1526,1441
2025-06-24 14:41:23.952,1535,1633,1370,1403,1433,826,1785,1330,1522,1434
2025-06-24 14:41:24.052,1547,1662,1336,1357,1457,407,1901,1450,1525,1437
2025-06-24 14:41:24.151,1551,1561,1402,1391,1531,22,2149,1472,1526,1445
2025-06-24 14:41:24.251,1553,1459,1480,1417,1483,80,2325,656,1523,1442
2025-06-24 14:41:24.351,1555,1418,1488,1429,1445,473,2219,283,1522,1437
2025-06-24 14:41:24.451,1555,1468,1489,1392,1364,1134,2096,459,1527,1442
2025-06-24 14:41:24.551,1533,1475,1621,1447,1390,1788,2047,774,1522,1440
2025-06-24 14:41:24.650,1482,1552,1858,1547,1441,2290,1610,1152,1531,1446
2025-06-24 14:41:24.749,1438,1570,1943,1572,1473,2619,1319,1463,1527,1447
2025-06-24 14:41:24.849,1418,1467,2039,1550,1570,2800,1091,1729,1533,1449
2025-06-24 14:41:24.948,1423,1431,2017,1516,1618,2859,1100,1922,1531,1450
2025-06-24 14:41:25.048,1472,1427,1936,1523,1606,2858,1069,2138,1520,1432
2025-06-24 14:41:25.147,1455,1469,1898,1545,1629,3802,1088,2406,1528,1442
2025-06-24 14:41:25.247,1461,1518,1861,1501,1612,2809,1171,2674,1525,1441
2025-06-24 14:41:25.347,1424,1584,1755,1520,1616,1216,1318,2635,1526,1441
2025-06-24 14:41:25.447,1407,1605,1585,1533,1630,241,1471,2011,1529,1443
2025-06-24 14:41:25.546,1424,1635,1443,1520,1577,98,1695,1319,1535,1449
2025-06-24 14:41:25.645,1461,1644,1180,1455,1463,449,1696,975,1527,1439
2025-06-24 14:41:25.744,1487,1680,1082,1455,1392,811,1975,1040,1522,1435
2025-06-24 14:41:25.844,1502,1687,1295,1472,1410,227,2050,1313,1530,1445
2025-06-24 14:41:25.944,1514,1673,1469,1491,1463,0,1894,1356,1527,1436
2025-06-24 14:41:26.044,1519,1734,1553,1502,1433,66,1904,1426,1535,1447
2025-06-24 14:41:26.144,1531,1667,1597,1487,1435,560,1862,1161,1535,1447
2025-06-24 14:41:26.244,1520,1552,1601,1502,1412,1302,1443,827,1520,1440
2025-06-24 14:41:26.343,1514,1478,1626,1513,1387,1968,1145,975,1522,1438
2025-06-24 14:41:26.443,1509,1475,1579,1553,1403,2448,977,1216,1523,1441
2025-06-24 14:41:26.543,1510,1463,1572,1569,1445,2847,871,1433,1520,1431
2025-06-24 14:41:26.643,1497,1486,1550,1520,1505,3152,912,1619,1523,1440
2025-06-24 14:41:26.742,1467,1526,1478,1483,1607,3047,908,1744,1519,1439
2025-06-24 14:41:26.842,1424,1498,1475,1491,1589,2986,1008,1830,1525,1440
2025-06-24 14:41:26.941,1401,1431,1498,1503,1600,3400,1092,1973,1520,1439
2025-06-24 14:41:27.041,1405,1398,1479,1375,1623,1845,1344,1982,1527,1446
2025-06-24 14:41:27.141,1422,1406,1440,1134,1615,255,1591,1941,1528,1442
2025-06-24 14:41:27.241,1430,1447,1416,961,1594,0,1711,2022,1534,1460
2025-06-24 14:41:27.341,1442,1477,1391,921,1559,0,1872,1888,1531,1451
2025-06-24 14:41:27.441,1391,1521,1266,1022,1504,246,2030,1505,1522,1429
2025-06-24 14:41:27.541,1396,1583,1219,1069,1408,450,2025,1301,1525,1442
2025-06-24 14:41:27.641,1427,1607,1222,1207,1303,362,1974,1185,1527,1441
2025-06-24 14:41:27.741,1459,1614,1168,1350,1350,695,2003,1227,1525,1440
2025-06-24 14:41:27.841,1498,1619,1157,1456,1455,1349,1792,1419,1524,1442
2025-06-24 14:41:27.941,1511,1616,1136,1581,1527,1845,1403,1479,1526,1443
2025-06-24 14:41:28.040,1519,1665,1174,1660,1474,2082,1175,1281,1533,1450
2025-06-24 14:41:28.140,1511,1655,1239,1738,1425,2262,1072,1232,1535,1456
2025-06-24 14:41:28.240,1534,1552,1314,1810,1389,2432,1106,1295,1531,1444
2025-06-24 14:41:28.340,1542,1469,1389,1866,1456,2586,1134,1479,1522,1439
2025-06-24 14:41:28.440,1547,1464,1472,1909,1531,2703,1136,1607,1525,1442
2025-06-24 14:41:28.540,1546,1494,1546,1968,1594,2800,1189,1633,1531,1441
2025-06-24 14:41:28.640,1552,1511,1614,2000,1600,3437,1364,1751,1527,1441
2025-06-24 14:41:28.740,1523,1589,1600,1979,1614,3042,1567,1743,1526,1445
2025-06-24 14:41:28.840,1472,1562,1577,1808,1611,1275,1723,1797,1527,1442
2025-06-24 14:41:28.940,1427,1515,1463,1686,1597,0,1771,1885,1522,1442
2025-06-24 14:41:29.039,1424,1478,1397,1665,1578,0,1899,1895,1526,1444
2025-06-24 14:41:29.139,1430,1475,1170,1648,1582,0,1879,1919,1533,1447
2025-06-24 14:41:29.239,1452,1482,999,1616,1589,66,1755,1903,1522,1437
2025-06-24 14:41:29.339,1456,1517,1029,1535,1546,0,1600,1554,1521,1438
2025-06-24 14:41:29.439,1458,1547,1099,1437,1520,293,1431,1117,1527,1441
2025-06-24 14:41:29.539,1410,1563,1279,1435,1467,1077,1072,961,1535,1456
2025-06-24 14:41:29.638,1404,1611,1392,1376,1456,1744,896,996,1531,1447
2025-06-24 14:41:29.738,1427,1637,1599,1327,1466,2020,857,1168,1520,1437
2025-06-24 14:41:29.837,1456,1649,1704,1334,1446,2116,846,1346,1530,1442
2025-06-24 14:41:29.936,1480,1645,1728,1360,1443,2275,1067,1349,1523,1439
2025-06-24 14:41:30.035,1493,1661,1730,1382,1392,2514,1275,880,1521,1438
2025-06-24 14:41:30.134,1498,1702,1709,1455,1426,2576,1587,815,1523,1442
2025-06-24 14:41:30.234,1518,1614,1757,1561,1435,2493,1803,1040,1527,1446
2025-06-24 14:41:30.334,1524,1497,1774,1603,1484,2599,2032,1312,1530,1447
2025-06-24 14:41:30.433,1526,1456,1769,1616,1549,3127,2153,1487,1520,1435
2025-06-24 14:41:30.533,1519,1471,1794,1552,1548,2142,2001,1648,1522,1437
2025-06-24 14:41:30.632,1520,1506,1800,1606,1523,225,2040,1872,1520,1440
2025-06-24 14:41:30.732,1520,1553,1679,1470,1616,0,2069,2000,1527,1439
2025-06-24 14:41:30.832,1510,1549,1415,1472,1561,0,1980,1994,1530,1441
2025-06-24 14:41:30.936,1459,1495,1251,1459,1566,80,1792,2080,1521,1434
2025-06-24 14:41:31.035,1422,1442,1058,1441,1596,656,1680,2160,1525,1441
2025-06-24 14:41:31.134,1399,1414,956,1409,1546,349,1302,2298,1529,1443
2025-06-24 14:41:31.233,1411,1425,983,1463,1477,549,1157,2073,1530,1446
2025-06-24 14:41:31.332,1427,1478,1033,1504,1443,1230,1141,1430,1533,1448
2025-06-24 14:41:31.431,1439,1511,1175,1469,1454,1999,995,1031,1525,1439
2025-06-24 14:41:31.530,1444,1543,1371,1551,1482,2592,1056,919,1520,1437
2025-06-24 14:41:31.630,1395,1600,1487,1599,1458,2847,1317,1159,1520,1439
2025-06-24 14:41:31.730,1375,1617,1601,1550,1469,2770,1488,1424,1520,1436
2025-06-24 14:41:31.830,1392,1638,1696,1609,1471,2496,1711,1562,1532,1451
2025-06-24 14:41:31.931,1411,1636,1671,1627,1471,2218,1839,1231,1535,1442
2025-06-24 14:41:32.026,1456,1584,1680,1547,1483,2233,1934,807,1523,1439
2025-06-24 14:41:32.126,1477,1645,1637,1507,1494,2850,2018,987,1525,1439
2025-06-24 14:41:32.225,1491,1603,1585,1514,1514,3825,2003,1218,1530,1443
2025-06-24 14:41:32.325,1487,1518,1571,1519,1554,2379,1995,1487,1521,1437
2025-06-24 14:41:32.425,1479,1451,1658,1507,1609,752,1857,1803,1526,1442
2025-06-24 14:41:32.525,1517,1429,1713,1522,1610,0,1754,1923,1535,1456
2025-06-24 14:41:32.624,1531,1434,1575,1509,1584,0,1703,2063,1526,1456
2025-06-24 14:41:32.723,1523,1488,1427,1505,1535,352,1361,2058,1526,1441
2025-06-24 14:41:32.823,1513,1559,1200,1506,1471,529,1150,2107,1527,1440
2025-06-24 14:41:32.923,1463,1507,1099,1509,1486,24,978,2190,1517,1424
2025-06-24 14:41:33.023,1424,1474,1131,1473,1489,496,960,2327,1529,1453
2025-06-24 14:41:33.123,1371,1463,1234,1501,1434,1361,1115,2339,1534,1450
2025-06-24 14:41:33.222,1353,1456,1391,1459,1407,2183,1308,1858,1533,1447
2025-06-24 14:41:33.322,1370,1456,1449,1431,1471,2816,1545,1406,1525,1445
2025-06-24 14:41:33.422,1411,1466,1456,1486,1505,3067,1695,1123,1521,1437
2025-06-24 14:41:33.522,1449,1520,1463,1507,1520,3031,1779,1221,1521,1438
2025-06-24 14:41:33.622,1453,1565,1457,1331,1551,2907,1904,1287,1520,1436
2025-06-24 14:41:33.721,1412,1643,1453,1137,1449,2822,1933,1434,1527,1447
2025-06-24 14:41:33.821,1393,1659,1553,986,1424,2785,1911,1249,1521,1437
2025-06-24 14:41:33.920,1405,1654,1650,993,1494,3979,1817,730,1533,1443
2025-06-24 14:41:34.020,1424,1629,1707,1094,1533,4077,1680,768,1527,1437
2025-06-24 14:41:34.120,1424,1615,1687,1141,1527,1962,1471,1136,1535,1450
2025-06-24 14:41:34.220,1424,1669,1703,1244,1581,293,1414,1328,1531,1448
2025-06-24 14:41:34.320,1454,1597,1754,1387,1587,0,1249,1491,1528,1443
2025-06-24 14:41:34.420,1452,1520,1723,1472,1575,214,1151,1685,1532,1446
2025-06-24 14:41:34.519,1478,1465,1595,1504,1531,901,1088,1748,1529,1445
2025-06-24 14:41:34.619,1505,1456,1306,1600,1509,490,1030,1769,1527,1443
2025-06-24 14:41:34.718,1522,1472,1040,1718,1557,0,1099,2075,1532,1446
2025-06-24 14:41:34.818,1549,1501,955,1745,1571,410,1294,2193,1535,1450
2025-06-24 14:41:34.917,1515,1535,965,1818,1559,1263,1451,2197,1531,1450
2025-06-24 14:41:35.017,1456,1468,989,1847,1459,2054,1617,2389,1527,1445
2025-06-24 14:41:35.117,1442,1411,1107,1898,1469,2589,1808,2146,1526,1441
2025-06-24 14:41:35.216,1433,1387,1250,1921,1504,2800,1890,1708,1521,1442
2025-06-24 14:41:35.316,1456,1389,1363,1870,1467,2864,1931,1295,1525,1442
2025-06-24 14:41:35.416,1488,1442,1493,1810,1488,2783,2036,1047,1523,1443
2025-06-24 14:41:35.516,1489,1453,1595,1808,1414,2670,2095,1168,1529,1442
2025-06-24 14:41:35.616,1456,1503,1664,1743,1383,2796,1942,1243,1527,1447
2025-06-24 14:41:35.715,1442,1526,1767,1683,1393,3901,1775,1200,1520,1436
2025-06-24 14:41:35.815,1409,1483,1805,1659,1441,2651,1712,554,1518,1427
2025-06-24 14:41:35.915,1392,1465,1782,1529,1554,803,1200,522,1530,1445
2025-06-24 14:41:36.015,1415,1395,1728,1444,1595,0,931,779,1533,1445
2025-06-24 14:41:36.115,1459,1333,1670,1427,1577,0,752,1008,1534,1450
2025-06-24 14:41:36.214,1515,1424,1716,1408,1598,399,819,1236,1529,1443
2025-06-24 14:41:36.314,1552,1482,1587,1357,1573,858,1008,1442,1526,1441
2025-06-24 14:41:36.414,1573,1441,1392,1360,1563,198,1238,1567,1529,1439
2025-06-24 14:41:36.514,1591,1454,1203,1422,1552,330,1387,1582,1530,1447
2025-06-24 14:41:36.614,1600,1490,1065,1491,1579,845,1617,1683,1533,1449
2025-06-24 14:41:36.714,1600,1563,896,1489,1611,1369,1776,1901,1525,1438
2025-06-24 14:41:36.814,1611,1601,832,1534,1519,1853,1982,2023,1516,1431
2025-06-24 14:41:36.914,1615,1692,880,1525,1431,2273,1953,2249,1520,1434
2025-06-24 14:41:37.014,1611,1695,1010,1579,1408,2569,1905,2173,1515,1427
2025-06-24 14:41:37.114,1598,1706,1219,1527,1434,2793,1934,1613,1521,1433
2025-06-24 14:41:37.213,1530,1725,1453,1523,1470,2842,1848,1218,1521,1452
2025-06-24 14:41:37.313,1472,1715,1617,1453,1416,2800,1702,1079,1529,1444
2025-06-24 14:41:37.413,1449,1643,1774,1543,1418,2841,1552,1167,1545,1452
2025-06-24 14:41:37.513,1453,1508,1808,1425,1390,3344,1152,1443,1529,1446
2025-06-24 14:41:37.613,1472,1438,1807,1408,1424,1904,977,1442,1547,1456
2025-06-24 14:41:37.712,1488,1247,1824,1482,1456,542,921,1001,1546,1451
2025-06-24 14:41:37.812,1501,1202,1856,1495,1500,0,1004,485,1541,1456
2025-06-24 14:41:37.912,1488,1237,1815,1519,1584,0,1216,597,1533,1441
2025-06-24 14:41:38.012,1483,1360,1741,1527,1614,501,1474,982,1527,1435
2025-06-24 14:41:38.112,1485,1470,1495,1583,1605,442,1575,1293,1527,1440
2025-06-24 14:41:38.212,1499,1579,1322,1625,1571,0,1750,1506,1520,1431
2025-06-24 14:41:38.312,1510,1706,1278,1616,1584,0,1885,1802,1520,1438
2025-06-24 14:41:38.412,1515,1728,1281,1616,1649,267,1937,2002,1520,1447
2025-06-24 14:41:38.512,1489,1648,1348,1551,1568,852,1936,2097,1517,1435
2025-06-24 14:41:38.612,1525,1639,1473,1552,1615,1584,1923,2338,1522,1435
2025-06-24 14:41:38.711,1533,1643,1601,1525,1545,2010,1896,2341,1525,1445
2025-06-24 14:41:38.811,1535,1669,1739,1459,1459,2398,1619,2497,1522,1441
2025-06-24 14:41:38.911,1546,1706,1770,1488,1472,2916,1424,2480,1523,1439
2025-06-24 14:41:39.011,1563,1699,1910,1520,1426,3229,1136,2022,1527,1443
2025-06-24 14:41:39.111,1550,1603,1997,1475,1432,3332,693,1487,1525,1445
2025-06-24 14:41:39.210,1516,1547,1977,1489,1449,3522,596,1091,1527,1446
2025-06-24 14:41:39.310,1458,1514,1930,1487,1519,4095,654,918,1527,1455
2025-06-24 14:41:39.410,1408,1510,1825,1524,1470,2587,859,974,1524,1440
2025-06-24 14:41:39.509,1398,1519,1821,1552,1456,1173,1109,1070,1529,1438
2025-06-24 14:41:39.608,1407,1543,1860,1507,1477,428,1360,1001,1535,1444
2025-06-24 14:41:39.707,1430,1557,1747,1463,1514,481,1641,547,1527,1438
2025-06-24 14:41:39.807,1454,1610,1653,1455,1498,814,1896,497,1525,1439
2025-06-24 14:41:39.906,1450,1638,1258,1516,1472,447,2165,741,1520,1437
2025-06-24 14:41:40.006,1424,1651,1040,1510,1511,16,2303,985,1521,1435
2025-06-24 14:41:40.105,1424,1662,1009,1533,1568,288,2308,1187,1524,1451
2025-06-24 14:41:40.205,1443,1662,1088,1581,1535,803,2256,1330,1531,1442
2025-06-24 14:41:40.305,1457,1699,1313,1491,1586,1321,2186,1454,1533,1447
2025-06-24 14:41:40.405,1466,1666,1487,1554,1584,1845,2190,1589,1522,1439
2025-06-24 14:41:40.505,1475,1584,1574,1542,1600,2416,2014,1646,1520,1435
2025-06-24 14:41:40.605,1490,1491,1687,1456,1549,2780,1568,1799,1535,1447
2025-06-24 14:41:40.704,1502,1475,1782,1461,1456,3059,1359,2001,1530,1445
2025-06-24 14:41:40.804,1510,1497,1840,1509,1462,3120,1245,2262,1535,1447
2025-06-24 14:41:40.904,1518,1518,1939,1453,1463,3055,1170,1961,1524,1449
2025-06-24 14:41:41.008,1521,1563,1957,1486,1462,3248,1186,1414,1522,1437
2025-06-24 14:41:41.107,1532,1519,1923,1520,1472,3511,1318,1040,1522,1436
2025-06-24 14:41:41.207,1530,1455,1905,1525,1470,2210,1408,975,1523,1435
2025-06-24 14:41:41.307,1507,1441,1906,1549,1418,917,1488,1152,1520,1428
2025-06-24 14:41:41.406,1466,1488,1764,1502,1378,221,1614,1377,1520,1431
2025-06-24 14:41:41.505,1439,1516,1594,1504,1414,254,1692,1421,1535,1449
2025-06-24 14:41:41.604,1437,1535,1179,1527,1491,634,1763,790,1535,1445
2025-06-24 14:41:41.704,1435,1578,898,1519,1525,427,1659,430,1542,1451
2025-06-24 14:41:41.804,1452,1613,880,1535,1581,33,1663,540,1535,1443
2025-06-24 14:41:41.904,1457,1629,954,1477,1575,284,1726,831,1521,1430
2025-06-24 14:41:42.005,1463,1634,1043,1401,1611,769,1507,1129,1520,1450
2025-06-24 14:41:42.100,1430,1609,1105,1488,1607,1294,1254,1417,1522,1439
2025-06-24 14:41:42.200,1424,1618,1197,1481,1520,1822,1079,1673,1519,1435
2025-06-24 14:41:42.300,1454,1643,1362,1552,1491,2229,1147,1856,1530,1445
2025-06-24 14:41:42.400,1472,1660,1489,1542,1583,2487,1168,2027,1533,1446
2025-06-24 14:41:42.500,1488,1554,1541,1552,1569,2689,1197,2160,1527,1450
2025-06-24 14:41:42.600,1497,1456,1600,1542,1479,2617,1467,2304,1525,1445
2025-06-24 14:41:42.700,1501,1392,1730,1558,1391,2397,1584,2590,1530,1445
2025-06-24 14:41:42.800,1505,1414,1700,1527,1417,2573,1619,2653,1520,1441
2025-06-24 14:41:42.900,1508,1483,1618,1541,1443,2337,1620,2138,1533,1441
2025-06-24 14:41:42.999,1514,1580,1511,1568,1456,826,1761,1575,1535,1452
2025-06-24 14:41:43.100,1515,1568,1395,1552,1452,0,1865,1289,1528,1445
2025-06-24 14:41:43.200,1525,1487,1328,1501,1451,0,1894,1253,1534,1447
2025-06-24 14:41:43.299,1525,1454,987,1488,1456,0,1773,1424,1534,1445
2025-06-24 14:41:43.399,1498,1407,705,1482,1507,677,1696,1494,1533,1440
2025-06-24 14:41:43.499,1466,1461,592,1465,1582,560,1581,1525,1522,1456
2025-06-24 14:41:43.599,1441,1465,621,1440,1611,381,1434,719,1520,1434
2025-06-24 14:41:43.699,1434,1487,748,1450,1584,707,1258,538,1525,1438
2025-06-24 14:41:43.798,1451,1525,910,1477,1590,1280,1245,762,1523,1443
2025-06-24 14:41:43.898,1460,1552,1072,1472,1520,1923,1205,1022,1528,1455
2025-06-24 14:41:43.998,1449,1586,1294,1473,1514,2544,1197,1305,1513,1426
2025-06-24 14:41:44.098,1470,1674,1550,1557,1584,2870,1263,1520,1524,1441
2025-06-24 14:41:44.198,1451,1686,1729,1591,1547,2992,1251,1813,1533,1447
2025-06-24 14:41:44.297,1438,1679,2333,1563,1553,2996,1376,1883,1533,1451
2025-06-24 14:41:44.397,1456,1716,3206,1534,1554,2880,1477,2026,1521,1441
2025-06-24 14:41:44.497,1475,1676,1866,1520,1477,2743,1613,2224,1529,1446
2025-06-24 14:41:44.597,1488,1566,562,1506,1461,2988,1682,2363,1535,1445
2025-06-24 14:41:44.697,1501,1483,0,1441,1419,2957,1814,2650,1532,1441
2025-06-24 14:41:44.797,1511,1471,0,1498,1424,1462,2000,2478,1528,1442
2025-06-24 14:41:44.897,1516,1490,69,1582,1430,256,1883,1941,1527,1440
2025-06-24 14:41:44.997,1509,1529,833,1583,1489,0,1712,1456,1525,1440
2025-06-24 14:41:45.097,1495,1627,181,1521,1473,408,1744,1370,1535,1454
2025-06-24 14:41:45.197,1491,1579,0,1490,1424,890,1445,1545,1531,1445
2025-06-24 14:41:45.297,1485,1477,0,1419,1450,336,1040,1661,1526,1444
2025-06-24 14:41:45.397,1483,1424,0,1452,1479,16,990,1691,1530,1446
2025-06-24 14:41:45.497,1456,1418,0,1488,1463,403,999,1456,1523,1442
2025-06-24 14:41:45.597,1431,1422,290,1529,1520,928,1077,691,1529,1442
2025-06-24 14:41:45.696,1424,1422,1321,1552,1561,1434,1070,745,1535,1451
2025-06-24 14:41:45.796,1426,1473,2526,1535,1554,1869,1212,929,1523,1440
2025-06-24 14:41:45.896,1443,1492,3715,1568,1569,2238,1373,1178,1519,1430
2025-06-24 14:41:45.996,1455,1553,4095,1506,1566,2460,1588,1370,1511,1427
2025-06-24 14:41:46.095,1472,1552,4095,1503,1601,2528,1719,1551,1515,1426
2025-06-24 14:41:46.195,1467,1590,3821,1574,1598,2512,1866,1666,1519,1429
2025-06-24 14:41:46.294,1456,1595,3296,1521,1562,2427,2069,1684,1523,1443
2025-06-24 14:41:46.394,1474,1648,2885,1475,1403,2800,2128,1779,1525,1440
2025-06-24 14:41:46.494,1490,1705,2518,1499,1359,2461,2043,1943,1520,1438
2025-06-24 14:41:46.594,1504,1631,2333,1451,1410,996,1930,2203,1531,1441
2025-06-24 14:41:46.693,1507,1530,2223,1488,1452,20,1877,2283,1543,1451
2025-06-24 14:41:46.793,1515,1479,1833,1535,1531,0,1343,1831,1531,1451
2025-06-24 14:41:46.893,1511,1487,1504,1515,1513,370,1047,1266,1535,1451
2025-06-24 14:41:46.993,1525,1489,1357,1504,1472,945,970,1041,1529,1441
2025-06-24 14:41:47.093,1517,1526,1404,1487,1451,351,975,1013,1527,1443
2025-06-24 14:41:47.193,1515,1562,1501,1497,1422,159,1074,1193,1534,1447
2025-06-24 14:41:47.293,1519,1475,1680,1553,1440,478,1232,1344,1521,1439
2025-06-24 14:41:47.393,1524,1430,1847,1535,1495,848,1413,1430,1526,1441
2025-06-24 14:41:47.493,1535,1401,1984,1594,1519,1214,1489,883,1520,1439
2025-06-24 14:41:47.593,1517,1421,2149,1575,1547,1878,1725,736,1527,1445
2025-06-24 14:41:47.692,1440,1446,2183,1587,1565,2464,1870,865,1523,1439
2025-06-24 14:41:47.791,1423,1453,2209,1474,1527,2891,1935,1061,1521,1440
2025-06-24 14:41:47.891,1415,1491,2253,1505,1585,3070,1961,1142,1519,1436
2025-06-24 14:41:47.991,1434,1535,2228,1479,1616,3076,1991,1296,1531,1445
2025-06-24 14:41:48.091,1457,1579,2221,1570,1673,2799,1965,1407,1526,1445
2025-06-24 14:41:48.191,1467,1616,2094,1591,1648,2875,1855,1444,1533,1442
2025-06-24 14:41:48.291,1455,1637,1933,1513,1589,2686,1684,1456,1520,1433
2025-06-24 14:41:48.391,1444,1615,1808,1510,1447,1450,1397,1688,1526,1439
2025-06-24 14:41:48.491,1451,1629,1468,1490,1468,525,1242,1821,1527,1441
2025-06-24 14:41:48.591,1459,1646,1298,1430,1472,401,1138,2078,1534,1448
2025-06-24 14:41:48.691,1482,1563,1267,1414,1510,779,981,2144,1531,1442
2025-06-24 14:41:48.790,1491,1456,1331,1521,1490,1150,1035,1732,1527,1440
2025-06-24 14:41:48.890,1494,1428,1405,1527,1385,464,1190,1152,1523,1437
2025-06-24 14:41:48.990,1509,1453,1456,1569,1437,304,1374,659,1531,1441
2025-06-24 14:41:49.090,1493,1505,1529,1577,1407,625,1427,766,1521,1439
2025-06-24 14:41:49.190,1505,1567,1691,1505,1458,1101,1562,1167,1522,1439
2025-06-24 14:41:49.289,1519,1472,1783,1456,1486,1645,1653,1508,1522,1441
2025-06-24 14:41:49.389,1529,1445,1863,1466,1497,2236,1712,1808,1524,1446
2025-06-24 14:41:49.489,1545,1437,1968,1495,1591,2652,1781,1222,1527,1446
2025-06-24 14:41:49.589,1505,1423,2026,1506,1563,2858,1883,742,1523,1439
2025-06-24 14:41:49.689,1491,1445,2078,1575,1598,2821,1856,998,1531,1439
2025-06-24 14:41:49.788,1441,1498,2096,1532,1595,2714,1771,1139,1531,1439
2025-06-24 14:41:49.888,1411,1555,2007,1483,1551,2576,1680,1323,1530,1443
2025-06-24 14:41:49.988,1423,1585,1952,1557,1595,2957,1358,1466,1525,1441
2025-06-24 14:41:50.088,1435,1622,1801,1530,1563,2045,1086,1626,1531,1445
2025-06-24 14:41:50.188,1455,1667,1555,1567,1439,227,1037,1681,1535,1445
2025-06-24 14:41:50.287,1466,1697,1203,1515,1329,0,1155,1780,1535,1453
2025-06-24 14:41:50.387,1443,1671,1051,1477,1333,0,1247,2029,1534,1443
2025-06-24 14:41:50.487,1428,1643,1069,1463,1463,498,1264,2371,1531,1445
2025-06-24 14:41:50.586,1437,1657,1147,1494,1580,971,1482,2825,1530,1440
2025-06-24 14:41:50.685,1456,1611,1207,1504,1493,381,1650,2574,1527,1442
2025-06-24 14:41:50.784,1472,1465,1306,1515,1456,471,1710,1917,1520,1437
2025-06-24 14:41:50.884,1485,1427,1473,1535,1389,907,1804,1477,1522,1439
2025-06-24 14:41:50.984,1497,1446,1570,1517,1410,1401,1872,1354,1522,1433
2025-06-24 14:41:51.088,1506,1447,1643,1575,1483,1862,1872,1446,1521,1437
2025-06-24 14:41:51.187,1506,1488,1687,1626,1575,1745,1888,1629,1522,1439
2025-06-24 14:41:51.287,1517,1557,1703,1611,1569,2169,1781,1707,1526,1440
2025-06-24 14:41:51.387,1520,1498,1699,1579,1565,2368,1627,1745,1520,1435
2025-06-24 14:41:51.487,1522,1453,1635,1456,1631,2280,1466,963,1523,1435
2025-06-24 14:41:51.586,1554,1443,1648,1368,1600,2256,1134,637,1524,1441
2025-06-24 14:41:51.685,1534,1509,1677,1425,1583,2448,1049,670,1533,1455
2025-06-24 14:41:51.784,1504,1477,1613,1338,1514,3347,991,897,1525,1440
2025-06-24 14:41:51.884,1456,1523,1475,1155,1568,2764,1019,1222,1527,1442
2025-06-24 14:41:51.984,1425,1583,1359,988,1567,1296,1065,1606,1535,1453
2025-06-24 14:41:52.085,1418,1649,1136,900,1478,485,1155,1789,1531,1441
2025-06-24 14:41:52.180,1430,1707,1067,932,1445,560,1402,2023,1535,1446
2025-06-24 14:41:52.280,1447,1679,1088,959,1439,1134,1606,2319,1526,1447
2025-06-24 14:41:52.379,1461,1678,1148,1031,1449,1413,1647,2714,1523,1440
2025-06-24 14:41:52.479,1457,1630,1264,1133,1463,332,1744,3225,1520,1435
2025-06-24 14:41:52.579,1434,1702,1407,1232,1463,0,1926,2935,1523,1438
2025-06-24 14:41:52.679,1419,1689,1610,1303,1414,444,1953,2065,1520,1435
2025-06-24 14:41:52.779,1439,1574,1783,1520,1434,1094,1984,1450,1520,1442
2025-06-24 14:41:52.878,1466,1458,1853,1635,1460,1661,1920,1072,1526,1441
2025-06-24 14:41:52.978,1478,1449,1935,1690,1520,2119,1851,993,1530,1446
2025-06-24 14:41:53.078,1490,1469,1863,1751,1594,2242,1454,1135,1531,1446
2025-06-24 14:41:53.178,1505,1487,1778,1811,1599,2345,1135,1295,1524,1439
2025-06-24 14:41:53.278,1510,1571,1724,1913,1607,2428,955,1342,1533,1443
2025-06-24 14:41:53.378,1514,1550,1655,2160,1558,2573,1001,974,1530,1440
2025-06-24 14:41:53.478,1520,1462,1603,2304,1563,2909,1057,445,1527,1446
2025-06-24 14:41:53.578,1520,1410,1648,2317,1555,3877,1167,404,1523,1442
2025-06-24 14:41:53.678,1510,1402,1667,2291,1571,2367,1328,528,1527,1440
2025-06-24 14:41:53.778,1525,1418,1664,2123,1584,768,1523,795,1523,1437
2025-06-24 14:41:53.877,1520,1454,1456,1984,1541,138,1673,1103,1530,1441
2025-06-24 14:41:53.977,1472,1488,1297,1821,1427,421,1789,1347,1531,1442
2025-06-24 14:41:54.077,1414,1519,1231,1616,1413,1023,1979,1455,1520,1435
2025-06-24 14:41:54.177,1429,1585,1212,1493,1478,1034,2037,1535,1520,1438
2025-06-24 14:41:54.277,1440,1628,1168,1466,1486,246,2023,1607,1535,1455
2025-06-24 14:41:54.376,1455,1664,1184,1421,1467,214,2064,1840,1535,1451
2025-06-24 14:41:54.476,1459,1666,1242,1320,1489,625,1924,2033,1525,1440
2025-06-24 14:41:54.576,1465,1635,1361,1168,1446,1213,1744,1709,1534,1451
2025-06-24 14:41:54.676,1470,1687,1510,1185,1451,1710,1353,1104,1544,1456
2025-06-24 14:41:54.776,1427,1664,1630,1267,1459,2007,1125,784,1535,1451
2025-06-24 14:41:54.875,1425,1583,1717,1171,1458,2251,1040,850,1525,1440
2025-06-24 14:41:54.975,1444,1482,1776,1197,1525,2384,1136,1270,1522,1435
2025-06-24 14:41:55.075,1461,1475,1781,1309,1570,2341,1167,1663,1528,1444
2025-06-24 14:41:55.175,1482,1467,1776,1360,1566,2367,1311,1808,1526,1442
2025-06-24 14:41:55.275,1493,1475,1775,1473,1566,2932,1504,1761,1520,1431
2025-06-24 14:41:55.374,1503,1535,1853,1607,1557,3664,1648,1295,1517,1431
2025-06-24 14:41:55.474,1513,1481,1906,1658,1554,1905,1697,1111,1520,1430
2025-06-24 14:41:55.574,1518,1418,1972,1651,1581,314,1763,1075,1529,1440
2025-06-24 14:41:55.674,1521,1392,1780,1624,1597,0,1917,1091,1540,1449
2025-06-24 14:41:55.774,1517,1419,1584,1589,1521,132,2026,1237,1531,1449
2025-06-24 14:41:55.873,1497,1426,1445,1515,1409,815,1915,1363,1522,1437
2025-06-24 14:41:55.973,1511,1466,1384,1531,1423,419,1869,1577,1525,1440
2025-06-24 14:41:56.073,1505,1520,1312,1512,1468,0,1872,1821,1526,1442
2025-06-24 14:41:56.173,1467,1575,1307,1251,1509,346,1502,2017,1523,1443
2025-06-24 14:41:56.273,1439,1632,1308,983,1456,881,1168,1920,1523,1434
2025-06-24 14:41:56.372,1430,1651,1311,880,1440,1133,1079,1767,1521,1437
2025-06-24 14:41:56.472,1437,1663,1349,912,1399,1579,965,1632,1521,1439
2025-06-24 14:41:56.572,1447,1651,1381,1056,1429,2087,1039,1193,1527,1444
2025-06-24 14:41:56.672,1456,1664,1399,1179,1473,2391,1168,727,1525,1440
2025-06-24 14:41:56.772,1463,1715,1433,1349,1491,2624,1293,610,1524,1436
2025-06-24 14:41:56.872,1444,1614,1556,1431,1567,2732,1457,843,1527,1442
2025-06-24 14:41:56.972,1416,1509,1669,1546,1614,2861,1601,1181,1520,1435
2025-06-24 14:41:57.072,1425,1435,1734,1586,1606,4095,1709,1595,1519,1431
2025-06-24 14:41:57.172,1456,1453,1703,1675,1569,3995,1738,1865,1522,1431
2025-06-24 14:41:57.272,1472,1470,1399,1749,1573,1870,1858,1734,1527,1443
2025-06-24 14:41:57.371,1493,1551,1290,1787,1575,410,1894,1503,1534,1446
2025-06-24 14:41:57.471,1509,1584,1426,1881,1582,47,1893,1403,1527,1442
2025-06-24 14:41:57.571,1503,1500,1424,1936,1575,543,1840,1436,1535,1451
2025-06-24 14:41:57.671,1533,1454,1265,1954,1507,1219,1699,1474,1531,1445
2025-06-24 14:41:57.771,1542,1407,1185,1953,1447,617,1274,1585,1525,1445
2025-06-24 14:41:57.870,1530,1407,1207,1872,1403,145,1040,1632,1535,1450
2025-06-24 14:41:57.970,1522,1456,1222,2009,1482,666,977,1809,1535,1426
2025-06-24 14:41:58.070,1535,1509,1323,2077,1502,1383,1034,1941,1531,1443
2025-06-24 14:41:58.170,1520,1547,1250,1984,1495,2053,1202,1995,1526,1446
2025-06-24 14:41:58.270,1477,1594,1093,1802,1426,2480,1313,2146,1522,1436
2025-06-24 14:41:58.369,1442,1603,1136,1609,1365,2642,1479,2574,1514,1427
2025-06-24 14:41:58.469,1431,1601,1311,1446,1414,2746,1588,2800,1520,1438
2025-06-24 14:41:58.569,1425,1601,1572,1388,1487,2775,1719,2087,1523,1440
2025-06-24 14:41:58.669,1441,1616,1831,1406,1520,2661,1852,1375,1526,1440
2025-06-24 14:41:58.769,1451,1646,1765,1424,1557,2623,1836,1168,1529,1445
2025-06-24 14:41:58.869,1456,1648,1579,1421,1551,3670,1851,1220,1530,1442
2025-06-24 14:41:58.969,1472,1569,1520,1435,1534,2555,1893,1524,1535,1446
2025-06-24 14:41:59.070,1429,1525,1517,1456,1573,807,1883,1840,1547,1455
2025-06-24 14:41:59.170,1437,1456,1569,1447,1574,0,1776,1824,1526,1446
2025-06-24 14:41:59.270,1457,1456,1620,1419,1610,0,1602,1139,1527,1439
2025-06-24 14:41:59.370,1473,1488,1664,1441,1614,367,1341,1049,1527,1443
2025-06-24 14:41:59.470,1490,1535,1661,1439,1629,767,1170,1104,1533,1446
2025-06-24 14:41:59.569,1482,1526,1601,1428,1509,0,1058,1196,1522,1444
2025-06-24 14:41:59.669,1519,1488,1482,1483,1421,0,973,1191,1531,1449
2025-06-24 14:41:59.769,1542,1424,1462,1509,1397,124,1073,1265,1526,1442
2025-06-24 14:41:59.869,1546,1413,1420,1477,1455,528,1179,1383,1530,1448
2025-06-24 14:41:59.968,1535,1455,1383,1515,1408,1344,1370,1426,1526,1441
2025-06-24 14:42:00.067,1532,1459,1401,1450,1423,2092,1563,1695,1520,1438
2025-06-24 14:42:00.172,1529,1511,1358,1388,1399,2583,1755,1807,1520,1439
2025-06-24 14:42:00.267,1501,1555,1293,1297,1327,2882,1820,1879,1523,1443
2025-06-24 14:42:00.366,1483,1604,1282,1177,1298,2969,1877,1966,1520,1440
2025-06-24 14:42:00.466,1447,1648,1053,1007,1424,2827,1935,1938,1520,1438
2025-06-24 14:42:00.566,1424,1659,754,841,1520,2672,1902,1501,1531,1447
2025-06-24 14:42:00.665,1424,1649,675,815,1531,3418,1819,1280,1527,1442
2025-06-24 14:42:00.765,1437,1648,816,898,1557,2323,1854,1327,1522,1439
2025-06-24 14:42:00.864,1451,1695,1012,979,1542,812,1469,1553,1525,1440
2025-06-24 14:42:00.964,1488,1691,1205,1096,1616,111,1168,1705,1530,1440
2025-06-24 14:42:01.064,1450,1591,1317,1302,1530,41,1011,1728,1521,1439
2025-06-24 14:42:01.168,1422,1517,1412,1535,1555,528,960,1611,1523,1438
2025-06-24 14:42:01.268,1424,1485,1461,1755,1614,720,1009,1307,1522,1441
2025-06-24 14:42:01.368,1453,1494,1466,1827,1633,0,1168,1362,1526,1443
2025-06-24 14:42:01.467,1473,1488,1488,1904,1501,58,1301,1472,1529,1440
2025-06-24 14:42:01.566,1491,1552,1520,1904,1394,641,1457,1567,1526,1440
2025-06-24 14:42:01.665,1504,1558,1557,1920,1375,1258,1584,1621,1527,1442
2025-06-24 14:42:01.764,1509,1472,1495,1968,1424,1903,1776,1616,1533,1446
2025-06-24 14:42:01.864,1518,1400,1475,1956,1523,2415,1909,1618,1533,1447
2025-06-24 14:42:01.964,1520,1394,1519,2013,1564,2663,2038,1443,1520,1441
2025-06-24 14:42:02.064,1525,1408,1505,2032,1495,2805,2037,1433,1515,1427
2025-06-24 14:42:02.165,1520,1430,1309,2013,1429,2810,1907,1549,1516,1434
2025-06-24 14:42:02.260,1525,1486,1127,2039,1397,2673,1830,1697,1525,1441
2025-06-24 14:42:02.360,1519,1552,1099,1933,1424,2736,1650,1935,1535,1449
2025-06-24 14:42:02.459,1485,1578,1158,1815,1485,3457,1280,1794,1532,1443
2025-06-24 14:42:02.559,1439,1614,1266,1734,1517,2213,1090,1340,1534,1444
2025-06-24 14:42:02.658,1407,1655,1392,1599,1628,624,1019,1012,1543,1450
2025-06-24 14:42:02.758,1397,1661,1472,1428,1653,0,1072,1102,1534,1446
2025-06-24 14:42:02.857,1411,1631,1519,1329,1654,234,1072,1474,1535,1449
2025-06-24 14:42:02.956,1430,1675,1684,1263,1646,944,1158,1613,1543,1451
2025-06-24 14:42:03.055,1450,1677,1751,1331,1584,1100,1336,1574,1520,1434
2025-06-24 14:42:03.155,1452,1552,1731,1358,1519,266,1518,1471,1525,1441
2025-06-24 14:42:03.255,1436,1484,1689,1408,1552,432,1757,898,1535,1451
2025-06-24 14:42:03.355,1440,1463,1630,1370,1535,1134,1863,916,1529,1441
2025-06-24 14:42:03.455,1456,1457,1616,1424,1472,1921,1997,1147,1521,1439
2025-06-24 14:42:03.555,1485,1451,1712,1412,1397,2417,2109,1382,1515,1429
2025-06-24 14:42:03.654,1497,1526,1758,1470,1420,2722,2086,1650,1520,1437
2025-06-24 14:42:03.754,1509,1488,1675,1452,1443,2910,2045,1891,1518,1430
2025-06-24 14:42:03.853,1517,1443,1597,1514,1503,2873,1897,1921,1524,1438
2025-06-24 14:42:03.953,1514,1406,1296,1517,1523,2731,1745,1933,1530,1443
2025-06-24 14:42:04.053,1509,1425,1211,1466,1439,2705,1281,1929,1528,1441
2025-06-24 14:42:04.153,1516,1470,1232,1558,1391,3266,1072,1920,1525,1444
2025-06-24 14:42:04.253,1513,1515,1328,1508,1431,4095,962,2070,1532,1449
2025-06-24 14:42:04.353,1524,1562,1325,1449,1526,2134,978,2223,1529,1442
2025-06-24 14:42:04.452,1523,1554,1407,1411,1520,215,1136,2192,1520,1442
2025-06-24 14:42:04.552,1507,1612,1508,1459,1526,0,1264,2031,1526,1440
2025-06-24 14:42:04.652,1463,1664,1329,1409,1553,0,1338,1807,1535,1446
2025-06-24 14:42:04.752,1424,1686,1189,1104,1552,560,1550,1664,1523,1440
2025-06-24 14:42:04.851,1401,1680,1169,857,1591,336,1806,1568,1520,1432
2025-06-24 14:42:04.950,1424,1645,1264,771,1595,0,1839,1483,1520,1433
2025-06-24 14:42:05.050,1429,1655,1339,848,1598,39,1823,1430,1513,1424
2025-06-24 14:42:05.149,1463,1648,1395,931,1582,749,1873,1328,1523,1437
2025-06-24 14:42:05.249,1481,1535,1488,1083,1584,1599,2064,976,1531,1449
2025-06-24 14:42:05.348,1451,1460,1589,1249,1488,2206,2082,872,1525,1435
2025-06-24 14:42:05.447,1431,1467,1643,1392,1456,2323,1875,935,1526,1442
2025-06-24 14:42:05.546,1446,1478,1655,1571,1463,2181,1617,966,1535,1451
2025-06-24 14:42:05.646,1472,1518,1633,1689,1438,2266,1216,931,1525,1465
2025-06-24 14:42:05.745,1491,1535,1369,1776,1489,2375,1037,1152,1525,1440
2025-06-24 14:42:05.845,1492,1472,1251,1759,1444,2534,954,1443,1534,1435
2025-06-24 14:42:05.945,1523,1427,1264,1829,1457,3639,1002,1773,1524,1441
2025-06-24 14:42:06.045,1515,1408,1371,1899,1418,4095,1091,2198,1526,1444
2025-06-24 14:42:06.145,1510,1401,1463,1899,1419,2343,1156,2314,1527,1443
2025-06-24 14:42:06.245,1517,1456,1594,1955,1452,701,1277,2305,1535,1456
2025-06-24 14:42:06.345,1520,1490,1685,1930,1456,19,1488,2274,1535,1447
2025-06-24 14:42:06.445,1517,1543,1727,2039,1439,203,1739,1726,1535,1445
2025-06-24 14:42:06.545,1550,1589,1786,2150,1500,728,1869,1101,1524,1438
2025-06-24 14:42:06.645,1525,1633,1827,2027,1581,629,1958,774,1529,1442
2025-06-24 14:42:06.744,1477,1642,1868,1939,1561,0,1941,812,1525,1440
2025-06-24 14:42:06.843,1424,1653,1920,1855,1590,0,2029,1044,1531,1446
2025-06-24 14:42:06.942,1408,1633,1934,1709,1573,676,1937,1308,1521,1440
2025-06-24 14:42:07.042,1423,1649,1808,1606,1603,1616,1911,1473,1525,1447
2025-06-24 14:42:07.142,1436,1689,1674,1490,1619,2195,1584,1440,1530,1425
2025-06-24 14:42:07.242,1455,1606,1518,1413,1520,2644,1249,1180,1527,1441
2025-06-24 14:42:07.341,1479,1514,1422,1385,1488,2559,1067,1177,1520,1430
2025-06-24 14:42:07.440,1456,1463,1121,1367,1534,2349,945,1191,1525,1441
2025-06-24 14:42:07.539,1445,1455,927,1387,1535,2393,998,1227,1535,1453
2025-06-24 14:42:07.638,1452,1455,912,1367,1491,2533,983,1392,1525,1439
2025-06-24 14:42:07.738,1472,1497,1004,1361,1489,3409,1235,1584,1522,1441
2025-06-24 14:42:07.838,1492,1565,1100,1403,1462,4095,1532,1748,1526,1462
2025-06-24 14:42:07.937,1495,1488,1191,1439,1415,2076,1759,1991,1521,1437
2025-06-24 14:42:08.037,1503,1459,1316,1441,1460,432,1914,2382,1522,1439
2025-06-24 14:42:08.137,1511,1431,1409,1502,1547,65,1905,2415,1523,1440
2025-06-24 14:42:08.237,1511,1442,1525,1485,1534,446,1983,2243,1525,1440
2025-06-24 14:42:08.337,1513,1487,1631,1479,1520,949,1968,2112,1525,1444
2025-06-24 14:42:08.437,1514,1529,1751,1487,1545,703,1877,1669,1526,1445
2025-06-24 14:42:08.537,1511,1575,1855,1514,1558,0,1754,1264,1534,1445
2025-06-24 14:42:08.637,1513,1618,1870,1488,1584,0,1690,1090,1534,1446
2025-06-24 14:42:08.737,1505,1654,1856,1414,1488,265,1245,1074,1534,1447
2025-06-24 14:42:08.837,1466,1633,1755,1454,1486,884,1088,1338,1520,1435
2025-06-24 14:42:08.936,1422,1627,1673,1498,1487,1710,1034,1526,1523,1440
2025-06-24 14:42:09.036,1404,1630,1545,1488,1559,2338,1051,1519,1521,1440
2025-06-24 14:42:09.136,1409,1651,1410,1547,1543,2594,1113,1118,1530,1443
2025-06-24 14:42:09.236,1424,1659,1016,1495,1488,2699,1147,969,1532,1447
2025-06-24 14:42:09.335,1445,1578,863,1441,1452,2813,1274,952,1527,1440
2025-06-24 14:42:09.434,1461,1467,931,1187,1447,2975,1357,1046,1522,1437
2025-06-24 14:42:09.533,1455,1414,1136,915,1494,4095,1580,1381,1526,1444
2025-06-24 14:42:09.633,1424,1434,1280,789,1439,4095,1715,1661,1529,1447
2025-06-24 14:42:09.732,1424,1460,1394,883,1431,2177,1637,1422,1527,1437
2025-06-24 14:42:09.832,1445,1511,1396,997,1405,494,1803,1217,1519,1428
2025-06-24 14:42:09.931,1470,1553,1503,1034,1435,6,1962,1158,1520,1433
2025-06-24 14:42:10.030,1486,1471,1600,1253,1473,279,2001,1167,1529,1441
2025-06-24 14:42:10.130,1495,1421,1649,1370,1520,688,1918,1609,1520,1433
2025-06-24 14:42:10.230,1509,1418,1744,1481,1517,611,1843,1830,1525,1446
2025-06-24 14:42:10.329,1520,1456,1841,1619,1584,0,1328,1346,1534,1450
2025-06-24 14:42:10.429,1552,1492,1878,1776,1583,208,1053,852,1533,1447
2025-06-24 14:42:10.529,1518,1507,1871,1812,1535,816,847,636,1531,1438
2025-06-24 14:42:10.629,1520,1574,1821,1882,1547,1240,823,881,1535,1456
2025-06-24 14:42:10.729,1547,1616,1735,1925,1573,1672,975,1246,1530,1450
2025-06-24 14:42:10.828,1520,1641,1574,1969,1557,1899,1117,1518,1523,1440
2025-06-24 14:42:10.927,1478,1664,1476,1996,1601,1940,1281,1671,1523,1440
2025-06-24 14:42:11.027,1435,1653,1122,1975,1594,2064,1373,1761,1520,1435
2025-06-24 14:42:11.127,1419,1653,854,1973,1463,2237,1453,979,1541,1452
2025-06-24 14:42:11.231,1413,1694,773,1984,1414,2405,1346,833,1533,1446
2025-06-24 14:42:11.330,1424,1684,839,1910,1439,3183,1183,938,1527,1440
2025-06-24 14:42:11.429,1439,1575,976,1773,1457,4095,1139,1062,1525,1440
2025-06-24 14:42:11.528,1455,1517,1139,1702,1441,2444,1157,1261,1534,1445
2025-06-24 14:42:11.627,1467,1460,1343,1613,1462,752,1371,1616,1529,1441
2025-06-24 14:42:11.727,1440,1453,1500,1603,1462,0,1455,1933,1520,1437
2025-06-24 14:42:11.826,1431,1481,1681,1557,1408,311,1570,2269,1530,1445
2025-06-24 14:42:11.925,1447,1533,1818,1408,1399,915,1307,2583,1521,1435
2025-06-24 14:42:12.025,1468,1502,1953,1375,1456,902,1285,2841,1520,1437
2025-06-24 14:42:12.125,1486,1408,2025,1305,1495,0,1275,3195,1520,1437
2025-06-24 14:42:12.226,1509,1383,2064,1344,1595,108,1362,3046,1517,1440
2025-06-24 14:42:12.321,1520,1379,2014,1411,1619,929,1486,2235,1525,1440
2025-06-24 14:42:12.421,1529,1387,1953,1535,1600,1712,1494,1470,1527,1447
2025-06-24 14:42:12.520,1535,1456,1882,1497,1570,2287,1690,1114,1526,1426
2025-06-24 14:42:12.620,1535,1505,1703,1505,1559,2619,1838,1135,1525,1440
2025-06-24 14:42:12.720,1562,1565,1610,1520,1559,2815,1902,1225,1527,1443
2025-06-24 14:42:12.820,1540,1616,1197,1429,1550,2819,1919,1470,1522,1454
2025-06-24 14:42:12.920,1535,1650,813,1474,1566,2760,2031,1614,1527,1441
2025-06-24 14:42:13.019,1501,1668,610,1498,1507,2667,2151,1587,1523,1439
2025-06-24 14:42:13.119,1469,1670,507,1558,1511,3023,2192,759,1535,1451
2025-06-24 14:42:13.219,1446,1627,562,1600,1472,3953,2089,631,1531,1444
2025-06-24 14:42:13.319,1435,1683,752,1520,1487,2179,1949,809,1527,1460
2025-06-24 14:42:13.418,1449,1599,955,1554,1472,727,1779,963,1527,1437
2025-06-24 14:42:13.517,1456,1407,1146,1516,1421,136,1393,1328,1535,1442
2025-06-24 14:42:13.617,1443,1282,1339,1472,1435,311,1183,1808,1535,1451
2025-06-24 14:42:13.717,1471,1265,1583,1467,1410,832,1138,2127,1527,1439
2025-06-24 14:42:13.817,1454,1333,1866,1433,1419,996,1182,2257,1525,1439
2025-06-24 14:42:13.917,1441,1412,2070,1408,1498,258,1199,2192,1529,1448
2025-06-24 14:42:14.016,1437,1491,2267,1435,1503,265,1274,2314,1527,1446
2025-06-24 14:42:14.116,1460,1431,2422,1481,1504,577,1391,2346,1520,1439
2025-06-24 14:42:14.216,1474,1359,2517,1418,1554,1035,1525,1648,1522,1435
2025-06-24 14:42:14.316,1485,1360,2498,1435,1567,1664,1664,986,1515,1431
2025-06-24 14:42:14.416,1490,1314,2469,1506,1569,2339,1780,724,1515,1431
2025-06-24 14:42:14.515,1501,1230,2224,1494,1581,2795,1887,805,1520,1420
2025-06-24 14:42:14.615,1515,1221,1808,1279,1594,3097,2112,995,1524,1441
2025-06-24 14:42:14.715,1510,1290,1578,1029,1594,3225,2224,1148,1524,1439
2025-06-24 14:42:14.815,1507,1389,1492,929,1551,3089,2079,1286,1520,1433
2025-06-24 14:42:14.915,1494,1493,1479,890,1556,2898,2010,1397,1526,1434
2025-06-24 14:42:15.014,1488,1601,1571,976,1456,3149,1829,853,1527,1444
2025-06-24 14:42:15.114,1463,1672,1631,1093,1424,2035,1376,692,1534,1445
2025-06-24 14:42:15.214,1428,1728,1685,1246,1492,827,1177,742,1531,1440
2025-06-24 14:42:15.314,1408,1761,1731,1369,1520,287,984,814,1534,1447
2025-06-24 14:42:15.413,1410,1844,1765,1535,1517,342,981,1023,1530,1442
2025-06-24 14:42:15.513,1427,1845,1777,1667,1488,716,1139,1218,1534,1454
2025-06-24 14:42:15.613,1451,1742,1717,1722,1499,959,1275,1418,1527,1444
2025-06-24 14:42:15.713,1459,1658,1695,1712,1424,110,1389,1681,1533,1445
2025-06-24 14:42:15.813,1473,1642,1631,1872,1427,0,1579,2019,1535,1443
2025-06-24 14:42:15.913,1474,1637,1584,1878,1527,0,1742,2352,1526,1445
2025-06-24 14:42:16.013,1443,1650,1487,1871,1489,367,1798,2713,1529,1445
2025-06-24 14:42:16.113,1427,1680,1357,1845,1504,1190,1812,2607,1519,1437
2025-06-24 14:42:16.213,1483,1623,1223,1895,1532,1970,2043,1931,1531,1446
2025-06-24 14:42:16.313,1514,1570,855,1907,1533,2608,2121,1379,1535,1448
2025-06-24 14:42:16.413,1521,1549,602,1904,1584,3184,2160,1104,1542,1453
2025-06-24 14:42:16.512,1535,1544,612,1798,1584,3664,2112,1115,1535,1441
2025-06-24 14:42:16.612,1535,1543,751,1825,1616,3615,1833,1300,1529,1443
2025-06-24 14:42:16.712,1534,1561,929,1798,1618,3214,1257,1458,1527,1440
2025-06-24 14:42:16.812,1533,1566,1104,1687,1647,3083,903,1595,1518,1433
2025-06-24 14:42:16.912,1523,1578,1312,1664,1551,2385,911,1451,1521,1439
2025-06-24 14:42:17.012,1515,1616,1482,1619,1441,1239,973,845,1522,1442
2025-06-24 14:42:17.111,1506,1638,1583,1460,1439,530,1041,819,1531,1444
2025-06-24 14:42:17.211,1473,1658,1679,1392,1492,430,1168,922,1527,1443
2025-06-24 14:42:17.310,1431,1649,1744,1386,1493,658,1293,1089,1527,1441
2025-06-24 14:42:17.410,1395,1636,1775,1381,1455,952,1402,1210,1522,1437
2025-06-24 14:42:17.509,1386,1676,1817,1424,1394,386,1519,1375,1522,1438
2025-06-24 14:42:17.609,1394,1597,1808,1455,1379,0,1746,1584,1525,1441
2025-06-24 14:42:17.709,1410,1481,1888,1479,1360,0,1791,1741,1527,1445
2025-06-24 14:42:17.808,1431,1410,1887,1367,1417,608,1894,2057,1522,1440
2025-06-24 14:42:17.907,1442,1415,1875,1409,1489,1456,2026,2387,1526,1442
2025-06-24 14:42:18.006,1441,1454,1857,1488,1555,2221,1983,2723,1520,1439
2025-06-24 14:42:18.106,1443,1453,1409,1477,1547,2871,1936,2500,1510,1425
2025-06-24 14:42:18.206,1456,1558,1019,1435,1573,3461,1889,1773,1521,1438
2025-06-24 14:42:18.305,1472,1517,831,1465,1520,3847,1371,1319,1522,1437
2025-06-24 14:42:18.405,1488,1454,769,1517,1584,3667,1088,1200,1533,1445
2025-06-24 14:42:18.504,1501,1392,826,1573,1571,3257,976,1243,1531,1445
2025-06-24 14:42:18.604,1502,1405,946,1570,1618,2928,1008,1360,1535,1452
2025-06-24 14:42:18.704,1503,1409,1166,1511,1666,2674,1136,1515,1530,1438
2025-06-24 14:42:18.804,1502,1467,1408,1509,1575,1670,1193,1613,1527,1442
2025-06-24 14:42:18.904,1519,1525,1586,1552,1456,732,1319,1059,1524,1433
2025-06-24 14:42:19.003,1500,1584,1746,1515,1417,404,1461,496,1524,1436
2025-06-24 14:42:19.102,1517,1621,1909,1488,1457,525,1690,630,1541,1453
2025-06-24 14:42:19.202,1533,1644,2031,1486,1453,815,1955,849,1529,1440
2025-06-24 14:42:19.301,1519,1665,2087,1488,1501,574,2016,1031,1528,1440
2025-06-24 14:42:19.401,1486,1685,2008,1488,1462,189,2087,1329,1531,1446
2025-06-24 14:42:19.500,1439,1680,1947,1488,1410,161,2242,1530,1526,1451
2025-06-24 14:42:19.600,1408,1731,1899,1535,1344,430,2224,1814,1525,1439
2025-06-24 14:42:19.700,1403,1635,1775,1472,1415,1036,1917,2096,1523,1437
2025-06-24 14:42:19.800,1423,1520,1680,1586,1491,1744,1821,2294,1525,1445
2025-06-24 14:42:19.899,1445,1480,1424,1611,1549,2301,1291,2623,1528,1443
2025-06-24 14:42:19.998,1459,1481,1057,1526,1601,2716,1093,2873,1531,1444
2025-06-24 14:42:20.097,1456,1488,943,1472,1610,2956,873,2271,1529,1443
2025-06-24 14:42:20.197,1456,1520,974,1469,1595,2945,773,1499,1543,1456
2025-06-24 14:42:20.297,1437,1552,1142,1460,1614,2704,889,1066,1526,1445
2025-06-24 14:42:20.397,1475,1505,1337,1501,1574,2455,959,912,1534,1452
2025-06-24 14:42:20.496,1490,1451,1457,1499,1511,2383,1146,1081,1527,1442
2025-06-24 14:42:20.596,1503,1389,1632,1419,1607,1441,1291,1498,1520,1437
2025-06-24 14:42:20.696,1514,1411,1717,1225,1572,573,1488,2265,1523,1437
2025-06-24 14:42:20.796,1522,1456,1793,1088,1488,222,1607,2510,1521,1439
2025-06-24 14:42:20.895,1522,1471,1843,946,1443,357,1759,1373,1525,1441
2025-06-24 14:42:20.995,1520,1546,1840,927,1433,673,1930,423,1531,1443
2025-06-24 14:42:21.094,1523,1587,1879,1000,1418,704,1905,191,1533,1443
2025-06-24 14:42:21.194,1533,1609,1856,1164,1407,314,1920,334,1519,1435
2025-06-24 14:42:21.298,1524,1631,1927,1281,1474,304,1854,542,1520,1431
2025-06-24 14:42:21.398,1520,1645,1927,1405,1432,538,1741,798,1524,1438
2025-06-24 14:42:21.497,1517,1613,1915,1483,1358,981,1296,1073,1530,1441
2025-06-24 14:42:21.597,1440,1623,1769,1615,1373,1575,1043,1394,1519,1431
2025-06-24 14:42:21.697,1431,1662,1602,1653,1472,2135,1008,1683,1523,1445
2025-06-24 14:42:21.796,1429,1584,1323,1794,1552,2491,1044,1939,1520,1429
2025-06-24 14:42:21.896,1439,1477,964,1867,1565,2655,1088,2460,1525,1427
2025-06-24 14:42:21.995,1456,1456,880,1907,1543,2614,1245,2608,1530,1447
2025-06-24 14:42:22.095,1469,1473,914,1902,1535,2461,1407,2379,1527,1442
2025-06-24 14:42:22.195,1483,1557,1069,1937,1554,2352,1596,1783,1527,1447
2025-06-24 14:42:22.296,1453,1614,1265,1891,1613,2579,1677,1294,1533,1445
2025-06-24 14:42:22.391,1457,1633,1451,1904,1642,1712,1935,1087,1527,1441
2025-06-24 14:42:22.491,1479,1533,1656,1848,1687,654,2034,1226,1534,1451
2025-06-24 14:42:22.590,1505,1494,1790,1789,1664,224,2038,1309,1527,1442
2025-06-24 14:42:22.690,1515,1471,1952,1776,1531,421,2225,1424,1525,1439
2025-06-24 14:42:22.790,1517,1438,2011,1815,1441,845,2128,1293,1520,1431
2025-06-24 14:42:22.890,1518,1372,1904,1713,1442,994,1931,336,1521,1435
2025-06-24 14:42:22.990,1514,1424,1806,1529,1431,539,1796,249,1526,1435
2025-06-24 14:42:23.090,1517,1553,1696,1395,1361,520,1409,450,1522,1434
2025-06-24 14:42:23.190,1507,1656,1771,1347,1370,767,1040,848,1526,1443
2025-06-24 14:42:23.290,1517,1680,1934,1335,1351,1128,944,1149,1533,1445
2025-06-24 14:42:23.390,1520,1663,1919,1328,1319,1610,832,1351,1529,1445
2025-06-24 14:42:23.490,1516,1575,1801,1399,1370,2060,886,1465,1526,1442
2025-06-24 14:42:23.590,1487,1468,1475,1442,1413,2385,1030,1740,1531,1443
2025-06-24 14:42:23.690,1437,1487,1152,1467,1431,2565,1174,1997,1522,1441
2025-06-24 14:42:23.789,1400,1512,863,1470,1415,2670,1439,2255,1526,1452
2025-06-24 14:42:23.889,1394,1529,848,1434,1452,2672,1599,2547,1529,1442
2025-06-24 14:42:23.989,1411,1482,903,1445,1458,2672,1900,2406,1523,1437
2025-06-24 14:42:24.088,1424,1472,1008,1499,1493,2877,1940,1808,1520,1434
2025-06-24 14:42:24.188,1440,1486,1102,1511,1532,1773,1904,1325,1535,1449
2025-06-24 14:42:24.288,1451,1619,1289,1515,1549,621,1998,1125,1531,1446
2025-06-24 14:42:24.388,1436,1838,1472,1519,1646,193,1974,1181,1534,1441
2025-06-24 14:42:24.488,1437,1815,1589,1535,1691,310,1897,1342,1520,1435
2025-06-24 14:42:24.588,1454,1700,1635,1447,1610,732,1984,1551,1525,1441
2025-06-24 14:42:24.688,1472,1614,1600,1459,1525,1040,1513,1805,1530,1443
2025-06-24 14:42:24.787,1489,1497,1517,1468,1488,398,784,1134,1525,1441
2025-06-24 14:42:24.887,1499,1402,1545,1441,1502,219,0,889,1525,1438
2025-06-24 14:42:24.987,1520,1331,1597,1485,1490,458,0,1070,1534,1424
2025-06-24 14:42:25.086,1531,1279,1520,1525,1472,912,0,1210,1521,1435
2025-06-24 14:42:25.186,1535,1296,1371,1596,1454,1510,543,1535,1525,1444
2025-06-24 14:42:25.286,1533,1325,1225,1595,1423,2114,1175,1793,1526,1445
2025-06-24 14:42:25.386,1532,1403,847,1561,1401,2545,1693,1902,1525,1445
2025-06-24 14:42:25.486,1552,1457,768,1505,1429,2837,1972,1811,1526,1442
2025-06-24 14:42:25.585,1562,1552,912,1520,1507,2998,2183,1910,1534,1443
2025-06-24 14:42:25.685,1559,1563,1038,1489,1548,2945,2210,2084,1533,1449
2025-06-24 14:42:25.785,1520,1585,1243,1446,1558,2879,2172,2496,1535,1456
2025-06-24 14:42:25.885,1467,1626,1487,1467,1579,3366,2160,2669,1530,1443
2025-06-24 14:42:25.984,1443,1583,1678,1487,1648,2416,2231,2226,1521,1441
2025-06-24 14:42:26.083,1439,1513,1872,1590,1638,1056,2079,1598,1520,1437
2025-06-24 14:42:26.183,1459,1474,2003,1571,1611,303,2032,1353,1520,1435
2025-06-24 14:42:26.283,1478,1478,2059,1558,1627,273,2058,1183,1526,1441
2025-06-24 14:42:26.382,1501,1520,1984,1535,1632,647,1607,1366,1523,1439
2025-06-24 14:42:26.482,1492,1573,1869,1523,1654,992,1375,1495,1521,1438
2025-06-24 14:42:26.582,1481,1570,1844,1552,1568,176,1344,1616,1529,1446
2025-06-24 14:42:26.682,1497,1487,1856,1555,1467,0,1392,1472,1535,1449
2025-06-24 14:42:26.781,1488,1457,1923,1488,1437,0,1483,633,1535,1447
2025-06-24 14:42:26.881,1509,1418,2033,1534,1466,0,1550,215,1528,1443
2025-06-24 14:42:26.980,1521,1425,2000,1535,1501,717,1582,176,1520,1421
2025-06-24 14:42:27.079,1522,1466,1822,1511,1520,1587,1616,257,1516,1431
2025-06-24 14:42:27.179,1511,1507,1555,1498,1410,2351,1648,387,1515,1424
2025-06-24 14:42:27.279,1567,1587,1445,1526,1360,3119,1728,689,1520,1438
2025-06-24 14:42:27.379,1557,1633,1439,1479,1384,3952,1693,980,1527,1435
2025-06-24 14:42:27.479,1552,1684,1434,1483,1439,4095,1695,1390,1523,1440
2025-06-24 14:42:27.578,1549,1713,1531,1527,1488,4095,1681,1797,1527,1441
2025-06-24 14:42:27.678,1550,1724,1648,1501,1550,4095,1792,2603,1521,1442
2025-06-24 14:42:27.778,1545,1689,1803,1510,1589,3250,1785,3031,1520,1431
2025-06-24 14:42:27.878,1505,1721,1962,1475,1633,1872,1797,2817,1527,1441
2025-06-24 14:42:27.978,1453,1744,2029,1469,1641,868,1913,2296,1532,1443
2025-06-24 14:42:28.077,1421,1637,2032,1472,1657,591,2054,1878,1530,1443
2025-06-24 14:42:28.177,1414,1505,1995,1477,1616,691,1856,1483,1527,1441
2025-06-24 14:42:28.276,1424,1487,1889,1515,1645,957,1411,1429,1530,1454
2025-06-24 14:42:28.376,1442,1483,1808,1507,1616,157,1156,1551,1530,1441
2025-06-24 14:42:28.475,1456,1488,1837,1521,1549,0,1022,1527,1525,1443
2025-06-24 14:42:28.574,1437,1593,1879,1479,1494,0,1019,1521,1535,1451
2025-06-24 14:42:28.673,1419,1516,1792,1483,1451,0,1168,1547,1525,1439
2025-06-24 14:42:28.773,1424,1424,1643,1466,1442,269,1365,433,1530,1442
2025-06-24 14:42:28.873,1451,1376,1291,1535,1479,1213,1598,292,1531,1446
2025-06-24 14:42:28.973,1463,1412,957,1531,1491,2140,1670,529,1526,1439
2025-06-24 14:42:29.072,1486,1490,815,1556,1390,3013,1690,635,1525,1442
2025-06-24 14:42:29.172,1495,1505,905,1563,1355,4095,1712,441,1520,1437
2025-06-24 14:42:29.271,1493,1578,978,1562,1361,4095,1788,117,1523,1442
2025-06-24 14:42:29.371,1503,1612,1122,1535,1362,4095,1740,208,1529,1437
2025-06-24 14:42:29.471,1510,1633,1255,1475,1402,4095,1668,359,1526,1451
2025-06-24 14:42:29.570,1506,1651,1383,1407,1481,4095,1680,972,1522,1431
2025-06-24 14:42:29.670,1507,1677,1521,1434,1531,2881,1328,1674,1526,1442
2025-06-24 14:42:29.770,1514,1651,1680,1473,1582,1594,1125,1904,1534,1440
2025-06-24 14:42:29.870,1512,1630,1786,1479,1584,811,1054,2080,1534,1447
2025-06-24 14:42:29.970,1477,1671,1745,1477,1573,643,1140,1856,1529,1442
2025-06-24 14:42:30.069,1435,1632,1643,1456,1584,752,1277,1488,1520,1435
2025-06-24 14:42:30.169,1409,1518,1525,1514,1680,599,1390,1499,1530,1445
2025-06-24 14:42:30.268,1406,1437,1386,1555,1685,0,1569,2305,1529,1446
2025-06-24 14:42:30.368,1410,1435,1264,1552,1600,0,1730,2602,1531,1445
2025-06-24 14:42:30.468,1443,1446,1011,1534,1514,0,1855,2379,1527,1441
2025-06-24 14:42:30.567,1450,1462,773,1551,1415,135,2086,1997,1532,1442
2025-06-24 14:42:30.667,1434,1523,699,1583,1423,1078,1993,1459,1522,1439
2025-06-24 14:42:30.767,1420,1509,733,1584,1392,2029,2021,295,1525,1437
2025-06-24 14:42:30.867,1419,1430,848,1481,1479,2832,2032,0,1525,1440
2025-06-24 14:42:30.967,1469,1427,1004,1472,1463,3696,2032,0,1522,1440
2025-06-24 14:42:31.066,1489,1435,1145,1455,1392,4095,1836,497,1523,1437
2025-06-24 14:42:31.166,1492,1456,1294,1481,1428,4095,1685,986,1530,1442
2025-06-24 14:42:31.266,1495,1485,1460,1520,1439,4095,1282,1321,1529,1444
2025-06-24 14:42:31.370,1491,1530,1651,1549,1486,4095,1155,1680,1524,1440
2025-06-24 14:42:31.470,1497,1591,1779,1523,1565,3134,976,2080,1524,1440
2025-06-24 14:42:31.570,1488,1633,1878,1507,1501,1820,827,2651,1533,1459
2025-06-24 14:42:31.670,1477,1664,1893,1503,1535,911,911,2670,1535,1450
2025-06-24 14:42:31.769,1474,1664,1763,1520,1584,626,953,2352,1543,1450
2025-06-24 14:42:31.869,1475,1681,1631,1520,1566,700,1093,2095,1535,1446
2025-06-24 14:42:31.969,1485,1741,1487,1523,1501,847,1367,2405,1519,1441
2025-06-24 14:42:32.069,1482,1795,1446,1530,1616,0,1600,2411,1518,1430
2025-06-24 14:42:32.169,1456,1685,1239,1552,1642,0,1734,2272,1527,1442
2025-06-24 14:42:32.269,1405,1562,1012,1575,1555,0,1790,2083,1527,1443
2025-06-24 14:42:32.370,1382,1473,960,1567,1510,16,2046,1951,1535,1446
2025-06-24 14:42:32.465,1385,1438,1040,1523,1487,866,1984,1682,1520,1436
2025-06-24 14:42:32.565,1411,1456,1141,1491,1443,1744,1841,1322,1522,1437
2025-06-24 14:42:32.664,1431,1469,1278,1500,1511,2538,1737,928,1524,1443
2025-06-24 14:42:32.764,1441,1472,1360,1507,1450,3222,1518,116,1514,1426
2025-06-24 14:42:32.864,1431,1420,1468,1488,1396,3898,1193,66,1529,1445
2025-06-24 14:42:32.964,1432,1391,1584,1488,1296,4007,1040,336,1525,1445
2025-06-24 14:42:33.064,1447,1357,1638,1489,1349,3823,981,735,1526,1445
2025-06-24 14:42:33.163,1477,1378,1711,1552,1387,3402,927,1262,1523,1438
2025-06-24 14:42:33.263,1493,1426,1725,1535,1446,2810,987,1717,1523,1444
2025-06-24 14:42:33.363,1507,1440,1859,1516,1520,1543,1085,2112,1532,1443
2025-06-24 14:42:33.463,1504,1497,1841,1483,1510,576,1275,2553,1534,1444
2025-06-24 14:42:33.563,1519,1577,1795,1483,1543,291,1552,2828,1527,1431
2025-06-24 14:42:33.663,1527,1616,1769,1501,1565,475,1698,2704,1534,1447
2025-06-24 14:42:33.763,1535,1626,1723,1555,1532,819,1853,2853,1535,1453
2025-06-24 14:42:33.863,1529,1628,1606,1489,1547,258,1920,3127,1520,1437
2025-06-24 14:42:33.963,1523,1625,1233,1535,1646,0,2125,3099,1531,1444
2025-06-24 14:42:34.063,1531,1670,1103,1505,1680,0,2093,2731,1525,1441
2025-06-24 14:42:34.163,1535,1667,1030,1443,1606,242,1890,2460,1524,1438
2025-06-24 14:42:34.263,1516,1583,1098,1443,1493,999,1795,2295,1523,1439
2025-06-24 14:42:34.363,1466,1503,1274,1449,1475,1840,1739,2581,1524,1440
2025-06-24 14:42:34.463,1430,1443,1404,1514,1455,2442,1225,2727,1524,1443
2025-06-24 14:42:34.563,1420,1437,1476,1515,1434,2891,1120,2507,1527,1447
2025-06-24 14:42:34.663,1436,1460,1546,1484,1424,3201,1051,1523,1525,1441
2025-06-24 14:42:34.763,1449,1550,1555,1505,1416,3215,1116,1282,1525,1441
2025-06-24 14:42:34.863,1463,1535,1604,1465,1347,3038,1232,1409,1527,1441
2025-06-24 14:42:34.963,1446,1483,1639,1515,1339,3272,1283,1617,1526,1439
2025-06-24 14:42:35.063,1424,1457,1616,1473,1430,2576,1376,1846,1532,1444
2025-06-24 14:42:35.162,1451,1426,1663,1505,1524,1189,1535,2091,1529,1443
2025-06-24 14:42:35.262,1474,1447,1701,1567,1578,293,1677,2309,1534,1446
2025-06-24 14:42:35.362,1499,1466,1648,1503,1566,172,1787,2576,1527,1441
2025-06-24 14:42:35.462,1509,1534,1623,1482,1534,518,1844,2731,1529,1442
2025-06-24 14:42:35.562,1520,1584,1584,1507,1584,869,1979,2603,1520,1455
2025-06-24 14:42:35.662,1530,1625,1242,1478,1599,343,1994,2432,1519,1436
2025-06-24 14:42:35.762,1534,1627,1059,1558,1593,0,1905,1855,1530,1443
2025-06-24 14:42:35.862,1520,1659,1070,1565,1632,0,1657,1284,1535,1442
2025-06-24 14:42:35.962,1520,1650,1104,1570,1711,49,1530,1133,1533,1446
2025-06-24 14:42:36.062,1517,1623,1171,1529,1581,812,1287,1201,1523,1437
2025-06-24 14:42:36.162,1520,1648,1302,1504,1459,1730,1232,1296,1509,1426
2025-06-24 14:42:36.262,1497,1681,1424,1489,1423,2426,1147,1511,1521,1439
2025-06-24 14:42:36.362,1462,1569,1545,1482,1457,3005,1090,1694,1525,1441
2025-06-24 14:42:36.462,1429,1451,1666,1472,1466,3541,1098,1341,1519,1434
2025-06-24 14:42:36.562,1399,1389,1719,1472,1520,3695,1105,1179,1525,1441
2025-06-24 14:42:36.661,1406,1430,1757,1499,1519,3446,1326,1301,1531,1446
2025-06-24 14:42:36.761,1429,1472,1776,1552,1382,3799,1447,1505,1525,1442
2025-06-24 14:42:36.861,1442,1535,1674,1554,1333,2703,1612,1630,1522,1440
2025-06-24 14:42:36.961,1458,1552,1659,1503,1373,1247,1639,1771,1546,1456
2025-06-24 14:42:37.060,1446,1483,1740,1518,1455,387,1739,1806,1535,1447
2025-06-24 14:42:37.159,1427,1437,1748,1528,1517,303,1935,1838,1525,1439
2025-06-24 14:42:37.259,1450,1424,1613,1520,1552,575,2032,1879,1520,1439
2025-06-24 14:42:37.359,1469,1454,1467,1552,1572,848,1968,2181,1524,1441
2025-06-24 14:42:37.459,1483,1494,1162,1503,1564,176,1891,2386,1533,1453
2025-06-24 14:42:37.559,1488,1507,1060,1525,1584,0,1711,2320,1531,1444
2025-06-24 14:42:37.658,1487,1541,1090,1569,1583,0,1201,1885,1534,1445
2025-06-24 14:42:37.758,1501,1590,1177,1475,1610,191,1015,1524,1521,1439
2025-06-24 14:42:37.858,1503,1609,1250,1434,1663,1086,912,1392,1522,1435
2025-06-24 14:42:37.958,1525,1648,1296,1457,1594,1951,912,1530,1526,1440
2025-06-24 14:42:38.058,1517,1651,1350,1459,1529,2642,927,1555,1527,1441
2025-06-24 14:42:38.157,1527,1651,1441,1476,1461,3246,1104,1593,1526,1441
2025-06-24 14:42:38.257,1502,1648,1547,1477,1509,3728,1293,1568,1515,1424
2025-06-24 14:42:38.357,1520,1671,1664,1587,1503,3703,1424,1278,1519,1430
2025-06-24 14:42:38.457,1519,1584,1709,1644,1521,3383,1639,1271,1522,1437
2025-06-24 14:42:38.557,1455,1499,1718,1531,1513,3760,1844,1264,1525,1444
2025-06-24 14:42:38.656,1392,1463,1695,1486,1394,2719,1904,1211,1524,1440
2025-06-24 14:42:38.756,1362,1465,1702,1488,1378,1251,2100,1190,1530,1443
2025-06-24 14:42:38.855,1369,1514,1693,1543,1349,294,2219,1175,1533,1445
2025-06-24 14:42:38.955,1382,1552,1710,1520,1423,132,2112,1366,1527,1443
2025-06-24 14:42:39.055,1411,1569,1584,1441,1491,473,2025,1383,1533,1446
2025-06-24 14:42:39.154,1403,1486,1484,1459,1472,770,1857,1419,1527,1441
2025-06-24 14:42:39.254,1377,1454,1194,1522,1506,376,1360,1378,1530,1447
2025-06-24 14:42:39.354,1378,1444,960,1600,1552,97,1055,1483,1535,1443
2025-06-24 14:42:39.454,1401,1444,989,1574,1584,184,987,1994,1527,1442
2025-06-24 14:42:39.553,1409,1467,1183,1583,1555,638,976,2197,1527,1442
2025-06-24 14:42:39.653,1429,1489,1328,1584,1559,1307,1008,1856,1525,1442
2025-06-24 14:42:39.753,1447,1507,1435,1600,1683,2045,1105,1473,1521,1439
2025-06-24 14:42:39.852,1466,1549,1535,1616,1610,2618,1341,1169,1521,1439
2025-06-24 14:42:39.952,1472,1594,1583,1593,1510,3029,1473,934,1516,1433
2025-06-24 14:42:40.051,1484,1628,1611,1583,1447,3195,1718,744,1521,1436
2025-06-24 14:42:40.151,1494,1648,1633,1562,1432,3057,1934,497,1527,1427
2025-06-24 14:42:40.250,1486,1623,1607,1583,1413,2987,1872,0,1522,1441
2025-06-24 14:42:40.349,1477,1611,1648,1557,1479,3560,2055,0,1535,1450
2025-06-24 14:42:40.449,1476,1664,1594,1482,1519,2511,2079,0,1534,1450
2025-06-24 14:42:40.549,1459,1582,1433,1478,1437,960,1923,0,1520,1433
2025-06-24 14:42:40.648,1419,1525,1402,1410,1385,3,1894,33,1527,1441
2025-06-24 14:42:40.747,1392,1491,1428,1517,1406,0,1856,306,1531,1446
2025-06-24 14:42:40.846,1390,1487,1387,1553,1434,369,1367,534,1520,1430
2025-06-24 14:42:40.946,1429,1499,1350,1346,1510,731,1168,879,1525,1445
2025-06-24 14:42:41.045,1488,1548,1333,1201,1548,330,1105,1307,1528,1445
2025-06-24 14:42:41.144,1523,1570,1072,1129,1520,240,1051,1670,1524,1441
2025-06-24 14:42:41.243,1535,1495,957,1012,1562,425,1008,2255,1532,1450
2025-06-24 14:42:41.343,1534,1425,998,887,1583,814,981,2576,1523,1439
2025-06-24 14:42:41.447,1543,1395,1187,814,1600,1435,1133,2375,1533,1447
2025-06-24 14:42:41.546,1547,1426,1400,903,1585,2084,1283,1829,1534,1453
2025-06-24 14:42:41.646,1558,1456,1572,1011,1613,2509,1574,1510,1527,1446
2025-06-24 14:42:41.745,1567,1493,1709,1201,1607,2785,1740,1499,1526,1442
2025-06-24 14:42:41.845,1563,1552,1851,1281,1456,2922,1859,1841,1521,1439
2025-06-24 14:42:41.945,1568,1601,1909,1357,1375,2880,2129,2126,1521,1438
2025-06-24 14:42:42.045,1584,1622,1956,1485,1419,2960,2227,2031,1520,1433
2025-06-24 14:42:42.144,1559,1645,1979,1609,1473,3598,2173,1431,1520,1434
2025-06-24 14:42:42.244,1562,1673,2053,1726,1491,2343,2000,680,1520,1437
2025-06-24 14:42:42.344,1555,1679,2023,2123,1505,810,1782,635,1531,1446
2025-06-24 14:42:42.445,1559,1685,1968,2449,1442,0,1419,661,1532,1446
2025-06-24 14:42:42.540,1549,1713,1841,2469,1408,27,1105,700,1535,1447
2025-06-24 14:42:42.640,1531,1647,1650,2349,1424,403,968,766,1531,1445
2025-06-24 14:42:42.739,1440,1530,1547,2138,1456,613,943,930,1525,1439
2025-06-24 14:42:42.838,1375,1471,1383,1945,1529,240,985,1117,1527,1443
2025-06-24 14:42:42.937,1318,1488,1062,1808,1582,330,1042,1319,1523,1440
2025-06-24 14:42:43.036,1289,1472,910,1695,1571,672,1172,1547,1522,1437
2025-06-24 14:42:43.136,1280,1488,927,1599,1578,1119,1359,1867,1523,1442
2025-06-24 14:42:43.235,1313,1519,1003,1491,1638,1632,1534,2458,1526,1442
2025-06-24 14:42:43.335,1344,1473,1122,1408,1664,2137,1705,2653,1534,1450
2025-06-24 14:42:43.435,1377,1412,1331,1253,1674,2425,1842,2201,1523,1443
2025-06-24 14:42:43.535,1431,1390,1525,1280,1685,2625,2032,1642,1525,1441
2025-06-24 14:42:43.635,1498,1399,1616,1264,1614,2702,2130,1181,1524,1442
2025-06-24 14:42:43.735,1503,1424,1731,1267,1488,2699,1995,1063,1520,1434
2025-06-24 14:42:43.834,1552,1489,1883,1265,1388,3069,1874,1199,1533,1451
2025-06-24 14:42:43.934,1578,1558,1975,1283,1403,3350,1802,1302,1530,1445
2025-06-24 14:42:44.034,1584,1611,1973,1326,1423,1904,1302,1488,1530,1447
2025-06-24 14:42:44.134,1586,1651,1896,1314,1503,378,1050,1271,1533,1450
2025-06-24 14:42:44.234,1595,1701,1815,1369,1473,0,965,441,1533,1443
2025-06-24 14:42:44.334,1586,1658,1777,1455,1419,0,933,310,1529,1441
2025-06-24 14:42:44.434,1559,1655,1712,1527,1424,93,991,361,1530,1462
2025-06-24 14:42:44.534,1547,1616,1571,1557,1360,240,1034,597,1519,1431
2025-06-24 14:42:44.633,1514,1617,1520,1613,1421,74,1236,795,1515,1427
2025-06-24 14:42:44.732,1473,1568,1264,1639,1483,271,1410,989,1520,1433
2025-06-24 14:42:44.832,1431,1477,1045,1581,1535,640,1629,1219,1522,1437
2025-06-24 14:42:44.932,1387,1446,1015,1552,1566,1312,1823,1624,1520,1439
2025-06-24 14:42:45.031,1411,1456,1099,1589,1601,1831,1821,1984,1519,1453
2025-06-24 14:42:45.131,1427,1481,1173,1493,1571,2219,1961,2734,1527,1444
2025-06-24 14:42:45.230,1459,1506,1312,1242,1549,2425,2083,3637,1520,1438
2025-06-24 14:42:45.330,1485,1550,1456,1067,1639,2534,2098,3545,1518,1429
2025-06-24 14:42:45.429,1477,1490,1572,949,1706,2696,1936,2786,1520,1424
2025-06-24 14:42:45.529,1471,1416,1681,951,1649,2736,1845,2119,1531,1447
2025-06-24 14:42:45.629,1473,1407,1755,1057,1458,3248,1402,1616,1530,1452
2025-06-24 14:42:45.729,1486,1424,1776,1141,1399,2938,1193,1470,1535,1447
2025-06-24 14:42:45.829,1504,1461,1763,1317,1436,1531,1040,1409,1535,1452
2025-06-24 14:42:45.929,1509,1482,1744,1427,1484,245,944,1383,1535,1442
2025-06-24 14:42:46.029,1505,1562,1723,1497,1483,0,967,1435,1550,1463
2025-06-24 14:42:46.129,1516,1597,1739,1597,1470,68,1116,742,1526,1443
2025-06-24 14:42:46.229,1515,1639,1802,1703,1360,703,1142,111,1542,1455
2025-06-24 14:42:46.329,1513,1650,1798,1767,1321,839,1425,240,1526,1453
2025-06-24 14:42:46.429,1522,1650,1630,1863,1349,842,1633,573,1530,1445
2025-06-24 14:42:46.529,1518,1636,1495,1922,1411,1093,1776,714,1521,1436
2025-06-24 14:42:46.628,1517,1615,1254,1982,1465,1385,1941,816,1521,1436
2025-06-24 14:42:46.728,1520,1648,1150,1973,1552,1735,2112,980,1518,1438
2025-06-24 14:42:46.828,1497,1608,1120,1941,1552,2043,2106,1302,1520,1435
2025-06-24 14:42:46.928,1461,1547,1159,1893,1582,2061,1997,1566,1523,1437
2025-06-24 14:42:47.028,1432,1504,1242,2075,1623,2090,1860,1857,1531,1445
2025-06-24 14:42:47.128,1424,1472,1401,2067,1632,2225,1874,2541,1520,1435
2025-06-24 14:42:47.228,1437,1472,1535,1930,1714,2270,1441,2762,1532,1447
2025-06-24 14:42:47.328,1456,1492,1665,1818,1685,2226,1138,2391,1521,1436
2025-06-24 14:42:47.427,1467,1573,1771,1677,1664,2782,947,1792,1522,1435
2025-06-24 14:42:47.527,1466,1522,1811,1533,1481,2507,939,1345,1530,1440
2025-06-24 14:42:47.627,1469,1456,1835,1472,1386,1251,976,1253,1523,1433
2025-06-24 14:42:47.727,1466,1413,1838,1493,1424,192,1002,1408,1526,1440
2025-06-24 14:42:47.827,1488,1429,1745,1379,1419,0,1125,1535,1529,1443
2025-06-24 14:42:47.926,1506,1441,1686,1347,1436,449,1322,1601,1533,1448
2025-06-24 14:42:48.025,1520,1459,1741,1443,1413,1083,1622,1456,1525,1441
2025-06-24 14:42:48.125,1514,1493,1660,1488,1346,983,1761,528,1522,1444
2025-06-24 14:42:48.225,1520,1554,1459,1469,1359,1104,1877,432,1522,1438
2025-06-24 14:42:48.325,1506,1616,1308,1422,1455,1505,2031,626,1523,1439
2025-06-24 14:42:48.425,1521,1665,1037,1408,1507,1737,2176,796,1535,1447
2025-06-24 14:42:48.525,1525,1694,929,1411,1507,1776,2128,1075,1523,1441
2025-06-24 14:42:48.625,1535,1677,971,1447,1549,1968,2006,1231,1527,1443
2025-06-24 14:42:48.725,1526,1625,1050,1421,1584,2135,1918,1466,1525,1443
2025-06-24 14:42:48.825,1531,1639,1177,1427,1579,2057,1589,1806,1520,1438
2025-06-24 14:42:48.925,1535,1620,1381,1470,1601,2079,1229,2127,1530,1445
2025-06-24 14:42:49.025,1488,1563,1498,1493,1639,2043,978,2496,1526,1442
2025-06-24 14:42:49.125,1451,1463,1641,1463,1674,2150,998,3291,1520,1434
2025-06-24 14:42:49.224,1431,1463,1737,1459,1670,2615,967,3242,1526,1444
2025-06-24 14:42:49.324,1411,1446,1781,1393,1552,1904,1067,2431,1523,1440
2025-06-24 14:42:49.424,1441,1490,1806,1424,1417,562,1226,1744,1535,1450
2025-06-24 14:42:49.524,1465,1534,1853,1329,1470,0,1327,1373,1531,1467
2025-06-24 14:42:49.623,1465,1508,1763,1058,1483,0,1482,1339,1535,1440
2025-06-24 14:42:49.723,1455,1455,1648,880,1497,604,1707,1481,1526,1443
2025-06-24 14:42:49.823,1458,1417,1505,770,1509,1021,1812,1604,1523,1437
2025-06-24 14:42:49.923,1468,1403,1470,851,1370,550,1970,1583,1523,1433
2025-06-24 14:42:50.023,1486,1433,1356,964,1335,757,2179,1029,1523,1439
2025-06-24 14:42:50.123,1503,1441,1055,1115,1392,1389,2166,459,1513,1426
2025-06-24 14:42:50.222,1510,1483,950,1278,1449,2004,2017,555,1517,1433
2025-06-24 14:42:50.321,1506,1600,1086,1424,1543,2488,1907,716,1543,1456
2025-06-24 14:42:50.421,1515,1651,1223,1599,1580,2814,1792,992,1535,1452
2025-06-24 14:42:50.521,1499,1665,1344,1787,1607,2961,1278,1392,1530,1443
2025-06-24 14:42:50.621,1501,1712,1451,1849,1501,3010,943,1667,1519,1434
2025-06-24 14:42:50.721,1502,1674,1605,1873,1472,2704,857,1858,1523,1445
2025-06-24 14:42:50.821,1500,1629,1711,1914,1530,2521,917,2190,1531,1444
2025-06-24 14:42:50.921,1507,1630,1803,1899,1644,2576,1038,2658,1525,1442
2025-06-24 14:42:51.021,1532,1622,1762,1918,1744,2433,1175,3139,1533,1447
2025-06-24 14:42:51.121,1489,1531,1691,1943,1776,1076,1344,2887,1530,1443
2025-06-24 14:42:51.220,1442,1469,1744,1959,1552,0,1629,2534,1525,1441
2025-06-24 14:42:51.319,1393,1473,1858,1946,1358,0,1841,1906,1526,1443
2025-06-24 14:42:51.418,1377,1461,1820,2095,1313,29,1968,1423,1530,1451
2025-06-24 14:42:51.521,1392,1485,1745,2091,1346,747,1945,1315,1535,1450
2025-06-24 14:42:51.620,1411,1534,1590,1998,1385,960,2066,1079,1524,1436
2025-06-24 14:42:51.719,1424,1487,1437,1889,1377,496,2066,1036,1527,1441
2025-06-24 14:42:51.818,1434,1439,1194,1673,1342,819,2006,1121,1527,1443
2025-06-24 14:42:51.918,1424,1389,835,1451,1341,1407,1904,1232,1532,1445
2025-06-24 14:42:52.018,1433,1391,770,1326,1455,2045,1845,619,1525,1443
2025-06-24 14:42:52.118,1449,1452,833,1337,1483,2641,1263,338,1531,1444
2025-06-24 14:42:52.217,1478,1472,962,1306,1409,2985,866,291,1520,1427
2025-06-24 14:42:52.317,1497,1526,1136,1308,1191,3065,753,464,1520,1431
2025-06-24 14:42:52.417,1499,1594,1349,1286,1072,3057,836,596,1529,1442
2025-06-24 14:42:52.518,1517,1661,1535,1327,1021,3038,912,880,1526,1446
2025-06-24 14:42:52.613,1520,1664,1713,1343,1063,3004,1075,1275,1525,1440
2025-06-24 14:42:52.713,1520,1673,1871,1430,1220,3793,1245,1522,1527,1445
2025-06-24 14:42:52.813,1523,1649,1932,1559,1440,3285,1428,1833,1530,1445
2025-06-24 14:42:52.913,1525,1633,2026,1579,1661,1364,1648,2126,1520,1440
2025-06-24 14:42:53.013,1543,1639,2111,1571,1777,0,1808,2443,1522,1438
2025-06-24 14:42:53.113,1534,1642,2115,1552,1686,0,1929,2337,1525,1439
2025-06-24 14:42:53.213,1502,1584,2027,1496,1661,147,1971,1682,1530,1442
2025-06-24 14:42:53.312,1459,1506,1907,1493,1683,853,2079,1285,1520,1433
2025-06-24 14:42:53.411,1424,1460,1738,1460,1628,712,2160,1179,1521,1436
2025-06-24 14:42:53.511,1419,1471,1597,1415,1703,434,2000,1195,1520,1438
2025-06-24 14:42:53.611,1429,1505,1453,1467,1751,915,1835,1363,1523,1441
2025-06-24 14:42:53.711,1456,1547,1082,1477,1659,1501,1593,1760,1523,1440
2025-06-24 14:42:53.810,1458,1561,889,1501,1514,2063,1089,1998,1531,1443
2025-06-24 14:42:53.909,1435,1485,828,1527,1467,2391,903,1629,1525,1438
2025-06-24 14:42:54.009,1444,1444,944,1462,1528,2514,1007,1444,1541,1451
2025-06-24 14:42:54.109,1444,1445,1109,1296,1567,1987,1008,1552,1533,1445
2025-06-24 14:42:54.209,1459,1472,1206,1022,1615,1421,1210,1569,1535,1451
2025-06-24 14:42:54.308,1466,1498,1264,890,1679,1586,1431,1559,1535,1451
2025-06-24 14:42:54.408,1482,1507,1351,866,1712,2073,1529,1581,1521,1423
2025-06-24 14:42:54.508,1488,1523,1482,912,1712,3141,1683,1488,1520,1437
2025-06-24 14:42:54.608,1499,1582,1642,1015,1675,2740,1822,1424,1530,1449
2025-06-24 14:42:54.708,1504,1623,1712,1133,1680,1187,1903,1491,1523,1442
2025-06-24 14:42:54.807,1526,1654,1793,1334,1680,102,1830,1686,1527,1443
2025-06-24 14:42:54.907,1513,1649,1821,1506,1728,64,1753,1913,1535,1449
2025-06-24 14:42:55.007,1513,1627,1794,1655,1631,639,1873,2160,1527,1445
2025-06-24 14:42:55.107,1514,1602,1762,1755,1552,1159,1905,1774,1527,1446
2025-06-24 14:42:55.207,1520,1633,1637,1804,1499,576,1827,1313,1535,1447
2025-06-24 14:42:55.307,1489,1575,1605,1841,1488,523,1849,1225,1523,1444
2025-06-24 14:42:55.407,1449,1449,1584,1902,1526,895,1423,1511,1520,1438
2025-06-24 14:42:55.507,1454,1427,1311,1953,1483,1423,1034,1715,1519,1437
2025-06-24 14:42:55.607,1419,1424,1092,2000,1398,2002,921,1871,1521,1434
2025-06-24 14:42:55.706,1424,1447,1081,2007,1349,2443,807,2032,1521,1444
2025-06-24 14:42:55.806,1449,1518,1227,1983,1298,2719,912,1915,1527,1443
2025-06-24 14:42:55.906,1460,1551,1344,2014,1292,2835,1130,1421,1527,1443
2025-06-24 14:42:56.006,1458,1472,1504,1916,1381,2869,1251,1409,1534,1445
2025-06-24 14:42:56.106,1427,1439,1664,1857,1458,2922,1449,1475,1526,1443
2025-06-24 14:42:56.206,1445,1439,1792,1806,1523,2987,1654,1474,1519,1434
2025-06-24 14:42:56.305,1469,1415,1814,1725,1556,3902,1861,1487,1518,1428
2025-06-24 14:42:56.405,1488,1456,1842,1585,1611,2992,1936,1490,1521,1437
2025-06-24 14:42:56.505,1495,1520,1907,1491,1648,1344,1975,1605,1534,1445
2025-06-24 14:42:56.605,1511,1577,1990,1367,1650,192,2032,1669,1527,1442
2025-06-24 14:42:56.705,1515,1635,1999,1327,1741,33,1945,1789,1526,1437
2025-06-24 14:42:56.805,1520,1653,1904,1373,1728,511,1822,1997,1532,1442
2025-06-24 14:42:56.905,1531,1680,1777,1431,1601,976,1691,2235,1521,1441
2025-06-24 14:42:57.005,1521,1680,1685,1415,1518,369,1171,2111,1523,1436
2025-06-24 14:42:57.105,1519,1651,1591,1456,1429,48,1003,1600,1531,1442
2025-06-24 14:42:57.205,1518,1638,1473,1434,1422,357,899,1121,1535,1452
2025-06-24 14:42:57.305,1517,1689,1153,1427,1518,508,925,775,1529,1445
2025-06-24 14:42:57.405,1466,1622,912,1483,1551,578,999,962,1528,1443
2025-06-24 14:42:57.505,1438,1534,881,1455,1383,1099,1230,1346,1520,1439
2025-06-24 14:42:57.605,1419,1477,898,1513,1218,1755,1366,1500,1519,1436
2025-06-24 14:42:57.705,1411,1456,1015,1488,1213,2295,1513,1511,1526,1440
2025-06-24 14:42:57.804,1414,1467,1141,1498,1280,2650,1635,1283,1522,1439
2025-06-24 14:42:57.904,1451,1493,1282,1514,1392,2896,1779,1422,1519,1434
2025-06-24 14:42:58.004,1459,1551,1462,1520,1479,3025,1940,1563,1525,1441
2025-06-24 14:42:58.104,1455,1484,1616,1499,1510,4068,2030,1531,1525,1442
2025-06-24 14:42:58.204,1437,1419,1772,1487,1569,3378,2214,1563,1527,1440
2025-06-24 14:42:58.303,1436,1402,1815,1425,1637,1686,2278,1549,1524,1439
2025-06-24 14:42:58.403,1445,1402,1886,1369,1691,517,2085,1493,1523,1437
2025-06-24 14:42:58.503,1463,1410,1912,1393,1657,194,1790,1558,1534,1446
2025-06-24 14:42:58.603,1494,1462,1712,1447,1664,449,1285,1562,1519,1439
2025-06-24 14:42:58.703,1494,1553,1518,1469,1742,880,951,1669,1531,1443
2025-06-24 14:42:58.803,1498,1625,1357,1554,1590,313,852,1821,1534,1447
2025-06-24 14:42:58.903,1506,1669,1333,1585,1498,0,781,1851,1535,1449
2025-06-24 14:42:59.004,1505,1674,1143,1488,1478,233,969,1552,1529,1441
2025-06-24 14:42:59.103,1509,1680,862,1232,1482,769,1118,1264,1533,1449
2025-06-24 14:42:59.202,1513,1631,769,1018,1457,1392,1271,1235,1527,1444
2025-06-24 14:42:59.301,1499,1613,812,906,1443,1923,1492,1365,1525,1438
2025-06-24 14:42:59.401,1493,1639,901,859,1342,2442,1746,1577,1523,1440
2025-06-24 14:42:59.501,1492,1618,1082,966,1245,2877,1858,1787,1533,1447
2025-06-24 14:42:59.600,1458,1514,1259,1083,1264,3070,1879,1485,1525,1447
2025-06-24 14:42:59.700,1424,1461,1459,1273,1312,3085,1941,1003,1520,1437
2025-06-24 14:42:59.800,1424,1427,1648,1394,1419,3056,1965,971,1525,1439
2025-06-24 14:42:59.899,1441,1434,1767,1546,1511,3231,1885,1117,1523,1439
2025-06-24 14:42:59.999,1455,1467,1871,1643,1552,3824,1892,1254,1521,1437
2025-06-24 14:43:00.098,1468,1545,1967,1691,1584,2255,1793,1424,1521,1435
2025-06-24 14:43:00.204,1462,1478,2083,1808,1574,777,1459,1444,1518,1428
2025-06-24 14:43:00.298,1442,1435,2087,1813,1565,198,1245,1502,1527,1438
2025-06-24 14:43:00.398,1437,1415,1999,1893,1631,279,1072,1621,1532,1445
2025-06-24 14:43:00.498,1472,1420,1835,1934,1726,679,997,1840,1531,1442
2025-06-24 14:43:00.598,1488,1462,1712,1931,1777,737,1023,2059,1526,1443
2025-06-24 14:43:00.697,1510,1494,1632,1939,1629,0,1104,2357,1529,1441
2025-06-24 14:43:00.796,1512,1522,1307,2017,1483,0,1215,2475,1530,1443
2025-06-24 14:43:00.896,1520,1584,1088,1910,1472,336,1359,2299,1521,1435
2025-06-24 14:43:00.996,1520,1626,1040,1762,1469,899,1534,1915,1520,1438
2025-06-24 14:43:01.096,1520,1659,1051,1703,1459,1505,1759,1701,1527,1442
2025-06-24 14:43:01.196,1521,1680,1157,1717,1514,2112,1819,1583,1526,1442
2025-06-24 14:43:01.295,1516,1677,1251,1639,1399,2555,1946,1680,1527,1445
2025-06-24 14:43:01.395,1517,1616,1411,1579,1342,2839,2117,1767,1527,1441
2025-06-24 14:43:01.495,1514,1657,1530,1510,1349,2951,2080,1604,1523,1440
2025-06-24 14:43:01.599,1489,1649,1648,1461,1296,2908,1935,998,1527,1441
2025-06-24 14:43:01.698,1479,1584,1742,1364,1392,2791,1675,1023,1524,1443
2025-06-24 14:43:01.797,1445,1501,1753,1301,1514,2967,1290,1245,1525,1437
2025-06-24 14:43:01.896,1424,1511,1836,1344,1551,2768,1078,1474,1533,1442
2025-06-24 14:43:01.995,1430,1514,1895,1519,1574,1447,980,1590,1547,1453
2025-06-24 14:43:02.095,1456,1515,1994,1518,1600,430,999,1683,1523,1443
2025-06-24 14:43:02.194,1465,1597,1938,1474,1600,217,959,1798,1521,1434
2025-06-24 14:43:02.294,1471,1526,1782,1459,1566,527,1109,1906,1530,1443
2025-06-24 14:43:02.394,1449,1441,1678,1549,1626,944,1254,1968,1535,1441
2025-06-24 14:43:02.494,1449,1402,1515,1603,1667,483,1317,2083,1533,1441
2025-06-24 14:43:02.595,1465,1392,1204,1611,1647,0,1521,2259,1548,1456
2025-06-24 14:43:02.690,1482,1403,977,1581,1562,39,1727,2401,1527,1439
2025-06-24 14:43:02.790,1495,1445,861,1615,1491,501,1819,2384,1525,1441
2025-06-24 14:43:02.889,1503,1473,848,1601,1458,997,1953,2071,1517,1429
2025-06-24 14:43:02.989,1519,1530,945,1607,1495,1507,2192,1757,1521,1429
2025-06-24 14:43:03.089,1519,1609,1091,1552,1509,2129,2208,1618,1526,1444
2025-06-24 14:43:03.189,1517,1647,1276,1471,1459,2539,1994,1577,1522,1440
2025-06-24 14:43:03.289,1519,1641,1433,1495,1322,2850,1822,1588,1520,1437
2025-06-24 14:43:03.389,1530,1660,1555,1381,1312,2991,1651,1626,1520,1446
2025-06-24 14:43:03.489,1524,1650,1678,1362,1367,2970,1251,1216,1524,1441
2025-06-24 14:43:03.589,1525,1651,1781,1417,1413,2883,1040,1081,1527,1443
2025-06-24 14:43:03.689,1521,1642,1884,1433,1488,3034,979,1075,1530,1442
2025-06-24 14:43:03.789,1479,1573,1893,1474,1562,2475,973,1223,1522,1433
2025-06-24 14:43:03.888,1442,1500,1695,1519,1584,1089,1102,1619,1527,1443
2025-06-24 14:43:03.988,1418,1428,1602,1533,1589,0,1229,2178,1535,1450
2025-06-24 14:43:04.088,1423,1326,1514,1504,1604,0,1384,2198,1530,1445
2025-06-24 14:43:04.188,1437,1215,1535,1586,1569,0,1543,1834,1526,1438
2025-06-24 14:43:04.287,1465,1221,1399,1511,1655,490,1627,1581,1525,1440
2025-06-24 14:43:04.386,1472,1200,1053,1525,1711,291,1758,1475,1524,1438
2025-06-24 14:43:04.486,1465,1190,917,1462,1599,222,1809,1309,1520,1433
2025-06-24 14:43:04.586,1461,1245,950,1430,1517,682,2051,1333,1531,1445
2025-06-24 14:43:04.686,1465,1286,1041,1277,1488,1361,2045,1371,1521,1438
2025-06-24 14:43:04.786,1472,1342,1195,1099,1473,2001,1911,1403,1524,1440
2025-06-24 14:43:04.886,1453,1456,1346,911,1465,2362,1820,998,1517,1436
2025-06-24 14:43:04.986,1488,1571,1453,934,1477,2518,1706,688,1520,1440
2025-06-24 14:43:05.086,1497,1648,1530,1003,1439,2618,1233,620,1533,1450
2025-06-24 14:43:05.186,1502,1757,1794,1098,1344,2781,1028,627,1528,1442
2025-06-24 14:43:05.286,1491,1908,1971,1223,1392,2773,954,727,1525,1437
2025-06-24 14:43:05.386,1489,1984,2052,1381,1437,2643,955,790,1523,1445
2025-06-24 14:43:05.486,1497,2033,1949,1529,1456,2659,1022,320,1534,1447
2025-06-24 14:43:05.586,1509,1975,1936,1590,1488,3070,1114,190,1535,1447
2025-06-24 14:43:05.686,1520,1894,1936,1645,1584,2084,1193,305,1521,1438
2025-06-24 14:43:05.786,1521,1867,1837,1701,1546,770,1501,544,1525,1439
2025-06-24 14:43:05.885,1487,1771,1745,1782,1535,136,1712,802,1527,1440
2025-06-24 14:43:05.985,1450,1649,1655,1818,1565,151,1911,953,1534,1451
2025-06-24 14:43:06.085,1408,1564,1617,1827,1654,464,1968,1105,1527,1445
2025-06-24 14:43:06.185,1392,1519,1474,1908,1655,831,2130,1235,1525,1440
2025-06-24 14:43:06.285,1410,1499,1137,1936,1722,201,2288,1392,1533,1443
2025-06-24 14:43:06.384,1441,1502,946,1968,1642,222,2160,1488,1523,1439
2025-06-24 14:43:06.484,1469,1488,971,1859,1486,859,1943,1488,1523,1444
2025-06-24 14:43:06.583,1458,1393,1073,1734,1459,1603,1769,1516,1520,1431
2025-06-24 14:43:06.683,1454,1342,1223,1712,1501,2231,1211,1723,1521,1434
2025-06-24 14:43:06.783,1457,1339,1393,1711,1517,2623,902,1490,1525,1427
2025-06-24 14:43:06.883,1474,1344,1501,1630,1491,2833,768,1095,1522,1439
2025-06-24 14:43:06.982,1488,1385,1610,1531,1423,2831,869,755,1533,1445
2025-06-24 14:43:07.081,1502,1466,1670,1458,1326,2803,995,746,1529,1443
2025-06-24 14:43:07.181,1511,1494,1745,1411,1275,2654,1165,1021,1523,1440
2025-06-24 14:43:07.280,1517,1514,1794,1328,1381,2482,1328,1307,1524,1441
2025-06-24 14:43:07.380,1525,1522,1821,1347,1429,2698,1502,1437,1525,1442
2025-06-24 14:43:07.480,1532,1518,1759,1391,1519,2653,1638,1098,1521,1435
2025-06-24 14:43:07.580,1530,1552,1739,1401,1580,1392,1814,1067,1523,1441
2025-06-24 14:43:07.680,1509,1521,1727,1453,1555,475,1935,1136,1523,1439
2025-06-24 14:43:07.779,1551,1491,1725,1488,1635,257,2032,1287,1534,1441
2025-06-24 14:43:07.878,1580,1580,1690,1501,1585,688,2199,1407,1543,1455
2025-06-24 14:43:07.978,1517,1555,1590,1507,1564,1116,2278,1583,1531,1452
2025-06-24 14:43:08.078,1455,1453,1507,1582,1591,114,2178,1712,1523,1438
2025-06-24 14:43:08.178,1424,1431,1223,1619,1677,0,2117,1795,1533,1448
2025-06-24 14:43:08.277,1417,1446,1021,1520,1616,77,1528,1766,1543,1445
2025-06-24 14:43:08.376,1427,1472,1015,1500,1441,774,1120,1811,1523,1437
2025-06-24 14:43:08.475,1454,1520,1085,1546,1434,1520,909,2008,1516,1422
2025-06-24 14:43:08.575,1471,1607,1194,1488,1409,1965,882,2082,1526,1440
2025-06-24 14:43:08.674,1445,1561,1264,1482,1479,2226,978,2287,1525,1443
2025-06-24 14:43:08.773,1438,1515,1415,1507,1498,2573,1034,1977,1521,1439
2025-06-24 14:43:08.873,1476,1520,1535,1461,1492,2733,1035,1523,1516,1433
2025-06-24 14:43:08.973,1488,1509,1667,1451,1377,2589,1182,1255,1531,1441
2025-06-24 14:43:09.072,1505,1525,1743,1354,1381,2442,1481,1223,1532,1447
2025-06-24 14:43:09.172,1521,1526,1728,1445,1338,2342,1697,1382,1534,1447
2025-06-24 14:43:09.271,1531,1558,1705,1461,1419,2576,1905,1546,1523,1441
2025-06-24 14:43:09.371,1531,1613,1703,1489,1470,2143,1973,1153,1531,1447
2025-06-24 14:43:09.471,1550,1665,1663,1470,1520,794,2061,784,1535,1449
2025-06-24 14:43:09.570,1552,1674,1579,1529,1547,0,2179,871,1530,1443
2025-06-24 14:43:09.670,1553,1682,1600,1650,1623,18,2082,1153,1530,1434
2025-06-24 14:43:09.770,1554,1661,1708,1611,1619,573,1971,1488,1531,1445
2025-06-24 14:43:09.870,1558,1630,1750,1505,1629,993,1763,1779,1521,1439
2025-06-24 14:43:09.970,1551,1622,1635,1575,1639,378,1358,1950,1520,1445
2025-06-24 14:43:10.069,1479,1611,1492,1563,1685,310,992,2096,1525,1438
2025-06-24 14:43:10.169,1441,1535,1310,1488,1637,944,882,2160,1523,1438
2025-06-24 14:43:10.268,1419,1472,1226,1517,1513,1706,864,2150,1523,1441
2025-06-24 14:43:10.367,1415,1455,1099,1590,1467,2224,918,2146,1527,1443
2025-06-24 14:43:10.467,1411,1475,1055,1602,1470,2193,1043,2304,1517,1430
2025-06-24 14:43:10.566,1456,1472,1185,1552,1511,2225,1223,2357,1526,1443
2025-06-24 14:43:10.666,1463,1553,1298,1527,1518,2423,1417,2059,1530,1445
2025-06-24 14:43:10.766,1427,1485,1486,1610,1469,2576,1726,1472,1520,1427
2025-06-24 14:43:10.865,1422,1440,1649,1569,1413,2624,1946,944,1520,1431
2025-06-24 14:43:10.965,1437,1428,1786,1557,1351,2540,1932,906,1522,1457
2025-06-24 14:43:11.065,1465,1486,1848,1520,1343,2535,2093,1056,1531,1446
2025-06-24 14:43:11.165,1489,1479,1828,1511,1381,2945,2101,1278,1531,1447
2025-06-24 14:43:11.264,1514,1488,1777,1498,1485,1850,2002,1507,1532,1462
2025-06-24 14:43:11.363,1510,1509,1685,1472,1491,490,1947,1082,1535,1448
2025-06-24 14:43:11.463,1515,1580,1651,1455,1547,0,1878,1155,1531,1445
2025-06-24 14:43:11.563,1511,1636,1616,1441,1551,176,1410,1466,1521,1433
2025-06-24 14:43:11.667,1507,1644,1673,1453,1567,674,1073,1810,1532,1441
2025-06-24 14:43:11.767,1503,1648,1805,1467,1535,783,879,2021,1531,1444
2025-06-24 14:43:11.866,1507,1647,1920,1472,1523,300,902,2031,1541,1450
2025-06-24 14:43:11.965,1510,1648,1951,1463,1612,402,905,1993,1531,1442
2025-06-24 14:43:12.065,1520,1700,1810,1424,1637,1088,960,1938,1534,1463
2025-06-24 14:43:12.165,1505,1676,1660,1458,1567,1745,1200,1872,1529,1442
2025-06-24 14:43:12.265,1445,1581,1491,1453,1450,2261,1275,1831,1526,1441
2025-06-24 14:43:12.364,1399,1478,1277,1458,1499,2507,1493,1787,1531,1446
2025-06-24 14:43:12.464,1375,1418,1181,1438,1526,2273,1781,1765,1520,1435
2025-06-24 14:43:12.564,1367,1423,1232,1503,1513,2138,1904,1968,1519,1430
2025-06-24 14:43:12.665,1385,1460,1335,1470,1429,2213,2045,1923,1519,1426
2025-06-24 14:43:12.760,1414,1518,1597,1435,1371,2256,2187,1501,1529,1439
2025-06-24 14:43:12.860,1397,1477,1803,1477,1353,1936,2121,1115,1525,1441
2025-06-24 14:43:12.959,1381,1478,1747,1489,1391,2341,1935,875,1526,1441
2025-06-24 14:43:13.059,1393,1436,1635,1467,1401,1973,1840,909,1526,1441
2025-06-24 14:43:13.159,1421,1407,1523,1441,1454,641,1232,1120,1530,1442
2025-06-24 14:43:13.259,1440,1429,1510,1534,1519,0,914,974,1530,1445
2025-06-24 14:43:13.359,1457,1487,1616,1547,1521,165,847,640,1530,1444
2025-06-24 14:43:13.458,1475,1513,1661,1525,1583,751,897,708,1528,1442
2025-06-24 14:43:13.558,1482,1599,1604,1489,1621,1275,1049,873,1533,1449
2025-06-24 14:43:13.658,1490,1631,1395,1455,1651,647,1061,987,1529,1445
2025-06-24 14:43:13.758,1501,1635,1099,1421,1553,510,1133,1161,1519,1431
2025-06-24 14:43:13.858,1508,1662,1034,1423,1613,1161,1386,1347,1519,1429
2025-06-24 14:43:13.957,1503,1677,1066,1530,1681,1797,1606,1497,1529,1441
2025-06-24 14:43:14.057,1518,1617,1110,1553,1649,2091,1819,1634,1530,1445
2025-06-24 14:43:14.157,1523,1577,1278,1535,1493,2032,1961,1792,1517,1431
2025-06-24 14:43:14.257,1465,1646,1472,1511,1456,2160,2099,1877,1535,1454
2025-06-24 14:43:14.357,1370,1558,1601,1493,1456,2419,2167,2015,1523,1446
2025-06-24 14:43:14.457,1305,1472,1703,1479,1453,2567,2004,2170,1521,1438
2025-06-24 14:43:14.557,1295,1440,1763,1425,1393,2667,1865,2277,1521,1435
2025-06-24 14:43:14.657,1279,1425,1776,1424,1367,2577,1839,1839,1527,1444
2025-06-24 14:43:14.757,1294,1445,1871,1466,1287,2789,1328,1328,1528,1439
2025-06-24 14:43:14.857,1310,1510,1869,1472,1343,2368,1029,1009,1530,1439
2025-06-24 14:43:14.956,1306,1535,1716,1383,1418,978,961,1111,1529,1441
2025-06-24 14:43:15.056,1313,1491,1608,1326,1469,134,1077,1507,1533,1447
2025-06-24 14:43:15.156,1329,1456,1530,1328,1527,141,1095,1609,1531,1447
2025-06-24 14:43:15.256,1362,1447,1398,1314,1600,700,1168,1647,1522,1437
2025-06-24 14:43:15.356,1407,1456,1047,1385,1618,1387,1255,1072,1527,1439
2025-06-24 14:43:15.455,1458,1500,869,1433,1608,1149,1404,981,1524,1441
2025-06-24 14:43:15.555,1502,1492,834,1240,1554,801,1651,1166,1520,1437
2025-06-24 14:43:15.655,1526,1554,919,898,1554,1183,1731,1264,1526,1437
2025-06-24 14:43:15.755,1554,1607,1007,565,1584,1607,1853,1299,1529,1449
2025-06-24 14:43:15.855,1562,1633,1127,397,1639,1999,1959,1365,1535,1451
2025-06-24 14:43:15.955,1577,1654,1289,435,1552,2384,2037,1486,1513,1431
2025-06-24 14:43:16.055,1617,1669,1373,743,1495,2759,2112,1572,1520,1435
2025-06-24 14:43:16.155,1626,1602,1463,1009,1460,2993,2045,1680,1531,1447
2025-06-24 14:43:16.255,1625,1601,1516,1271,1488,3094,1947,1840,1533,1433
2025-06-24 14:43:16.355,1599,1669,1581,1457,1488,3088,1450,2027,1535,1447
2025-06-24 14:43:16.454,1556,1642,1638,1648,1486,2883,997,2205,1521,1438
2025-06-24 14:43:16.553,1503,1552,1575,1758,1346,2887,827,2287,1535,1446
2025-06-24 14:43:16.653,1494,1477,1488,1776,1215,3119,823,1813,1523,1439
2025-06-24 14:43:16.753,1493,1442,1392,1549,1177,1967,808,1307,1527,1442
2025-06-24 14:43:16.853,1496,1455,1339,1388,1235,724,976,978,1530,1441
2025-06-24 14:43:16.953,1493,1519,1274,1391,1337,164,1149,976,1527,1443
2025-06-24 14:43:17.053,1497,1558,1119,1369,1408,271,1277,1171,1519,1426
2025-06-24 14:43:17.153,1472,1520,1195,1451,1453,725,1547,1417,1520,1437
2025-06-24 14:43:17.253,1468,1429,1334,1637,1474,849,1809,1135,1530,1450
2025-06-24 14:43:17.352,1486,1415,1456,1728,1488,275,2025,806,1535,1452
2025-06-24 14:43:17.451,1502,1417,1520,1701,1523,0,2096,1072,1521,1437
2025-06-24 14:43:17.551,1515,1443,1581,1554,1563,0,2194,1360,1523,1443
2025-06-24 14:43:17.651,1525,1475,1669,1189,1648,290,2166,1607,1527,1441
2025-06-24 14:43:17.750,1522,1520,1689,1018,1760,1041,1904,1777,1530,1450
2025-06-24 14:43:17.850,1521,1572,1726,1068,1653,1789,1870,1779,1526,1443
2025-06-24 14:43:17.950,1485,1600,1807,1175,1552,2416,1423,1822,1520,1434
2025-06-24 14:43:18.050,1445,1619,1859,1392,1552,2992,1110,1938,1520,1433
2025-06-24 14:43:18.150,1414,1656,1906,1647,1551,3468,962,2014,1523,1441
2025-06-24 14:43:18.250,1393,1633,1904,1904,1584,3700,862,1988,1531,1444
2025-06-24 14:43:18.349,1391,1631,1790,2057,1599,3431,967,2006,1527,1444
2025-06-24 14:43:18.449,1374,1649,1665,2181,1506,3230,1008,2042,1522,1438
2025-06-24 14:43:18.548,1361,1643,1574,2183,1399,2595,1118,1872,1522,1436
2025-06-24 14:43:18.648,1374,1565,1522,2192,1348,1360,1328,1360,1525,1442
2025-06-24 14:43:18.748,1394,1515,1347,2171,1417,544,1558,1057,1530,1442
2025-06-24 14:43:18.848,1432,1479,1152,2110,1436,437,1791,1031,1523,1435
2025-06-24 14:43:18.947,1474,1488,1106,2032,1505,622,1888,1170,1535,1447
2025-06-24 14:43:19.047,1488,1510,1232,1975,1529,947,1882,1347,1525,1438
2025-06-24 14:43:19.147,1546,1513,1294,1991,1524,497,2103,1477,1520,1431
2025-06-24 14:43:19.247,1520,1477,1328,1932,1503,0,2129,1195,1519,1429
2025-06-24 14:43:19.346,1518,1454,1379,1854,1570,0,2070,1279,1523,1441
2025-06-24 14:43:19.446,1523,1403,1446,1789,1593,240,1972,1425,1542,1453
2025-06-24 14:43:19.545,1542,1427,1452,1760,1607,831,1651,1545,1549,1456
2025-06-24 14:43:19.645,1552,1456,1476,1748,1699,1619,1196,1618,1533,1451
2025-06-24 14:43:19.745,1556,1471,1511,1763,1615,2289,896,1744,1525,1440
2025-06-24 14:43:19.845,1552,1550,1584,1743,1506,2889,811,1809,1520,1437
2025-06-24 14:43:19.944,1551,1589,1695,1695,1495,3232,898,1871,1519,1431
2025-06-24 14:43:20.044,1522,1616,1791,1684,1505,3171,1008,1802,1519,1430
2025-06-24 14:43:20.144,1495,1670,1714,1665,1517,2942,1117,1808,1519,1433
2025-06-24 14:43:20.244,1466,1679,1616,1622,1488,2660,1338,1742,1521,1437
2025-06-24 14:43:20.343,1452,1691,1566,1666,1402,2637,1559,1658,1535,1450
2025-06-24 14:43:20.442,1458,1667,1506,1552,1297,1714,1658,1735,1527,1441
2025-06-24 14:43:20.541,1470,1679,1293,1552,1280,729,1792,1765,1527,1443
2025-06-24 14:43:20.641,1472,1658,1170,1499,1323,263,1862,1441,1527,1442
2025-06-24 14:43:20.741,1456,1593,1136,1477,1342,384,1995,1125,1530,1440
2025-06-24 14:43:20.841,1440,1522,1175,1494,1422,768,2094,977,1531,1450
2025-06-24 14:43:20.940,1436,1467,1229,1451,1509,887,2002,1174,1527,1445
2025-06-24 14:43:21.040,1456,1469,1274,1426,1585,832,1955,1439,1520,1439
2025-06-24 14:43:21.140,1475,1509,1287,1461,1589,1023,1877,1421,1526,1445
2025-06-24 14:43:21.240,1485,1575,1265,1474,1535,1158,1419,1423,1531,1445
2025-06-24 14:43:21.340,1506,1511,1235,1495,1610,1389,1118,1409,1533,1443
2025-06-24 14:43:21.440,1484,1409,1226,1447,1651,1669,896,1410,1520,1436
2025-06-24 14:43:21.540,1493,1421,1283,1438,1706,1952,909,1599,1535,1451
2025-06-24 14:43:21.640,1508,1429,1319,1506,1647,2134,963,1739,1535,1453
2025-06-24 14:43:21.744,1515,1422,1354,1489,1519,2191,1115,1765,1525,1440
2025-06-24 14:43:21.844,1513,1453,1373,1511,1477,2026,1201,1696,1519,1435
2025-06-24 14:43:21.944,1519,1501,1457,1568,1440,1983,1406,1565,1515,1428
2025-06-24 14:43:22.044,1519,1573,1503,1552,1467,1998,1669,1602,1531,1446
2025-06-24 14:43:22.144,1487,1632,1518,1547,1460,2124,1840,1662,1523,1453
2025-06-24 14:43:22.243,1495,1701,1514,1545,1450,1199,1963,1686,1520,1437
2025-06-24 14:43:22.343,1481,1691,1547,1526,1351,302,2096,1822,1526,1442
2025-06-24 14:43:22.442,1474,1678,1379,1488,1339,16,2097,1680,1531,1446
2025-06-24 14:43:22.542,1485,1634,1282,1255,1391,275,1950,1301,1524,1447
2025-06-24 14:43:22.642,1495,1604,1226,912,1488,692,1967,1120,1533,1454
2025-06-24 14:43:22.743,1511,1617,1265,769,1498,688,1874,1106,1521,1434
2025-06-24 14:43:22.838,1488,1600,1347,765,1519,633,1355,1284,1530,1445
2025-06-24 14:43:22.938,1456,1511,1655,897,1522,862,1166,1424,1531,1450
2025-06-24 14:43:23.037,1429,1434,1947,1040,1478,1354,1040,1233,1535,1444
2025-06-24 14:43:23.137,1434,1438,1839,1247,1566,1876,974,1250,1522,1437
2025-06-24 14:43:23.237,1451,1466,1600,1437,1550,2229,992,1402,1529,1441
2025-06-24 14:43:23.337,1473,1502,1618,1551,1599,2362,1130,1517,1529,1449
2025-06-24 14:43:23.436,1486,1518,1634,1680,1616,2302,1268,1676,1526,1441
2025-06-24 14:43:23.536,1475,1460,1698,1779,1557,2215,1410,1722,1521,1440
2025-06-24 14:43:23.636,1471,1442,1729,1806,1520,1943,1616,1761,1529,1440
2025-06-24 14:43:23.736,1467,1456,1744,1855,1488,1840,1761,1775,1518,1431
2025-06-24 14:43:23.836,1481,1461,1713,1819,1498,2224,1935,1762,1523,1433
2025-06-24 14:43:23.936,1503,1508,1792,1823,1467,2667,2010,1721,1534,1450
2025-06-24 14:43:24.035,1508,1518,1847,1841,1483,1739,2112,1790,1523,1439
2025-06-24 14:43:24.135,1511,1557,1762,1801,1482,549,2120,1829,1523,1438
2025-06-24 14:43:24.235,1518,1600,1707,1831,1395,0,1980,1865,1525,1435
2025-06-24 14:43:24.335,1490,1655,1551,1791,1345,77,1761,2037,1525,1442
2025-06-24 14:43:24.435,1521,1690,1407,1706,1386,704,1420,1841,1528,1442
2025-06-24 14:43:24.534,1520,1685,1344,1669,1434,963,1155,1427,1521,1435
2025-06-24 14:43:24.634,1520,1639,1247,1648,1482,673,1057,1150,1530,1443
2025-06-24 14:43:24.734,1520,1587,1241,1593,1531,1042,917,1136,1530,1451
2025-06-24 14:43:24.834,1523,1613,1249,1543,1552,1665,951,1267,1521,1435
2025-06-24 14:43:24.934,1498,1617,1360,1518,1589,2194,1079,1425,1520,1433
2025-06-24 14:43:25.033,1464,1552,1454,1462,1639,2503,1180,975,1532,1446
2025-06-24 14:43:25.133,1431,1465,1547,1472,1552,2752,1379,949,1527,1444
2025-06-24 14:43:25.232,1424,1430,1562,1535,1648,2823,1584,1282,1521,1437
2025-06-24 14:43:25.332,1430,1449,1583,1552,1692,2786,1801,1471,1526,1445
2025-06-24 14:43:25.432,1447,1476,1595,1495,1643,2652,1895,1489,1523,1440
2025-06-24 14:43:25.531,1462,1490,1572,1587,1543,2425,1949,1645,1523,1435
2025-06-24 14:43:25.630,1473,1427,1579,1511,1467,2653,2128,1821,1520,1437
2025-06-24 14:43:25.730,1456,1399,1559,1584,1488,2909,2090,1902,1523,1440
2025-06-24 14:43:25.829,1445,1378,1552,1580,1500,1635,1996,1902,1524,1438
2025-06-24 14:43:25.929,1455,1392,1511,1578,1487,278,1916,1862,1535,1447
2025-06-24 14:43:26.028,1478,1411,1526,1571,1423,0,1713,1873,1532,1447
2025-06-24 14:43:26.128,1488,1517,1379,1588,1380,26,1354,1923,1545,1454
2025-06-24 14:43:26.227,1501,1524,1131,1550,1366,566,1114,2173,1531,1444
2025-06-24 14:43:26.327,1510,1593,1037,1584,1391,879,942,2439,1532,1443
2025-06-24 14:43:26.426,1509,1655,1061,1555,1391,646,986,1997,1531,1445
2025-06-24 14:43:26.526,1517,1680,1141,1594,1466,882,1072,1355,1521,1438
2025-06-24 14:43:26.626,1523,1683,1249,1598,1543,910,1147,1100,1523,1440
2025-06-24 14:43:26.726,1522,1664,1301,1606,1560,916,1241,976,1533,1447
2025-06-24 14:43:26.826,1519,1629,1424,1515,1593,1257,1370,945,1525,1443
2025-06-24 14:43:26.926,1506,1648,1494,1520,1588,1759,1573,1075,1518,1431
2025-06-24 14:43:27.025,1529,1652,1564,1587,1614,2181,1712,1121,1520,1430
2025-06-24 14:43:27.125,1488,1603,1622,1547,1626,2522,1888,429,1525,1443
2025-06-24 14:43:27.224,1443,1517,1649,1549,1635,2741,2063,0,1534,1446
2025-06-24 14:43:27.323,1422,1496,1679,1498,1582,2550,2123,0,1531,1447
2025-06-24 14:43:27.422,1419,1481,1647,1415,1510,2221,2014,128,1535,1455
2025-06-24 14:43:27.522,1425,1493,1590,1475,1441,2442,1833,591,1530,1443
2025-06-24 14:43:27.622,1446,1571,1535,1487,1447,1411,1569,905,1532,1445
2025-06-24 14:43:27.722,1460,1494,1535,1508,1454,260,1072,1200,1530,1446
2025-06-24 14:43:27.821,1466,1423,1424,1474,1488,0,896,1506,1526,1439
2025-06-24 14:43:27.921,1439,1391,1210,1433,1470,0,848,1687,1525,1454
2025-06-24 14:43:28.020,1442,1386,1165,1316,1430,0,910,1961,1525,1441
2025-06-24 14:43:28.120,1451,1427,1217,1232,1413,306,885,2218,1523,1437
2025-06-24 14:43:28.220,1472,1486,1314,1077,1424,155,1065,2602,1519,1434
2025-06-24 14:43:28.320,1494,1520,1447,1072,1459,545,1306,2973,1524,1441
2025-06-24 14:43:28.419,1508,1583,1525,1083,1511,1041,1443,2864,1520,1435
2025-06-24 14:43:28.518,1511,1650,1504,1217,1559,1491,1587,2171,1520,1438
2025-06-24 14:43:28.618,1514,1665,1530,1346,1573,1819,1839,1622,1529,1443
2025-06-24 14:43:28.718,1510,1677,1555,1442,1580,2396,1949,1434,1525,1450
2025-06-24 14:43:28.818,1515,1667,1613,1494,1591,2813,2123,1468,1530,1442
2025-06-24 14:43:28.918,1514,1617,1634,1535,1586,2948,2215,1449,1524,1436
2025-06-24 14:43:29.018,1494,1633,1683,1681,1583,2934,2198,1489,1520,1435
2025-06-24 14:43:29.118,1516,1632,1710,1844,1587,2656,1988,1233,1523,1439
2025-06-24 14:43:29.217,1509,1583,1670,1971,1600,2371,1824,488,1527,1437
2025-06-24 14:43:29.317,1472,1547,1651,1947,1501,2940,1257,589,1535,1444
2025-06-24 14:43:29.417,1437,1465,1645,1829,1372,2587,944,917,1529,1439
2025-06-24 14:43:29.516,1418,1455,1633,1744,1373,1424,820,1309,1527,1439
2025-06-24 14:43:29.616,1415,1441,1401,1712,1394,653,905,1627,1522,1440
2025-06-24 14:43:29.715,1434,1547,1307,1683,1451,544,1031,1890,1526,1435
2025-06-24 14:43:29.815,1456,1484,1332,1557,1509,944,1121,1987,1524,1441
2025-06-24 14:43:29.914,1463,1419,1378,1423,1415,1456,1247,2167,1524,1440
2025-06-24 14:43:30.014,1462,1379,1418,1390,1426,1191,1405,2407,1527,1441
2025-06-24 14:43:30.114,1471,1393,1459,1386,1478,1292,1632,2480,1525,1443
2025-06-24 14:43:30.214,1444,1426,1535,1457,1501,1423,1776,2727,1521,1435
2025-06-24 14:43:30.313,1459,1472,1584,1553,1509,1553,1920,2871,1527,1445
2025-06-24 14:43:30.413,1482,1507,1619,1565,1513,1833,2096,2525,1525,1463
2025-06-24 14:43:30.512,1499,1548,1670,1591,1595,2230,2194,1927,1519,1435
2025-06-24 14:43:30.612,1503,1617,1680,1592,1642,2539,2210,1548,1526,1439
2025-06-24 14:43:30.712,1507,1650,1680,1535,1599,2709,2080,1520,1525,1439
2025-06-24 14:43:30.812,1507,1673,1599,1526,1553,2789,1937,1712,1518,1434
2025-06-24 14:43:30.912,1507,1674,1456,1522,1612,2720,1465,1938,1533,1443
2025-06-24 14:43:31.012,1511,1637,1393,1525,1677,2455,1086,1847,1543,1456
2025-06-24 14:43:31.112,1511,1648,1421,1520,1618,2672,957,1502,1526,1442
2025-06-24 14:43:31.212,1520,1660,1410,1477,1441,2032,894,560,1523,1439
2025-06-24 14:43:31.312,1518,1616,1437,1487,1413,714,965,22,1545,1455
2025-06-24 14:43:31.412,1501,1520,1420,1490,1458,0,1101,0,1545,1451
2025-06-24 14:43:31.511,1472,1453,1285,1472,1498,47,1189,161,1549,1456
2025-06-24 14:43:31.610,1441,1449,1272,1494,1500,451,1365,516,1542,1455
2025-06-24 14:43:31.709,1421,1475,1315,1531,1443,979,1475,866,1533,1444
2025-06-24 14:43:31.812,1425,1552,1393,1482,1388,816,1744,1314,1509,1426
2025-06-24 14:43:31.912,1434,1521,1488,1531,1426,719,1950,1677,1517,1434
2025-06-24 14:43:32.012,1455,1472,1594,1511,1451,635,2002,1893,1523,1442
2025-06-24 14:43:32.111,1465,1386,1741,1561,1487,858,2005,2128,1521,1439
2025-06-24 14:43:32.211,1457,1383,1831,1568,1541,1387,1984,2226,1521,1438
2025-06-24 14:43:32.311,1449,1425,1877,1529,1618,1999,1946,2518,1520,1438
2025-06-24 14:43:32.410,1456,1466,1894,1488,1649,2387,1920,2864,1520,1435
2025-06-24 14:43:32.510,1456,1488,1872,1507,1568,2745,1825,2649,1504,1421
2025-06-24 14:43:32.609,1492,1566,1866,1509,1567,3043,1360,2138,1523,1437
2025-06-24 14:43:32.709,1504,1639,1802,1481,1581,3067,1037,1693,1546,1454
2025-06-24 14:43:32.810,1508,1693,1711,1467,1586,2784,978,1541,1544,1453
2025-06-24 14:43:32.905,1511,1728,1620,1488,1664,2631,993,1463,1531,1443
2025-06-24 14:43:33.005,1514,1712,1618,1508,1603,2570,1016,1426,1533,1449
2025-06-24 14:43:33.105,1511,1650,1572,1546,1441,1489,1114,1360,1527,1443
2025-06-24 14:43:33.205,1506,1650,1561,1507,1407,529,1271,560,1531,1450
2025-06-24 14:43:33.305,1509,1664,1411,1527,1424,240,1446,29,1529,1443
2025-06-24 14:43:33.405,1511,1616,1197,1552,1459,451,1625,228,1535,1449
2025-06-24 14:43:33.505,1511,1547,1102,1558,1619,819,1802,550,1543,1455
2025-06-24 14:43:33.605,1515,1456,1099,1520,1569,759,1882,816,1534,1446
2025-06-24 14:43:33.705,1490,1421,1125,1504,1513,618,1917,1013,1525,1445
2025-06-24 14:43:33.805,1451,1407,1180,1552,1528,560,2014,1088,1516,1437
2025-06-24 14:43:33.904,1412,1467,1254,1595,1517,782,1995,1170,1520,1434
2025-06-24 14:43:34.003,1405,1486,1349,1552,1613,1227,1872,1435,1520,1435
2025-06-24 14:43:34.103,1413,1430,1433,1517,1638,1740,1853,1784,1520,1437
2025-06-24 14:43:34.203,1434,1394,1427,1503,1667,2230,1442,2026,1526,1442
2025-06-24 14:43:34.302,1461,1406,1457,1487,1799,2679,1198,2288,1520,1436
2025-06-24 14:43:34.401,1460,1402,1535,1467,1915,2944,1036,2373,1514,1431
2025-06-24 14:43:34.501,1449,1457,1614,1456,1921,3071,835,1969,1526,1440
2025-06-24 14:43:34.600,1443,1458,1665,1463,1904,2813,838,1435,1534,1447
2025-06-24 14:43:34.700,1459,1503,1654,1463,1955,2288,925,1084,1530,1442
2025-06-24 14:43:34.800,1469,1526,1575,1467,1975,2249,1078,1031,1535,1451
2025-06-24 14:43:34.900,1474,1434,1406,1488,1891,1318,1269,1119,1524,1439
2025-06-24 14:43:34.999,1472,1298,1271,1475,1714,0,1424,1083,1527,1435
2025-06-24 14:43:35.099,1472,1281,1163,1523,1552,0,1612,1129,1520,1445
2025-06-24 14:43:35.199,1472,1305,928,1554,1487,0,1789,573,1523,1437
2025-06-24 14:43:35.299,1481,1386,846,1493,1443,387,1923,98,1531,1444
2025-06-24 14:43:35.399,1482,1542,893,1552,1442,734,2064,311,1529,1443
2025-06-24 14:43:35.499,1487,1678,989,1584,1349,612,2019,576,1535,1452
2025-06-24 14:43:35.598,1488,1675,1152,1551,1200,774,1985,773,1541,1447
2025-06-24 14:43:35.698,1510,1680,1280,1566,1149,899,1979,1023,1526,1442
2025-06-24 14:43:35.798,1520,1666,1343,1518,1168,1347,1600,1243,1522,1438
2025-06-24 14:43:35.898,1497,1671,1504,1505,1188,1927,1169,1379,1520,1435
2025-06-24 14:43:35.997,1441,1680,1679,1527,1214,2349,1013,1575,1531,1447
2025-06-24 14:43:36.096,1411,1680,1785,1520,1347,2539,893,1873,1520,1430
2025-06-24 14:43:36.196,1405,1583,1888,1521,1423,2550,1003,2243,1521,1440
2025-06-24 14:43:36.296,1423,1529,2015,1451,1392,2501,1114,2652,1522,1440
2025-06-24 14:43:36.396,1450,1501,2067,1486,1394,2371,1325,2786,1523,1439
2025-06-24 14:43:36.495,1469,1511,1926,1495,1365,2389,1363,2271,1518,1434
2025-06-24 14:43:36.594,1459,1546,1695,1465,1450,3249,1554,1626,1527,1444
2025-06-24 14:43:36.694,1448,1535,1600,1498,1476,2639,1783,1083,1533,1447
2025-06-24 14:43:36.794,1455,1585,1634,1546,1475,1169,1965,976,1542,1452
2025-06-24 14:43:36.893,1471,1617,1408,1549,1390,301,1919,1152,1532,1445
2025-06-24 14:43:36.992,1488,1643,1129,1514,1329,311,1974,1415,1526,1465
2025-06-24 14:43:37.091,1502,1678,1022,1450,1328,813,2058,1606,1524,1438
2025-06-24 14:43:37.191,1515,1678,989,1475,1376,1278,2000,1248,1520,1428
2025-06-24 14:43:37.290,1523,1648,1075,1458,1397,718,1927,998,1514,1429
2025-06-24 14:43:37.389,1525,1623,1270,1554,1333,733,1691,1085,1519,1429
2025-06-24 14:43:37.489,1520,1664,1446,1519,1269,1413,1191,1276,1530,1445
2025-06-24 14:43:37.588,1525,1655,1616,1509,1283,1975,967,1420,1533,1451
2025-06-24 14:43:37.687,1522,1569,1761,1472,1381,2288,879,1503,1530,1447
2025-06-24 14:43:37.787,1528,1479,1890,1485,1391,2464,946,1709,1522,1440
2025-06-24 14:43:37.887,1521,1437,1932,1458,1389,2491,1003,1814,1520,1437
2025-06-24 14:43:37.987,1490,1424,1895,1487,1473,2386,1264,2031,1518,1430
2025-06-24 14:43:38.087,1486,1475,1904,1499,1514,2293,1392,2053,1523,1441
2025-06-24 14:43:38.187,1449,1583,1889,1516,1581,2057,1514,2187,1525,1441
2025-06-24 14:43:38.287,1425,1511,1869,1482,1584,1869,1649,2317,1532,1449
2025-06-24 14:43:38.387,1424,1424,1886,1525,1616,2462,1872,2094,1529,1446
2025-06-24 14:43:38.487,1437,1395,1911,1532,1664,1999,1925,1627,1527,1449
2025-06-24 14:43:38.586,1456,1392,1850,1600,1642,685,2032,1193,1528,1439
2025-06-24 14:43:38.685,1488,1446,1749,1673,1507,0,2064,1040,1549,1455
2025-06-24 14:43:38.785,1458,1498,1593,1692,1477,57,2069,1107,1534,1456
2025-06-24 14:43:38.884,1437,1555,1294,1634,1458,497,1871,1188,1533,1442
2025-06-24 14:43:38.984,1438,1609,1145,1626,1522,988,1771,1131,1522,1440
2025-06-24 14:43:39.084,1461,1639,1109,1587,1573,546,1371,899,1519,1431
2025-06-24 14:43:39.184,1476,1649,1096,1424,1573,533,1144,332,1517,1429
2025-06-24 14:43:39.284,1490,1680,1140,1292,1507,1136,943,545,1520,1435
2025-06-24 14:43:39.384,1510,1681,1328,1284,1469,1696,835,909,1533,1453
2025-06-24 14:43:39.483,1494,1633,1517,1329,1469,2066,921,1229,1535,1453
2025-06-24 14:43:39.582,1505,1613,1645,1306,1479,2380,1008,1599,1520,1430
2025-06-24 14:43:39.681,1499,1653,1755,1339,1571,2589,1244,1903,1525,1439
2025-06-24 14:43:39.781,1503,1605,1891,1425,1641,2540,1497,2115,1523,1440
2025-06-24 14:43:39.881,1499,1483,1937,1369,1650,2292,1746,2274,1520,1430
2025-06-24 14:43:39.981,1495,1486,1898,1264,1679,2067,1894,2486,1525,1440
2025-06-24 14:43:40.081,1494,1479,1861,1099,1622,1830,1990,2494,1529,1450
2025-06-24 14:43:40.181,1458,1472,1850,1061,1616,2217,2075,2576,1545,1456
2025-06-24 14:43:40.280,1462,1555,1874,1137,1583,2474,2146,2768,1541,1453
2025-06-24 14:43:40.380,1425,1523,1872,1186,1616,1279,2096,2542,1535,1453
2025-06-24 14:43:40.479,1418,1447,1738,1179,1628,270,1935,1859,1535,1450
2025-06-24 14:43:40.579,1424,1462,1639,1329,1506,71,1712,1360,1523,1435
2025-06-24 14:43:40.679,1440,1478,1338,1405,1443,459,1353,1052,1511,1422
2025-06-24 14:43:40.779,1447,1459,1134,1520,1457,906,1138,1202,1522,1434
2025-06-24 14:43:40.879,1463,1509,1111,1627,1451,470,1046,1399,1522,1437
2025-06-24 14:43:40.979,1458,1515,1124,1693,1484,192,1094,1566,1520,1431
2025-06-24 14:43:41.079,1454,1555,1168,1746,1509,880,967,1607,1520,1436
2025-06-24 14:43:41.179,1463,1616,1269,2061,1436,1521,1032,1058,1522,1442
2025-06-24 14:43:41.279,1475,1639,1413,2271,1430,2079,1182,912,1522,1444
2025-06-24 14:43:41.379,1493,1659,1483,2264,1469,2502,1318,1095,1526,1441
2025-06-24 14:43:41.478,1504,1669,1518,2183,1509,2688,1561,1301,1527,1447
2025-06-24 14:43:41.577,1517,1643,1556,2061,1563,2598,1686,1518,1526,1441
2025-06-24 14:43:41.677,1516,1578,1614,1883,1582,2307,1767,1453,1521,1439
2025-06-24 14:43:41.777,1519,1615,1564,1712,1597,2042,1987,1386,1528,1441
2025-06-24 14:43:41.881,1521,1574,1600,1535,1571,1936,2176,1404,1533,1440
2025-06-24 14:43:41.980,1507,1507,1533,1454,1529,2306,2032,1557,1543,1456
2025-06-24 14:43:42.079,1511,1471,1480,1422,1506,2699,1888,1767,1535,1451
2025-06-24 14:43:42.179,1519,1472,1371,1408,1587,1455,1798,2006,1531,1445
2025-06-24 14:43:42.279,1519,1449,1369,1487,1554,282,1466,2192,1530,1444
2025-06-24 14:43:42.379,1504,1482,1267,1475,1584,0,1151,2182,1530,1445
2025-06-24 14:43:42.479,1471,1558,1038,1498,1505,434,943,1648,1531,1442
2025-06-24 14:43:42.578,1433,1487,910,1456,1456,1031,918,1128,1531,1442
2025-06-24 14:43:42.678,1413,1398,930,1397,1450,873,919,975,1518,1431
2025-06-24 14:43:42.778,1429,1403,994,1392,1483,289,1101,1136,1519,1428
2025-06-24 14:43:42.879,1446,1451,1167,1358,1508,802,1239,1209,1527,1443
2025-06-24 14:43:42.974,1467,1457,1270,1290,1525,1648,1290,1279,1525,1443
2025-06-24 14:43:43.074,1473,1471,1385,1280,1452,2293,1428,1253,1527,1444
2025-06-24 14:43:43.173,1462,1473,1552,1255,1453,2483,1713,813,1520,1435
2025-06-24 14:43:43.273,1451,1525,1611,1310,1453,2576,1872,778,1526,1443
2025-06-24 14:43:43.372,1454,1597,1663,1379,1485,2608,1995,935,1531,1445
2025-06-24 14:43:43.472,1456,1600,1715,1424,1535,2559,2155,1243,1522,1441
2025-06-24 14:43:43.571,1492,1613,1796,1473,1567,2496,2063,1455,1523,1440
2025-06-24 14:43:43.670,1510,1584,1791,1514,1605,2332,2004,1552,1520,1439
2025-06-24 14:43:43.769,1499,1527,1776,1584,1584,2781,1927,1696,1530,1446
2025-06-24 14:43:43.869,1489,1549,1744,1605,1552,3365,1631,1840,1526,1440
2025-06-24 14:43:43.969,1509,1582,1680,1584,1551,1872,1291,1920,1521,1437
2025-06-24 14:43:44.069,1498,1547,1655,1555,1524,400,1081,2033,1533,1447
2025-06-24 14:43:44.168,1499,1456,1619,1550,1550,0,881,2289,1525,1442
2025-06-24 14:43:44.268,1504,1417,1377,1526,1546,271,954,2543,1531,1444
2025-06-24 14:43:44.368,1511,1456,1269,1535,1459,859,1042,2447,1522,1441
2025-06-24 14:43:44.468,1501,1483,1293,1584,1408,935,1110,1808,1527,1443
2025-06-24 14:43:44.567,1469,1516,1347,1591,1414,91,1294,1467,1529,1441
2025-06-24 14:43:44.666,1435,1435,1402,1533,1503,433,1513,1357,1530,1447
2025-06-24 14:43:44.766,1424,1430,1482,1618,1526,1296,1789,1424,1521,1437
2025-06-24 14:43:44.866,1422,1439,1542,1600,1489,2031,1954,1625,1520,1437
2025-06-24 14:43:44.966,1442,1471,1599,1590,1436,2427,1979,1771,1523,1440
2025-06-24 14:43:45.066,1457,1502,1531,1616,1430,2557,2084,1506,1523,1440
2025-06-24 14:43:45.165,1473,1495,1491,1600,1473,2508,2099,826,1526,1444
2025-06-24 14:43:45.265,1474,1573,1554,1552,1503,2374,2032,627,1527,1443
2025-06-24 14:43:45.365,1472,1594,1616,1494,1549,2189,1935,653,1526,1443
2025-06-24 14:43:45.465,1472,1650,1655,1515,1518,2032,1679,736,1523,1439
2025-06-24 14:43:45.565,1481,1682,1631,1520,1557,2304,1269,795,1522,1438
2025-06-24 14:43:45.665,1487,1702,1683,1509,1561,3024,1006,817,1526,1440
2025-06-24 14:43:45.765,1491,1691,1749,1534,1491,1845,903,949,1541,1440
2025-06-24 14:43:45.865,1499,1638,1734,1492,1470,391,928,1088,1526,1446
2025-06-24 14:43:45.965,1501,1647,1655,1413,1543,0,1039,1360,1535,1450
2025-06-24 14:43:46.065,1491,1616,1553,1236,1510,137,1216,1613,1534,1450
2025-06-24 14:43:46.165,1505,1586,1265,1104,1584,749,1466,2079,1520,1437
2025-06-24 14:43:46.265,1506,1519,1089,1008,1498,1050,1664,2110,1521,1440
2025-06-24 14:43:46.365,1506,1495,1053,1082,1435,64,1712,2023,1522,1445
2025-06-24 14:43:46.465,1520,1478,1072,1140,1443,112,1829,1630,1522,1440
2025-06-24 14:43:46.565,1523,1471,1138,1189,1461,976,1921,1229,1525,1439
2025-06-24 14:43:46.664,1508,1556,1209,1290,1456,1763,2032,1117,1529,1445
2025-06-24 14:43:46.763,1473,1533,1325,1419,1489,2276,2069,1375,1530,1451
2025-06-24 14:43:46.863,1435,1476,1435,1466,1454,2541,2096,1620,1531,1441
2025-06-24 14:43:46.962,1409,1456,1494,1613,1440,2529,1955,1803,1518,1435
2025-06-24 14:43:47.062,1427,1456,1623,1659,1449,2432,1897,1779,1523,1458
2025-06-24 14:43:47.161,1454,1418,1776,1746,1503,2173,1441,687,1520,1437
2025-06-24 14:43:47.261,1469,1470,1791,1843,1563,1951,1104,245,1545,1445
2025-06-24 14:43:47.361,1475,1477,1821,1812,1578,2032,862,319,1527,1434
2025-06-24 14:43:47.461,1459,1527,1810,1856,1561,3196,810,617,1527,1446
2025-06-24 14:43:47.560,1451,1543,1781,1939,1557,2487,944,1201,1521,1427
2025-06-24 14:43:47.659,1456,1577,1759,1966,1588,960,1080,1936,1520,1434
2025-06-24 14:43:47.758,1468,1584,1673,1983,1600,160,1168,2305,1522,1439
2025-06-24 14:43:47.858,1479,1544,1629,1920,1552,251,1349,2406,1526,1440
2025-06-24 14:43:47.958,1488,1525,1557,1867,1518,763,1559,2499,1523,1437
2025-06-24 14:43:48.057,1486,1587,1339,1703,1489,1285,1744,2865,1527,1456
2025-06-24 14:43:48.156,1494,1590,1200,1553,1520,451,1945,3633,1531,1447
2025-06-24 14:43:48.256,1507,1598,1168,1441,1478,392,2085,3387,1531,1450
2025-06-24 14:43:48.356,1514,1579,1219,1386,1358,1066,2211,2896,1529,1442
2025-06-24 14:43:48.456,1516,1563,1267,1446,1300,1682,2146,2188,1527,1444
2025-06-24 14:43:48.556,1510,1509,1358,1425,1358,2143,1984,1630,1522,1437
2025-06-24 14:43:48.656,1526,1467,1467,1495,1479,2478,1905,1360,1520,1433
2025-06-24 14:43:48.756,1535,1542,1520,1557,1586,2663,1479,1231,1520,1438
2025-06-24 14:43:48.856,1515,1589,1597,1503,1547,2700,1143,1241,1520,1433
2025-06-24 14:43:48.956,1459,1535,1623,1424,1535,2512,901,1414,1523,1438
2025-06-24 14:43:49.056,1397,1456,1662,1399,1466,2314,779,1541,1520,1430
2025-06-24 14:43:49.156,1425,1440,1708,1355,1468,2179,891,1008,1528,1443
2025-06-24 14:43:49.256,1446,1429,1705,1312,1513,2853,972,592,1531,1445
2025-06-24 14:43:49.356,1463,1463,1700,1296,1578,2653,1104,688,1530,1445
2025-06-24 14:43:49.455,1473,1496,1658,1376,1600,1254,1299,976,1531,1446
2025-06-24 14:43:49.554,1461,1562,1733,1472,1628,293,1488,1363,1535,1447
2025-06-24 14:43:49.653,1456,1603,1787,1479,1582,161,1775,1545,1521,1438
2025-06-24 14:43:49.753,1454,1634,1666,1481,1535,503,2030,1584,1523,1429
2025-06-24 14:43:49.853,1459,1610,1535,1466,1494,917,2031,1744,1534,1445
2025-06-24 14:43:49.953,1474,1615,1280,1552,1524,442,2034,1807,1533,1447
2025-06-24 14:43:50.052,1492,1503,1081,1585,1547,416,2061,2102,1535,1447
2025-06-24 14:43:50.151,1490,1479,987,1521,1451,821,1965,2363,1534,1446
2025-06-24 14:43:50.251,1506,1510,1046,1559,1392,1232,1846,2403,1523,1438
2025-06-24 14:43:50.351,1505,1553,1149,1535,1363,1695,1729,2012,1510,1424
2025-06-24 14:43:50.451,1506,1601,1277,1510,1436,2173,1383,1456,1520,1439
2025-06-24 14:43:50.551,1495,1584,1456,1486,1526,2448,1055,966,1524,1438
2025-06-24 14:43:50.650,1509,1519,1526,1520,1565,2528,870,809,1534,1441
2025-06-24 14:43:50.749,1517,1503,1627,1554,1552,2573,884,1070,1523,1439
2025-06-24 14:43:50.849,1517,1509,1689,1554,1478,2417,901,1207,1526,1440
2025-06-24 14:43:50.949,1501,1553,1707,1541,1478,2176,990,1424,1527,1440
2025-06-24 14:43:51.048,1455,1535,1756,1525,1481,2189,1239,1188,1527,1441
2025-06-24 14:43:51.147,1411,1481,1754,1561,1501,2526,1494,993,1530,1447
2025-06-24 14:43:51.246,1401,1430,1709,1581,1552,1627,1889,969,1531,1446
2025-06-24 14:43:51.346,1420,1437,1601,1586,1549,663,2160,1009,1530,1446
2025-06-24 14:43:51.446,1431,1433,1637,1579,1596,286,2179,1113,1530,1445
2025-06-24 14:43:51.546,1456,1471,1696,1546,1584,464,2091,1232,1534,1441
2025-06-24 14:43:51.645,1456,1533,1676,1557,1526,832,2091,1358,1531,1444
2025-06-24 14:43:51.745,1451,1579,1585,1458,1561,768,1935,1506,1525,1443
2025-06-24 14:43:51.845,1443,1596,1427,1451,1526,405,1806,1611,1527,1441
2025-06-24 14:43:51.949,1451,1617,1156,1474,1552,656,1757,1674,1535,1447
2025-06-24 14:43:52.049,1467,1619,993,1526,1542,1005,1291,1743,1524,1440
2025-06-24 14:43:52.148,1473,1649,975,1495,1408,1393,944,1851,1524,1439
2025-06-24 14:43:52.247,1485,1662,1048,1534,1308,1843,784,1855,1525,1441
2025-06-24 14:43:52.347,1502,1677,1121,1591,1401,2263,779,1456,1531,1447
2025-06-24 14:43:52.446,1502,1701,1273,1578,1431,2525,848,1154,1531,1443
2025-06-24 14:43:52.546,1504,1632,1425,1507,1418,2649,925,1090,1520,1435
2025-06-24 14:43:52.645,1500,1503,1552,1562,1472,2598,1136,1150,1522,1438
2025-06-24 14:43:52.745,1498,1403,1680,1550,1519,2462,1333,1333,1520,1435
2025-06-24 14:43:52.845,1500,1334,1744,1547,1493,2253,1518,1600,1520,1419
2025-06-24 14:43:52.946,1530,1374,1739,1479,1506,2289,1861,1640,1520,1435
2025-06-24 14:43:53.041,1501,1442,1650,1456,1506,1309,1979,1275,1526,1439
2025-06-24 14:43:53.141,1485,1575,1659,1475,1518,78,2055,1383,1520,1440
2025-06-24 14:43:53.240,1449,1612,1583,1519,1593,0,2021,1506,1520,1438
2025-06-24 14:43:53.340,1413,1581,1674,1488,1547,0,2031,1614,1519,1428
2025-06-24 14:43:53.439,1401,1578,1802,1499,1534,366,1952,1218,1533,1446
2025-06-24 14:43:53.539,1407,1575,1813,1488,1567,804,1818,1214,1535,1451
2025-06-24 14:43:53.639,1426,1574,1681,1535,1578,413,1616,1581,1529,1443
2025-06-24 14:43:53.739,1442,1583,1579,1520,1551,931,1195,1776,1523,1433
2025-06-24 14:43:53.839,1479,1610,1328,1514,1530,1671,978,1930,1523,1439
2025-06-24 14:43:53.939,1467,1620,1222,1487,1533,2173,886,2034,1531,1446
2025-06-24 14:43:54.039,1463,1613,1166,1325,1551,2546,847,2269,1520,1435
2025-06-24 14:43:54.139,1475,1627,1177,1111,1475,2810,903,2254,1520,1441
2025-06-24 14:43:54.238,1491,1649,1265,1021,1374,2962,1122,2065,1529,1446
2025-06-24 14:43:54.338,1495,1653,1350,1064,1406,2973,1287,1453,1530,1443
2025-06-24 14:43:54.438,1504,1678,1523,1217,1436,2753,1474,1046,1527,1441
2025-06-24 14:43:54.538,1505,1715,1626,1200,1478,2467,1774,976,1527,1442
2025-06-24 14:43:54.638,1514,1562,1646,1251,1497,2192,1901,1162,1520,1441
2025-06-24 14:43:54.738,1520,1356,1671,1345,1465,2448,1979,1236,1533,1447
2025-06-24 14:43:54.838,1530,1296,1690,1470,1472,2069,2032,1331,1521,1438
2025-06-24 14:43:54.938,1531,1313,1616,1616,1495,918,1966,1196,1523,1440
2025-06-24 14:43:55.038,1546,1309,1553,1671,1516,238,1904,253,1527,1444
2025-06-24 14:43:55.138,1542,1360,1509,1735,1517,231,1847,14,1535,1446
2025-06-24 14:43:55.238,1520,1328,1501,1777,1526,566,1725,154,1531,1451
2025-06-24 14:43:55.337,1485,1267,1600,1842,1549,980,1280,439,1526,1445
2025-06-24 14:43:55.437,1450,1271,1709,1856,1571,240,1085,832,1535,1451
2025-06-24 14:43:55.536,1429,1331,1626,1847,1590,112,1004,1219,1531,1449
2025-06-24 14:43:55.636,1423,1417,1522,1830,1572,693,974,1481,1527,1444
2025-06-24 14:43:55.736,1433,1490,1417,1796,1605,1231,1056,1879,1522,1440
2025-06-24 14:43:55.836,1457,1527,1306,1712,1577,1706,1237,2468,1521,1438
2025-06-24 14:43:55.936,1467,1586,1258,1718,1591,2089,1360,3424,1520,1437
2025-06-24 14:43:56.036,1463,1611,1229,1675,1509,2269,1552,4095,1520,1435
2025-06-24 14:43:56.136,1453,1652,1200,1633,1424,2341,1707,3776,1520,1435
2025-06-24 14:43:56.236,1457,1681,1328,1587,1435,2373,1893,2972,1521,1435
2025-06-24 14:43:56.336,1478,1711,1473,1517,1486,2303,1943,2180,1520,1431
2025-06-24 14:43:56.436,1491,1809,1664,1485,1467,2224,2069,1519,1526,1439
2025-06-24 14:43:56.536,1509,1878,1750,1577,1509,2251,1991,1249,1531,1446
2025-06-24 14:43:56.636,1520,1745,1783,1545,1549,2581,1905,1264,1532,1445
2025-06-24 14:43:56.736,1523,1516,1763,1531,1472,1728,1838,1243,1528,1440
2025-06-24 14:43:56.836,1507,1392,1676,1517,1389,838,1723,1253,1531,1455
2025-06-24 14:43:56.936,1521,1392,1579,1465,1378,560,1410,1373,1535,1449
2025-06-24 14:43:57.036,1518,1408,1517,1435,1429,627,1122,528,1535,1452
2025-06-24 14:43:57.136,1517,1526,1510,1441,1517,884,937,244,1541,1451
2025-06-24 14:43:57.236,1522,1616,1553,1373,1605,1019,1088,405,1529,1447
2025-06-24 14:43:57.336,1520,1581,1705,1415,1596,939,1109,790,1531,1444
2025-06-24 14:43:57.436,1513,1513,1675,1492,1613,1263,1148,1241,1518,1425
2025-06-24 14:43:57.536,1467,1535,1606,1523,1567,1572,1213,1495,1523,1441
2025-06-24 14:43:57.636,1457,1568,1346,1503,1552,1840,1455,1819,1521,1435
2025-06-24 14:43:57.736,1405,1586,1232,1549,1547,2240,1569,2195,1525,1441
2025-06-24 14:43:57.836,1403,1598,1149,1511,1545,2623,1787,2434,1524,1440
2025-06-24 14:43:57.936,1424,1584,1095,1498,1577,2839,1837,2761,1520,1435
2025-06-24 14:43:58.036,1445,1589,1121,1535,1511,2961,2031,2837,1517,1430
2025-06-24 14:43:58.136,1455,1648,1250,1475,1462,2853,2250,2329,1525,1442
2025-06-24 14:43:58.235,1441,1678,1383,1421,1472,2527,2064,1511,1535,1447
2025-06-24 14:43:58.335,1437,1673,1469,1510,1457,2097,1844,983,1542,1446
2025-06-24 14:43:58.435,1441,1693,1567,1503,1487,2169,1665,789,1534,1445
2025-06-24 14:43:58.535,1456,1763,1670,1475,1488,1820,1271,831,1535,1447
2025-06-24 14:43:58.635,1488,1733,1723,1502,1549,903,983,816,1535,1450
2025-06-24 14:43:58.734,1507,1529,1755,1590,1430,400,881,784,1522,1427
2025-06-24 14:43:58.834,1522,1334,1797,1570,1392,435,865,914,1515,1427
2025-06-24 14:43:58.933,1521,1271,1771,1529,1425,656,935,475,1525,1440
2025-06-24 14:43:59.034,1519,1330,1725,1551,1474,995,1052,0,1532,1446
2025-06-24 14:43:59.134,1509,1385,1713,1581,1510,830,1203,0,1525,1446
2025-06-24 14:43:59.234,1482,1461,1606,1594,1474,831,1411,285,1520,1433
2025-06-24 14:43:59.334,1535,1525,1446,1588,1553,912,1583,726,1531,1443
2025-06-24 14:43:59.434,1519,1508,1407,1574,1591,1184,1776,1145,1521,1438
2025-06-24 14:43:59.534,1505,1441,1409,1485,1583,1408,1946,1621,1522,1441
2025-06-24 14:43:59.633,1466,1465,1431,1471,1566,1685,2115,2129,1526,1441
2025-06-24 14:43:59.733,1434,1468,1446,1437,1532,2063,2097,2576,1517,1430
2025-06-24 14:43:59.833,1409,1459,1495,1447,1565,2298,2022,3044,1529,1444
2025-06-24 14:43:59.933,1414,1483,1573,1525,1526,2498,1957,3152,1535,1450
2025-06-24 14:44:00.031,1438,1527,1543,1583,1459,2558,1882,2921,1520,1431
2025-06-24 14:44:00.137,1469,1606,1535,1585,1413,2430,1505,2144,1530,1445
2025-06-24 14:44:00.231,1483,1664,1560,1554,1451,2295,1152,1418,1552,1455
2025-06-24 14:44:00.330,1467,1699,1591,1493,1477,2577,981,1071,1535,1445
2025-06-24 14:44:00.430,1450,1703,1627,1518,1476,1935,880,1398,1523,1438
2025-06-24 14:44:00.529,1443,1698,1701,1495,1485,1019,928,1879,1521,1437
2025-06-24 14:44:00.629,1451,1674,1584,1458,1456,557,1088,2070,1531,1441
2025-06-24 14:44:00.729,1466,1711,1542,1515,1461,644,1250,2128,1530,1441
2025-06-24 14:44:00.829,1471,1621,1534,1530,1465,959,1389,2044,1524,1439
2025-06-24 14:44:00.928,1472,1494,1515,1549,1469,1247,1619,1462,1519,1434
2025-06-24 14:44:01.028,1481,1484,1343,1477,1582,929,1819,1311,1524,1441
2025-06-24 14:44:01.128,1477,1499,1205,1456,1522,1319,1920,1228,1526,1441
2025-06-24 14:44:01.228,1469,1522,1200,1546,1535,2544,2021,1227,1521,1438
2025-06-24 14:44:01.327,1471,1571,1205,1585,1546,3009,2112,1344,1526,1443
2025-06-24 14:44:01.427,1474,1616,1303,1520,1535,2445,2039,1501,1533,1450
2025-06-24 14:44:01.527,1491,1543,1385,1523,1521,1791,1991,1663,1526,1446
2025-06-24 14:44:01.627,1497,1486,1473,1494,1552,1386,1906,1749,1526,1439
2025-06-24 14:44:01.727,1470,1434,1631,1486,1558,1268,1703,1734,1526,1443
2025-06-24 14:44:01.827,1425,1444,1743,1494,1596,1323,1243,1648,1523,1436
2025-06-24 14:44:01.926,1408,1454,1840,1478,1510,1343,938,1647,1522,1440
2025-06-24 14:44:02.030,1424,1516,1781,1531,1425,1274,883,1435,1533,1445
2025-06-24 14:44:02.129,1454,1507,1728,1498,1404,1396,912,985,1526,1439
2025-06-24 14:44:02.228,1483,1551,1610,1482,1422,1648,948,813,1523,1435
2025-06-24 14:44:02.327,1487,1596,1453,1479,1500,989,1094,999,1520,1430
2025-06-24 14:44:02.426,1472,1638,1381,1506,1499,322,1291,1314,1520,1428
2025-06-24 14:44:02.525,1470,1680,1470,1546,1488,188,1549,1607,1523,1435
2025-06-24 14:44:02.625,1479,1686,1578,1461,1482,575,1708,1743,1534,1451
2025-06-24 14:44:02.725,1474,1653,1506,1487,1467,1052,1824,1593,1535,1451
2025-06-24 14:44:02.825,1491,1648,1499,1514,1493,1153,1915,1345,1547,1454
2025-06-24 14:44:02.925,1501,1693,1378,1519,1491,878,1985,1310,1529,1443
2025-06-24 14:44:03.026,1506,1638,1279,1487,1501,831,2119,1289,1531,1443
2025-06-24 14:44:03.121,1505,1552,1203,1501,1573,1165,2066,1414,1534,1443
2025-06-24 14:44:03.221,1504,1481,1182,1508,1553,1627,1926,1563,1525,1443
2025-06-24 14:44:03.321,1511,1447,1178,1566,1604,2014,1722,1696,1523,1439
2025-06-24 14:44:03.421,1503,1424,1220,1575,1566,2321,1223,1808,1522,1427
2025-06-24 14:44:03.520,1517,1502,1307,1625,1554,2509,975,1896,1531,1439
2025-06-24 14:44:03.619,1524,1488,1378,1520,1552,2646,944,1931,1529,1440
2025-06-24 14:44:03.718,1533,1299,1497,1519,1513,2641,913,1875,1522,1439
2025-06-24 14:44:03.818,1511,1239,1655,1515,1549,2607,960,2000,1526,1441
2025-06-24 14:44:03.917,1461,1266,1734,1514,1456,2483,1117,2075,1531,1446
2025-06-24 14:44:04.017,1422,1305,1742,1488,1443,2547,1345,1738,1527,1428
2025-06-24 14:44:04.117,1410,1343,1743,1469,1488,2445,1520,1294,1523,1439
2025-06-24 14:44:04.217,1421,1427,1745,1500,1483,1459,1725,1078,1524,1435
2025-06-24 14:44:04.316,1428,1547,1648,1551,1463,665,1893,1154,1520,1440
2025-06-24 14:44:04.416,1472,1613,1610,1545,1501,432,2001,1405,1527,1443
2025-06-24 14:44:04.515,1445,1701,1575,1506,1518,640,1904,1612,1527,1443
2025-06-24 14:44:04.614,1445,1719,1457,1497,1442,976,1910,1718,1530,1445
2025-06-24 14:44:04.714,1424,1728,1350,1489,1459,592,1993,1264,1517,1430
2025-06-24 14:44:04.814,1450,1739,1215,1471,1457,329,1964,1138,1525,1441
2025-06-24 14:44:04.914,1457,1757,1087,1477,1506,485,1890,1035,1533,1444
2025-06-24 14:44:05.014,1471,1717,1072,1465,1568,908,1735,1072,1535,1449
2025-06-24 14:44:05.113,1482,1728,1107,1502,1497,1407,1411,1101,1532,1439
2025-06-24 14:44:05.213,1488,1689,1251,1534,1520,1977,1191,1221,1531,1451
2025-06-24 14:44:05.312,1499,1597,1475,1550,1552,2340,976,1344,1535,1453
2025-06-24 14:44:05.412,1518,1506,1651,1552,1579,2641,944,1638,1523,1439
2025-06-24 14:44:05.511,1510,1501,1677,1517,1566,2821,1112,1813,1520,1436
2025-06-24 14:44:05.611,1529,1471,1699,1497,1551,2807,1258,1990,1517,1427
2025-06-24 14:44:05.710,1543,1519,1712,1474,1550,2679,1475,2287,1520,1431
2025-06-24 14:44:05.809,1531,1367,1662,1473,1513,2407,1648,2468,1520,1437
2025-06-24 14:44:05.908,1501,1315,1550,1555,1466,2517,1712,2119,1533,1450
2025-06-24 14:44:06.008,1443,1296,1461,1552,1409,2064,1923,1455,1541,1454
2025-06-24 14:44:06.107,1401,1329,1486,1550,1434,1037,1940,1094,1532,1443
2025-06-24 14:44:06.207,1398,1360,1441,1504,1470,384,1873,1218,1535,1449
2025-06-24 14:44:06.306,1423,1426,1459,1486,1563,362,1863,1476,1525,1441
2025-06-24 14:44:06.406,1447,1520,1552,1525,1551,666,1955,1651,1529,1443
2025-06-24 14:44:06.505,1470,1601,1502,1514,1455,964,1951,1841,1520,1437
2025-06-24 14:44:06.605,1459,1674,1527,1517,1436,422,1840,1656,1520,1434
2025-06-24 14:44:06.704,1457,1759,1367,1508,1457,243,1372,1101,1521,1435
2025-06-24 14:44:06.804,1469,1719,1264,1495,1456,493,1053,1052,1528,1441
2025-06-24 14:44:06.904,1456,1698,1328,1558,1509,971,913,1136,1549,1456
2025-06-24 14:44:07.004,1477,1666,1431,1573,1531,1475,930,1276,1535,1453
2025-06-24 14:44:07.103,1481,1617,1465,1568,1586,1887,981,1334,1531,1449
2025-06-24 14:44:07.203,1493,1625,1526,1585,1589,2224,1040,1408,1531,1442
2025-06-24 14:44:07.302,1507,1647,1542,1565,1570,2587,1176,1497,1520,1437
2025-06-24 14:44:07.402,1508,1638,1623,1559,1526,2960,1361,1641,1520,1438
2025-06-24 14:44:07.502,1520,1517,1673,1531,1549,3215,1657,1872,1520,1427
2025-06-24 14:44:07.602,1511,1408,1661,1542,1552,3165,1879,2151,1520,1439
2025-06-24 14:44:07.702,1507,1382,1670,1522,1598,3127,1952,2448,1520,1434
2025-06-24 14:44:07.802,1511,1398,1673,1519,1511,2509,2028,2368,1520,1430
2025-06-24 14:44:07.902,1523,1488,1728,1408,1429,1259,2003,1931,1521,1438
2025-06-24 14:44:08.002,1517,1399,1733,1447,1363,461,2044,1467,1535,1445
2025-06-24 14:44:08.101,1517,1351,1566,1513,1415,191,2000,1166,1531,1447
2025-06-24 14:44:08.201,1470,1351,1483,1506,1418,386,1931,1226,1531,1443
2025-06-24 14:44:08.300,1429,1347,1484,1493,1458,825,1601,1375,1525,1439
2025-06-24 14:44:08.400,1447,1430,1424,1491,1490,1085,1162,1535,1534,1447
2025-06-24 14:44:08.499,1424,1467,1232,1472,1543,499,1001,1628,1530,1445
2025-06-24 14:44:08.599,1442,1516,1082,1489,1521,385,869,1042,1534,1447
2025-06-24 14:44:08.698,1456,1555,1088,1373,1522,681,862,755,1535,1451
2025-06-24 14:44:08.797,1460,1574,1020,1141,1579,1009,997,961,1529,1440
2025-06-24 14:44:08.897,1435,1591,935,1009,1635,1411,1078,1244,1527,1441
2025-06-24 14:44:08.997,1437,1584,961,974,1633,1909,1229,1371,1513,1427
2025-06-24 14:44:09.096,1453,1552,1071,1090,1614,2423,1398,1447,1514,1427
2025-06-24 14:44:09.196,1461,1570,1190,1298,1539,2690,1623,1655,1530,1445
2025-06-24 14:44:09.296,1478,1558,1294,1473,1468,2845,1786,1827,1523,1443
2025-06-24 14:44:09.396,1491,1575,1408,1719,1456,2837,1860,1902,1523,1456
2025-06-24 14:44:09.495,1489,1614,1451,2000,1486,2698,2030,1919,1526,1443
2025-06-24 14:44:09.595,1500,1584,1580,2291,1534,2623,2064,2003,1521,1441
2025-06-24 14:44:09.695,1492,1520,1689,2342,1546,2883,1983,2145,1526,1439
2025-06-24 14:44:09.795,1520,1503,1796,2311,1423,1974,1891,2096,1527,1439
2025-06-24 14:44:09.894,1526,1524,1705,2064,1376,946,1675,1759,1524,1438
2025-06-24 14:44:09.994,1514,1599,1594,1829,1332,468,1142,1276,1529,1440
2025-06-24 14:44:10.093,1517,1603,1479,1697,1361,620,988,1072,1530,1449
2025-06-24 14:44:10.193,1499,1533,1411,1515,1431,944,925,1201,1527,1443
2025-06-24 14:44:10.293,1520,1495,1207,1269,1514,805,909,1393,1535,1451
2025-06-24 14:44:10.393,1508,1462,1088,1033,1496,226,896,1511,1530,1444
2025-06-24 14:44:10.493,1472,1525,1040,848,1443,134,990,1318,1535,1445
2025-06-24 14:44:10.593,1443,1579,1039,880,1422,505,1287,784,1535,1446
2025-06-24 14:44:10.692,1439,1596,1082,917,1433,1073,1488,894,1523,1439
2025-06-24 14:44:10.792,1443,1651,1111,1107,1520,1628,1606,1011,1520,1440
2025-06-24 14:44:10.892,1457,1673,1326,1264,1574,2078,1754,1149,1520,1437
2025-06-24 14:44:10.992,1468,1651,1489,1392,1603,2467,1921,1454,1525,1426
2025-06-24 14:44:11.092,1447,1663,1632,1542,1589,2826,1953,1623,1525,1442
2025-06-24 14:44:11.192,1431,1696,1709,1641,1629,3034,2112,1779,1520,1441
2025-06-24 14:44:11.291,1447,1683,1803,1659,1666,3007,2152,1914,1533,1447
2025-06-24 14:44:11.391,1465,1662,1811,1674,1574,2783,2078,2026,1523,1454
2025-06-24 14:44:11.490,1485,1667,1815,1712,1574,2832,1927,2085,1522,1435
2025-06-24 14:44:11.590,1493,1629,1782,1706,1604,2455,1471,2201,1520,1433
2025-06-24 14:44:11.689,1498,1535,1788,1711,1552,1382,1150,2211,1525,1436
2025-06-24 14:44:11.789,1495,1466,1762,1680,1461,599,931,1789,1526,1435
2025-06-24 14:44:11.889,1507,1436,1682,1524,1373,433,775,1137,1531,1439
2025-06-24 14:44:11.989,1503,1459,1600,1572,1402,631,829,807,1534,1445
2025-06-24 14:44:12.092,1509,1498,1584,1569,1478,856,960,818,1530,1456
2025-06-24 14:44:12.191,1509,1609,1390,1605,1525,42,1072,1020,1523,1435
2025-06-24 14:44:12.291,1506,1574,1265,1525,1482,0,1271,1273,1529,1445
2025-06-24 14:44:12.391,1511,1487,1223,1506,1422,0,1520,1407,1531,1445
2025-06-24 14:44:12.491,1504,1457,1235,1495,1416,618,1760,861,1520,1433
2025-06-24 14:44:12.591,1472,1467,1293,1523,1456,1341,1989,594,1525,1439
2025-06-24 14:44:12.690,1446,1477,1376,1568,1478,1958,2163,789,1515,1429
2025-06-24 14:44:12.789,1427,1489,1490,1550,1527,2447,2257,977,1524,1442
2025-06-24 14:44:12.889,1424,1516,1579,1467,1552,2880,2239,1245,1530,1447
2025-06-24 14:44:12.989,1441,1551,1707,1485,1570,3134,2087,1373,1535,1453
2025-06-24 14:44:13.090,1459,1583,1735,1479,1571,3127,2035,1609,1526,1444
2025-06-24 14:44:13.185,1475,1589,1773,1478,1545,2965,1834,1766,1516,1430
2025-06-24 14:44:13.285,1471,1600,1776,1497,1553,2545,1301,1875,1526,1442
2025-06-24 14:44:13.385,1460,1599,1718,1603,1545,2480,1041,2007,1530,1442
2025-06-24 14:44:13.484,1459,1531,1680,1587,1568,1665,873,2095,1525,1442
2025-06-24 14:44:13.584,1466,1535,1600,1504,1561,663,835,2287,1533,1446
2025-06-24 14:44:13.684,1477,1559,1616,1552,1527,261,854,2209,1533,1449
2025-06-24 14:44:13.783,1483,1521,1712,1579,1379,461,1005,1792,1526,1441
2025-06-24 14:44:13.883,1498,1456,1719,1575,1380,835,1178,1257,1530,1442
2025-06-24 14:44:13.983,1501,1385,1579,1522,1475,931,1360,945,1534,1448
2025-06-24 14:44:14.083,1489,1378,1488,1507,1492,379,1623,1011,1527,1443
2025-06-24 14:44:14.183,1501,1427,1307,1430,1470,416,1857,1177,1531,1441
2025-06-24 14:44:14.283,1514,1498,1213,1455,1347,806,2031,1313,1532,1447
2025-06-24 14:44:14.382,1511,1527,1140,1485,1334,1323,2231,1294,1521,1439
2025-06-24 14:44:14.482,1498,1453,1157,1405,1360,1849,2318,720,1518,1434
2025-06-24 14:44:14.582,1509,1414,1207,1451,1420,2321,2105,687,1524,1444
2025-06-24 14:44:14.681,1495,1398,1296,1481,1471,2693,1943,806,1529,1419
2025-06-24 14:44:14.780,1489,1423,1360,1477,1584,2983,1839,1041,1529,1444
2025-06-24 14:44:14.880,1458,1468,1456,1535,1599,3070,1501,1357,1535,1449
2025-06-24 14:44:14.980,1424,1519,1569,1562,1543,2924,1174,1633,1520,1435
2025-06-24 14:44:15.079,1410,1584,1667,1520,1586,2658,950,1830,1524,1441
2025-06-24 14:44:15.179,1421,1635,1712,1549,1565,2672,916,2003,1522,1440
2025-06-24 14:44:15.278,1438,1680,1658,1533,1634,2389,998,2182,1527,1444
2025-06-24 14:44:15.377,1456,1694,1619,1567,1677,1213,1033,2279,1526,1444
2025-06-24 14:44:15.476,1461,1711,1568,1517,1670,363,1144,2367,1534,1445
2025-06-24 14:44:15.576,1447,1657,1531,1469,1595,203,1418,2329,1530,1444
2025-06-24 14:44:15.676,1409,1638,1616,1518,1415,433,1677,2121,1515,1426
2025-06-24 14:44:15.776,1445,1631,1750,1497,1379,790,1785,1420,1531,1444
2025-06-24 14:44:15.875,1463,1599,1763,1500,1414,359,1818,928,1525,1443
2025-06-24 14:44:15.974,1488,1571,1662,1523,1441,113,1931,779,1525,1440
2025-06-24 14:44:16.073,1494,1515,1604,1488,1544,309,2016,951,1525,1443
2025-06-24 14:44:16.173,1503,1457,1542,1535,1482,845,2070,1099,1533,1449
2025-06-24 14:44:16.273,1518,1478,1449,1549,1369,1443,1924,1331,1527,1444
2025-06-24 14:44:16.372,1527,1488,1298,1520,1392,1923,1808,1303,1522,1439
2025-06-24 14:44:16.472,1527,1584,1261,1488,1456,2390,1651,1393,1532,1458
2025-06-24 14:44:16.572,1531,1575,1305,1488,1529,2722,1206,1475,1535,1450
2025-06-24 14:44:16.672,1529,1499,1477,1522,1607,2891,913,1429,1535,1453
2025-06-24 14:44:16.772,1527,1424,1649,1523,1661,2851,698,1357,1535,1453
2025-06-24 14:44:16.872,1532,1408,1773,1527,1643,2624,675,1367,1520,1434
2025-06-24 14:44:16.972,1523,1474,1849,1555,1607,2587,816,1360,1523,1434
2025-06-24 14:44:17.072,1489,1515,1888,1590,1579,2830,940,1472,1525,1440
2025-06-24 14:44:17.172,1456,1571,1846,1510,1586,1838,1191,1600,1522,1435
2025-06-24 14:44:17.272,1427,1635,1837,1460,1610,789,1470,1728,1521,1437
2025-06-24 14:44:17.371,1425,1700,1712,1487,1639,400,1731,1792,1526,1446
2025-06-24 14:44:17.471,1388,1727,1648,1490,1471,558,1918,1795,1520,1434
2025-06-24 14:44:17.571,1366,1747,1681,1505,1317,881,2054,1783,1527,1443
2025-06-24 14:44:17.670,1362,1728,1644,1506,1326,833,2175,1543,1531,1450
2025-06-24 14:44:17.770,1392,1667,1744,1495,1383,208,2219,1072,1523,1445
2025-06-24 14:44:17.869,1394,1658,1775,1461,1439,103,2095,755,1520,1417
2025-06-24 14:44:17.969,1412,1679,1747,1483,1424,467,1902,842,1527,1440
2025-06-24 14:44:18.068,1439,1618,1568,1559,1331,983,1692,1103,1531,1441
2025-06-24 14:44:18.168,1461,1551,1398,1573,1307,1573,1205,1265,1545,1455
2025-06-24 14:44:18.268,1488,1439,1221,1534,1376,2026,976,1146,1531,1443
2025-06-24 14:44:18.367,1501,1455,1055,1521,1474,2439,857,1117,1526,1442
2025-06-24 14:44:18.467,1479,1487,1017,1558,1519,2842,921,1267,1524,1438
2025-06-24 14:44:18.567,1460,1559,1075,1493,1605,2939,997,1393,1525,1440
2025-06-24 14:44:18.666,1457,1555,1187,1489,1677,2861,1087,1621,1523,1439
2025-06-24 14:44:18.766,1444,1502,1286,1529,1679,2640,1217,1705,1531,1428
2025-06-24 14:44:18.865,1434,1443,1427,1533,1621,2843,1435,1823,1520,1438
2025-06-24 14:44:18.965,1441,1450,1595,1519,1639,2290,1674,1847,1523,1436
2025-06-24 14:44:19.065,1462,1440,1709,1451,1700,1122,1824,1841,1534,1449
2025-06-24 14:44:19.165,1492,1459,1685,1501,1749,361,1970,1891,1529,1446
2025-06-24 14:44:19.264,1501,1525,1555,1487,1744,289,2070,1909,1527,1463
2025-06-24 14:44:19.364,1472,1522,1563,1494,1601,618,2094,1944,1515,1428
2025-06-24 14:44:19.463,1472,1573,1639,1501,1405,932,2063,1925,1526,1438
2025-06-24 14:44:19.563,1470,1629,1493,1525,1338,426,2027,1911,1535,1449
2025-06-24 14:44:19.663,1493,1648,1326,1534,1403,93,1941,1598,1531,1446
2025-06-24 14:44:19.762,1519,1635,1310,1504,1488,247,1664,1195,1534,1447
2025-06-24 14:44:19.861,1543,1584,1376,1471,1527,791,1337,1088,1531,1447
2025-06-24 14:44:19.961,1549,1589,1462,1473,1398,1408,1044,1206,1529,1445
2025-06-24 14:44:20.061,1530,1588,1614,1506,1407,2026,880,1311,1524,1438
2025-06-24 14:44:20.161,1521,1511,1739,1520,1413,2522,883,1392,1524,1439
2025-06-24 14:44:20.261,1515,1451,2090,1514,1535,2943,925,1046,1530,1444
2025-06-24 14:44:20.360,1509,1424,2124,1494,1575,3265,1106,1061,1520,1430
2025-06-24 14:44:20.460,1498,1413,1916,1552,1664,3329,1312,1229,1520,1437
2025-06-24 14:44:20.560,1491,1409,1793,1527,1629,3040,1641,1451,1520,1438
2025-06-24 14:44:20.660,1490,1456,1747,1478,1587,3011,1808,1691,1527,1438
2025-06-24 14:44:20.760,1483,1474,1766,1475,1600,2898,1925,1807,1519,1433
2025-06-24 14:44:20.859,1472,1461,1749,1479,1571,1683,1933,1810,1521,1430
2025-06-24 14:44:20.959,1453,1424,1568,1584,1591,654,1953,1833,1534,1449
2025-06-24 14:44:21.058,1449,1379,1449,1520,1680,307,1990,1937,1533,1450
2025-06-24 14:44:21.158,1463,1393,1334,1499,1685,491,2064,2032,1533,1448
2025-06-24 14:44:21.258,1472,1409,1232,1457,1475,785,2003,2036,1511,1424
2025-06-24 14:44:21.358,1504,1478,980,1505,1325,705,1796,2020,1527,1443
2025-06-24 14:44:21.458,1529,1527,816,1521,1246,132,1243,2031,1535,1451
2025-06-24 14:44:21.558,1474,1586,775,1566,1318,0,989,1839,1535,1452
2025-06-24 14:44:21.657,1439,1652,820,1548,1431,272,954,1269,1535,1456
2025-06-24 14:44:21.756,1435,1685,817,1429,1387,863,974,938,1542,1455
2025-06-24 14:44:21.855,1456,1658,942,1488,1237,1431,922,946,1532,1446
2025-06-24 14:44:21.955,1467,1620,1091,1607,1155,1981,960,1183,1530,1445
2025-06-24 14:44:22.055,1487,1579,1278,1578,1185,2409,1243,1427,1520,1435
2025-06-24 14:44:22.159,1483,1563,1425,1411,1221,2798,1488,1387,1513,1428
2025-06-24 14:44:22.258,1463,1533,1514,1205,1362,3015,1714,1084,1515,1428
2025-06-24 14:44:22.357,1463,1502,1602,960,1354,3029,1885,1152,1526,1442
2025-06-24 14:44:22.457,1467,1471,1675,955,1168,2857,1975,1415,1532,1447
2025-06-24 14:44:22.557,1468,1424,1706,955,1055,3056,2142,1687,1519,1438
2025-06-24 14:44:22.657,1483,1431,1776,983,1088,2155,2180,1803,1520,1424
2025-06-24 14:44:22.756,1493,1474,1731,1051,1133,927,2082,1871,1527,1436
2025-06-24 14:44:22.855,1494,1568,1664,1136,1311,241,1901,1985,1522,1442
2025-06-24 14:44:22.955,1507,1510,1577,1168,1521,243,1815,1957,1524,1441
2025-06-24 14:44:23.055,1511,1460,1574,1401,1626,576,1575,1967,1534,1453
2025-06-24 14:44:23.156,1513,1435,1362,2055,1531,809,1239,1933,1535,1454
2025-06-24 14:44:23.251,1526,1421,1188,2496,1463,181,1086,2017,1530,1442
2025-06-24 14:44:23.351,1521,1445,1127,2627,1515,0,987,2055,1529,1440
2025-06-24 14:44:23.451,1541,1488,1153,2548,1584,94,878,2119,1533,1446
2025-06-24 14:44:23.551,1551,1552,1219,2337,1705,725,886,1709,1529,1443
2025-06-24 14:44:23.651,1527,1623,1326,2128,1712,1458,1033,1222,1534,1443
2025-06-24 14:44:23.751,1477,1687,1520,1858,1653,2064,1271,994,1535,1446
2025-06-24 14:44:23.850,1433,1702,1650,1661,1579,2594,1518,1070,1523,1441
2025-06-24 14:44:23.949,1426,1709,1744,1473,1605,3029,1680,1175,1524,1440
2025-06-24 14:44:24.048,1437,1693,1819,1278,1685,3389,1795,1325,1527,1442
2025-06-24 14:44:24.148,1456,1652,1833,1102,1753,3447,1933,893,1525,1439
2025-06-24 14:44:24.247,1472,1629,1821,1100,1791,3178,2090,605,1524,1440
2025-06-24 14:44:24.347,1499,1597,1774,1055,1760,3374,2118,640,1522,1437
2025-06-24 14:44:24.446,1477,1584,1754,1089,1742,2919,1981,832,1519,1435
2025-06-24 14:44:24.546,1479,1530,1681,1050,1742,1542,1907,1067,1533,1447
2025-06-24 14:44:24.646,1483,1484,1657,947,1685,526,1623,1283,1535,1450
2025-06-24 14:44:24.746,1498,1462,1733,1065,1703,270,1227,1414,1535,1449
2025-06-24 14:44:24.845,1507,1480,1716,1186,1766,495,1013,1507,1529,1443
2025-06-24 14:44:24.944,1515,1556,1614,1327,1647,862,994,1581,1520,1431
2025-06-24 14:44:25.045,1522,1498,1547,1390,1431,554,935,1789,1521,1431
2025-06-24 14:44:25.145,1534,1450,1323,1507,1328,0,982,2021,1532,1447
2025-06-24 14:44:25.245,1522,1418,1137,1678,1347,0,1118,2370,1526,1442
2025-06-24 14:44:25.345,1520,1456,1040,1747,1456,212,1314,2493,1520,1436
2025-06-24 14:44:25.444,1521,1494,1037,1747,1465,910,1489,2347,1533,1445
2025-06-24 14:44:25.544,1514,1552,1114,1699,1475,1666,1678,1680,1533,1453
2025-06-24 14:44:25.643,1515,1600,1094,1712,1436,2166,1739,1281,1531,1447
2025-06-24 14:44:25.743,1521,1621,1166,1712,1467,2698,1840,1297,1530,1442
2025-06-24 14:44:25.842,1523,1664,1263,1675,1447,3196,1968,1554,1521,1441
2025-06-24 14:44:25.942,1495,1710,1341,1680,1515,3506,2096,1798,1520,1433
2025-06-24 14:44:26.040,1458,1694,1435,1656,1513,3447,2053,1984,1520,1439
2025-06-24 14:44:26.140,1424,1654,1565,1615,1488,3280,1898,1377,1524,1444
2025-06-24 14:44:26.239,1423,1648,1646,1557,1473,3344,1835,768,1520,1434
2025-06-24 14:44:26.339,1435,1635,1667,1609,1520,2119,1478,861,1529,1444
2025-06-24 14:44:26.439,1463,1629,1665,1639,1546,850,1273,1134,1528,1442
2025-06-24 14:44:26.539,1472,1600,1648,1667,1553,199,1099,1342,1534,1443
2025-06-24 14:44:26.638,1467,1493,1558,1678,1645,244,944,1521,1524,1440
2025-06-24 14:44:26.738,1447,1445,1445,1618,1716,548,902,1709,1520,1435
2025-06-24 14:44:26.838,1452,1446,1395,1607,1623,615,1019,1856,1535,1445
2025-06-24 14:44:26.938,1454,1477,1379,1594,1470,0,1200,2031,1534,1451
2025-06-24 14:44:27.037,1453,1535,1174,1554,1423,0,1351,2197,1525,1438
2025-06-24 14:44:27.137,1455,1551,1062,1569,1474,0,1638,2304,1521,1434
2025-06-24 14:44:27.237,1462,1486,1060,1613,1519,326,1857,2257,1527,1443
2025-06-24 14:44:27.337,1475,1445,1152,1580,1551,1130,1946,2167,1520,1443
2025-06-24 14:44:27.436,1475,1424,1239,1523,1442,1776,2014,1815,1520,1456
2025-06-24 14:44:27.536,1488,1455,1341,1503,1327,2405,2126,1303,1520,1435
2025-06-24 14:44:27.635,1495,1462,1408,1519,1328,2937,2146,923,1526,1456
2025-06-24 14:44:27.735,1507,1483,1551,1549,1413,3184,2025,903,1526,1443
2025-06-24 14:44:27.834,1515,1495,1694,1525,1477,3326,1857,1073,1521,1440
2025-06-24 14:44:27.934,1509,1544,1937,1456,1504,3460,1616,1355,1525,1442
2025-06-24 14:44:28.034,1506,1570,3063,1434,1561,3926,1309,1471,1518,1437
2025-06-24 14:44:28.134,1489,1615,3437,1505,1617,2926,1059,1129,1526,1444
2025-06-24 14:44:28.233,1456,1616,2821,1562,1642,1617,879,1173,1529,1446
2025-06-24 14:44:28.333,1410,1584,2032,1642,1594,675,880,1516,1529,1438
2025-06-24 14:44:28.432,1392,1596,1526,1600,1573,460,924,1787,1527,1439
2025-06-24 14:44:28.532,1408,1611,1472,1551,1655,705,989,1736,1534,1447
2025-06-24 14:44:28.631,1443,1543,1619,1531,1694,1005,1174,1796,1535,1451
2025-06-24 14:44:28.731,1471,1433,1618,1552,1655,196,1439,1792,1545,1454
2025-06-24 14:44:28.830,1475,1385,1616,1535,1515,0,1645,1641,1529,1443
2025-06-24 14:44:28.930,1466,1392,1461,1534,1488,0,1787,1691,1534,1447
2025-06-24 14:44:29.029,1459,1429,1191,1522,1462,0,1904,1764,1534,1435
2025-06-24 14:44:29.129,1454,1502,1038,1520,1416,610,2064,1723,1524,1438
2025-06-24 14:44:29.229,1473,1517,999,1577,1431,1417,2093,1674,1520,1435
2025-06-24 14:44:29.329,1483,1501,965,1518,1407,2149,2016,1565,1520,1437
2025-06-24 14:44:29.429,1497,1466,914,1535,1358,2795,1868,1127,1522,1438
2025-06-24 14:44:29.529,1495,1411,955,1545,1343,3476,1754,825,1525,1444
2025-06-24 14:44:29.629,1502,1430,993,1535,1373,4095,1488,797,1531,1445
2025-06-24 14:44:29.729,1498,1486,1147,1549,1474,4095,1274,996,1525,1444
2025-06-24 14:44:29.829,1518,1503,1291,1533,1552,4095,1071,1196,1523,1438
2025-06-24 14:44:29.928,1510,1574,1386,1489,1567,4007,949,1263,1526,1435
2025-06-24 14:44:30.028,1516,1646,1462,1499,1566,2252,863,1057,1521,1439
2025-06-24 14:44:30.128,1516,1679,1603,1437,1605,882,1038,1112,1520,1435
2025-06-24 14:44:30.228,1521,1681,2318,1499,1550,359,1149,1324,1520,1437
2025-06-24 14:44:30.328,1495,1680,2446,1492,1554,427,1210,1605,1531,1446
2025-06-24 14:44:30.427,1453,1641,2042,1488,1593,594,1465,1699,1529,1442
2025-06-24 14:44:30.527,1408,1616,1646,1421,1677,208,1755,1820,1531,1441
2025-06-24 14:44:30.626,1399,1556,1399,1457,1727,0,1941,1859,1531,1446
2025-06-24 14:44:30.725,1414,1523,1277,1438,1599,0,1941,1821,1529,1446
2025-06-24 14:44:30.824,1439,1509,1234,1445,1563,0,2122,1813,1535,1449
2025-06-24 14:44:30.923,1456,1471,1070,1504,1563,150,2145,1763,1535,1451
2025-06-24 14:44:31.022,1455,1490,919,1561,1584,1146,2019,1743,1526,1428
2025-06-24 14:44:31.122,1452,1521,969,1524,1590,2135,1866,1745,1523,1441
2025-06-24 14:44:31.221,1437,1600,1038,1517,1499,2927,1600,1808,1521,1437
2025-06-24 14:44:31.321,1450,1632,1125,1494,1377,3822,1252,1545,1520,1430
2025-06-24 14:44:31.421,1457,1526,1276,1488,1342,4095,1095,1190,1514,1429
2025-06-24 14:44:31.521,1458,1421,1392,1467,1349,4095,1023,880,1529,1439
2025-06-24 14:44:31.621,1478,1393,1566,1482,1306,4095,990,805,1529,1437
2025-06-24 14:44:31.721,1488,1431,1751,1500,1360,4095,1043,1057,1524,1438
2025-06-24 14:44:31.820,1489,1443,1888,1529,1419,3084,997,1241,1520,1431
2025-06-24 14:44:31.920,1502,1450,1929,1503,1470,1665,1102,1008,1523,1433
2025-06-24 14:44:32.020,1505,1488,1904,1481,1526,599,1394,1079,1522,1436
2025-06-24 14:44:32.120,1515,1543,1855,1481,1513,153,1603,1179,1529,1442
2025-06-24 14:44:32.224,1516,1596,1727,1507,1478,266,1796,1389,1534,1450
2025-06-24 14:44:32.323,1497,1633,1638,1488,1394,463,1854,1587,1525,1434
2025-06-24 14:44:32.423,1517,1655,1658,1517,1493,0,1977,1652,1522,1438
2025-06-24 14:44:32.522,1516,1680,1655,1525,1610,0,2151,1763,1526,1439
2025-06-24 14:44:32.622,1477,1658,1615,1563,1549,0,2131,1717,1527,1441
2025-06-24 14:44:32.721,1442,1642,1453,1506,1497,0,1962,1619,1529,1446
2025-06-24 14:44:32.820,1419,1630,1349,1469,1545,369,1890,1615,1520,1434
2025-06-24 14:44:32.919,1427,1552,1300,1452,1554,1435,1431,1549,1532,1442
2025-06-24 14:44:33.019,1447,1413,1268,1504,1543,2342,1103,1650,1527,1444
2025-06-24 14:44:33.119,1463,1422,1290,1546,1523,3087,1092,1858,1527,1441
2025-06-24 14:44:33.220,1470,1450,1310,1520,1547,3890,1123,1842,1535,1452
2025-06-24 14:44:33.315,1454,1474,1355,1543,1458,4095,1007,1424,1519,1424
2025-06-24 14:44:33.415,1441,1561,1456,1558,1430,4095,996,1045,1523,1439
2025-06-24 14:44:33.514,1439,1535,1555,1547,1472,4095,1136,1038,1525,1442
2025-06-24 14:44:33.614,1458,1468,1644,1599,1535,4095,1328,1086,1526,1442
2025-06-24 14:44:33.714,1472,1376,1680,1512,1612,2373,1599,1060,1535,1454
2025-06-24 14:44:33.813,1488,1386,1725,1333,1570,1145,1810,797,1541,1453
2025-06-24 14:44:33.912,1494,1417,1675,1241,1591,639,1941,640,1534,1448
2025-06-24 14:44:34.012,1503,1461,1644,1168,1611,763,2067,895,1531,1455
2025-06-24 14:44:34.112,1507,1490,1638,1186,1579,1014,2107,1104,1527,1446
2025-06-24 14:44:34.212,1511,1579,1637,1203,1477,636,2163,1289,1533,1446
2025-06-24 14:44:34.312,1517,1616,1691,1279,1422,0,1995,1438,1520,1435
2025-06-24 14:44:34.412,1520,1643,1623,1326,1455,0,1872,1567,1519,1435
2025-06-24 14:44:34.512,1510,1702,1494,1344,1392,0,1679,1746,1517,1433
2025-06-24 14:44:34.612,1511,1697,1302,1459,1306,576,1223,1747,1521,1433
2025-06-24 14:44:34.712,1520,1657,1053,1542,1373,1472,1003,1879,1517,1429
2025-06-24 14:44:34.812,1503,1605,975,1568,1390,2237,881,1983,1519,1433
2025-06-24 14:44:34.911,1470,1638,959,1589,1451,2896,877,2059,1531,1445
2025-06-24 14:44:35.010,1441,1595,1059,1591,1525,3629,959,2087,1532,1456
2025-06-24 14:44:35.110,1433,1507,1120,1894,1546,4095,1058,2119,1526,1441
2025-06-24 14:44:35.210,1434,1466,1211,2259,1438,4095,1206,1819,1525,1442
2025-06-24 14:44:35.310,1453,1443,1328,2391,1503,3765,1479,1313,1523,1439
2025-06-24 14:44:35.409,1466,1460,1488,2301,1488,3392,1613,1079,1527,1454
2025-06-24 14:44:35.509,1473,1578,1601,1966,1489,2160,1744,1088,1520,1431
2025-06-24 14:44:35.608,1456,1552,1712,1609,1483,1049,1933,1214,1530,1442
2025-06-24 14:44:35.707,1446,1443,1850,1375,1573,437,2058,1328,1531,1442
2025-06-24 14:44:35.806,1458,1365,1833,1263,1614,493,2069,1171,1533,1442
2025-06-24 14:44:35.905,1479,1361,1625,1070,1598,771,2005,336,1543,1453
2025-06-24 14:44:36.004,1494,1392,1489,981,1604,991,1902,400,1543,1456
2025-06-24 14:44:36.103,1503,1447,1453,1103,1626,0,1815,769,1534,1446
2025-06-24 14:44:36.203,1520,1488,1495,1135,1621,0,1462,1173,1534,1443
2025-06-24 14:44:36.302,1531,1554,1296,1217,1653,0,1117,1511,1526,1441
2025-06-24 14:44:36.401,1513,1600,1129,1305,1717,351,970,1773,1522,1440
2025-06-24 14:44:36.500,1519,1689,1178,1417,1623,1161,930,1920,1514,1429
2025-06-24 14:44:36.600,1520,1739,1305,1485,1503,1881,931,2033,1520,1421
2025-06-24 14:44:36.700,1519,1738,1443,1498,1535,2537,901,2083,1520,1437
2025-06-24 14:44:36.800,1515,1723,1575,1491,1527,3119,1104,2269,1526,1445
2025-06-24 14:44:36.900,1505,1663,1705,1559,1534,3651,1265,2646,1532,1453
2025-06-24 14:44:36.999,1505,1655,1746,1639,1573,3859,1474,2819,1524,1449
2025-06-24 14:44:37.100,1487,1637,1804,1556,1419,3661,1622,2596,1521,1438
2025-06-24 14:44:37.200,1457,1574,1856,1563,1389,3834,1847,2160,1521,1436
2025-06-24 14:44:37.299,1426,1507,1919,1610,1384,3031,2015,1491,1521,1438
2025-06-24 14:44:37.398,1427,1493,1949,1613,1433,1599,2015,1200,1529,1444
2025-06-24 14:44:37.498,1434,1487,1998,1529,1495,573,2015,1466,1532,1447
2025-06-24 14:44:37.598,1438,1515,1952,1520,1535,271,2019,1925,1534,1444
2025-06-24 14:44:37.697,1455,1591,1867,1555,1590,443,1916,2113,1525,1439
2025-06-24 14:44:37.797,1445,1473,1771,1577,1506,784,1879,1987,1509,1420
2025-06-24 14:44:37.897,1456,1414,1734,1601,1586,228,1453,1038,1532,1444
2025-06-24 14:44:37.996,1442,1424,1703,1618,1593,0,1168,523,1533,1453
2025-06-24 14:44:38.095,1467,1463,1399,1586,1561,0,995,714,1535,1450
2025-06-24 14:44:38.195,1472,1485,1136,1549,1573,0,973,1136,1533,1443
2025-06-24 14:44:38.294,1494,1523,1077,1408,1636,624,1098,1359,1546,1455
2025-06-24 14:44:38.393,1501,1565,1074,1165,1694,1461,1188,1415,1527,1442
2025-06-24 14:44:38.493,1504,1616,1152,1077,1616,2175,1267,1459,1517,1431
2025-06-24 14:44:38.593,1505,1648,1264,1097,1535,2851,1446,1525,1529,1447
2025-06-24 14:44:38.693,1511,1629,1422,1082,1487,3522,1680,1655,1526,1440
2025-06-24 14:44:38.793,1511,1647,1562,1088,1469,4095,1829,1806,1522,1437
2025-06-24 14:44:38.893,1510,1633,1679,1167,1456,4077,1936,1975,1515,1430
2025-06-24 14:44:38.993,1507,1617,1813,1287,1407,3938,1941,2057,1522,1435
2025-06-24 14:44:39.093,1513,1615,1875,1358,1306,3879,2061,2030,1522,1439
2025-06-24 14:44:39.193,1518,1550,1973,1523,1242,2354,2170,1559,1521,1437
2025-06-24 14:44:39.293,1547,1449,1992,1583,1179,976,2054,1205,1526,1440
2025-06-24 14:44:39.392,1513,1408,1751,1650,1214,345,2009,1123,1542,1453
2025-06-24 14:44:39.491,1488,1405,1507,1728,1364,396,1905,1216,1534,1447
2025-06-24 14:44:39.590,1462,1389,1373,1749,1456,656,1513,1437,1525,1435
2025-06-24 14:44:39.690,1454,1494,1322,1744,1547,811,1169,1684,1527,1441
2025-06-24 14:44:39.790,1453,1514,1139,1856,1559,0,897,1643,1533,1450
2025-06-24 14:44:39.890,1467,1460,836,1811,1562,0,784,1255,1531,1443
2025-06-24 14:44:39.990,1474,1446,656,1904,1610,0,757,1235,1521,1438
2025-06-24 14:44:40.089,1474,1449,654,1975,1616,281,844,1489,1525,1447
2025-06-24 14:44:40.189,1456,1506,787,1940,1663,1197,1071,1732,1527,1444
2025-06-24 14:44:40.289,1445,1531,927,1848,1718,2025,1232,1783,1520,1435
2025-06-24 14:44:40.388,1456,1517,1101,1715,1729,2737,1399,1871,1519,1434
2025-06-24 14:44:40.487,1481,1543,1322,1513,1597,3455,1686,1941,1520,1436
2025-06-24 14:44:40.587,1493,1598,1504,1477,1559,4095,1873,2031,1520,1431
2025-06-24 14:44:40.687,1502,1646,1600,1461,1552,4095,1950,2062,1520,1430
2025-06-24 14:44:40.787,1506,1702,1719,1507,1549,4095,2055,2034,1530,1443
2025-06-24 14:44:40.887,1504,1719,1840,1488,1584,4095,2074,1991,1531,1444
2025-06-24 14:44:40.987,1511,1703,1904,1461,1523,3196,1968,2202,1526,1444
2025-06-24 14:44:41.087,1517,1725,1936,1449,1410,1808,1783,2371,1535,1449
2025-06-24 14:44:41.187,1501,1731,1977,1443,1408,651,1370,1875,1542,1451
2025-06-24 14:44:41.287,1517,1637,1928,1477,1424,291,1072,1409,1542,1450
2025-06-24 14:44:41.386,1515,1520,1792,1507,1469,449,901,1355,1524,1431
2025-06-24 14:44:41.486,1521,1458,1653,1489,1600,768,857,1482,1521,1437
2025-06-24 14:44:41.585,1527,1424,1598,1490,1623,144,891,1526,1523,1436
2025-06-24 14:44:41.685,1500,1425,1409,1470,1504,0,1030,1392,1523,1438
2025-06-24 14:44:41.784,1457,1535,1155,1506,1513,0,1187,1045,1545,1451
2025-06-24 14:44:41.883,1424,1523,1087,1552,1553,0,1360,979,1533,1450
2025-06-24 14:44:41.982,1424,1471,1030,1488,1552,688,1559,1241,1523,1440
2025-06-24 14:44:42.082,1423,1435,1039,1506,1534,1533,1761,1513,1528,1443
2025-06-24 14:44:42.182,1434,1392,1085,1509,1607,2287,1966,1647,1521,1442
2025-06-24 14:44:42.286,1440,1323,1143,1475,1636,2974,1986,1860,1520,1440
2025-06-24 14:44:42.385,1447,1323,1215,1462,1501,3749,2096,1857,1520,1435
2025-06-24 14:44:42.485,1415,1395,1301,1552,1390,4095,2067,1825,1521,1435
2025-06-24 14:44:42.584,1405,1471,1395,1520,1346,4095,2001,1728,1525,1444
2025-06-24 14:44:42.684,1424,1517,1408,1575,1386,4095,1853,1620,1532,1442
2025-06-24 14:44:42.783,1447,1583,1563,1525,1383,4095,1737,1655,1520,1439
2025-06-24 14:44:42.882,1472,1562,1549,1520,1378,2671,1379,1588,1521,1440
2025-06-24 14:44:42.981,1485,1590,1454,1501,1260,1284,1126,1551,1535,1447
2025-06-24 14:44:43.081,1495,1569,1482,1456,1278,477,971,1505,1545,1457
2025-06-24 14:44:43.181,1488,1565,1584,1506,1327,375,885,1131,1531,1451
2025-06-24 14:44:43.282,1488,1642,1734,1581,1395,592,886,780,1517,1430
2025-06-24 14:44:43.377,1509,1631,1888,1424,1437,638,1035,581,1530,1443
2025-06-24 14:44:43.477,1504,1505,1865,1198,1462,0,1221,647,1543,1451
2025-06-24 14:44:43.577,1485,1392,1770,1095,1503,0,1348,813,1530,1442
2025-06-24 14:44:43.677,1456,1391,1611,953,1582,0,1546,749,1525,1439
2025-06-24 14:44:43.776,1445,1445,1363,996,1583,54,1798,335,1529,1442
2025-06-24 14:44:43.876,1439,1557,1202,1111,1594,987,1935,319,1522,1434
2025-06-24 14:44:43.976,1430,1600,1133,1168,1616,2002,2100,544,1511,1427
2025-06-24 14:44:44.075,1392,1584,1185,1264,1693,2784,2103,993,1525,1444
2025-06-24 14:44:44.174,1386,1509,1258,1373,1766,3478,1996,1264,1525,1440
2025-06-24 14:44:44.274,1407,1447,1343,1459,1662,4095,1874,1424,1522,1441
2025-06-24 14:44:44.373,1418,1445,1479,1589,1478,4095,1808,1552,1525,1442
2025-06-24 14:44:44.472,1461,1447,1578,1687,1417,4095,1593,1541,1520,1438
2025-06-24 14:44:44.571,1475,1471,1707,1713,1437,3967,1307,1653,1526,1439
2025-06-24 14:44:44.670,1481,1563,1828,1722,1426,3282,1117,1799,1531,1447
2025-06-24 14:44:44.770,1463,1606,1859,1814,1449,1623,1122,1881,1535,1452
2025-06-24 14:44:44.870,1458,1658,1872,1830,1385,258,1041,2205,1531,1444
2025-06-24 14:44:44.970,1470,1687,1810,1907,1345,0,1072,2538,1530,1443
2025-06-24 14:44:45.069,1477,1680,1797,1950,1366,192,1133,2501,1530,1447
2025-06-24 14:44:45.169,1489,1651,1715,1905,1430,638,1371,1886,1525,1441
2025-06-24 14:44:45.269,1504,1664,1715,1799,1512,144,1587,1440,1522,1437
2025-06-24 14:44:45.368,1510,1670,1785,1769,1535,0,1744,1267,1527,1441
2025-06-24 14:44:45.468,1514,1602,1767,1749,1600,0,1825,1366,1535,1453
2025-06-24 14:44:45.568,1520,1489,1664,1712,1628,0,1959,1393,1542,1452
2025-06-24 14:44:45.668,1522,1417,1524,1598,1647,593,2107,1577,1530,1447
2025-06-24 14:44:45.767,1522,1401,1284,1520,1590,1488,2096,1414,1531,1445
2025-06-24 14:44:45.867,1527,1454,1216,1458,1566,2290,1970,158,1520,1433
2025-06-24 14:44:45.967,1529,1506,1147,1466,1653,2955,1851,0,1533,1447
2025-06-24 14:44:46.067,1535,1562,1168,1406,1761,3527,1687,16,1529,1446
2025-06-24 14:44:46.167,1514,1517,1230,1439,1735,4059,1261,351,1524,1439
2025-06-24 14:44:46.267,1488,1424,1302,1434,1616,4059,1083,708,1523,1437
2025-06-24 14:44:46.366,1457,1385,1440,1445,1510,3959,928,981,1520,1434
2025-06-24 14:44:46.466,1441,1390,1534,1520,1513,4095,910,1312,1513,1424
2025-06-24 14:44:46.565,1439,1421,1544,1561,1527,2886,1002,1766,1518,1429
2025-06-24 14:44:46.665,1454,1439,1670,1584,1520,1571,1157,2275,1518,1434
2025-06-24 14:44:46.764,1471,1545,1703,1569,1444,709,1273,2886,1525,1442
2025-06-24 14:44:46.863,1475,1588,1581,1584,1347,462,1435,4095,1531,1446
2025-06-24 14:44:46.963,1483,1643,1591,1510,1290,585,1632,4095,1535,1451
2025-06-24 14:44:47.063,1457,1711,1652,1494,1353,804,1840,3574,1533,1449
2025-06-24 14:44:47.163,1457,1744,1638,1494,1463,0,1965,2965,1525,1440
2025-06-24 14:44:47.263,1475,1706,1658,1519,1468,0,2035,2256,1525,1442
2025-06-24 14:44:47.363,1493,1668,1673,1578,1523,0,2127,1666,1535,1451
2025-06-24 14:44:47.462,1499,1636,1764,1531,1530,56,2043,1466,1531,1443
2025-06-24 14:44:47.562,1511,1686,1857,1599,1506,891,1862,1533,1534,1449
2025-06-24 14:44:47.662,1515,1639,1793,1571,1533,1781,1777,1630,1545,1453
2025-06-24 14:44:47.762,1517,1520,1597,1575,1527,2581,1613,1654,1534,1454
2025-06-24 14:44:47.862,1516,1479,1397,1488,1547,3219,1381,1125,1523,1439
2025-06-24 14:44:47.962,1519,1458,1292,1463,1661,3974,1154,0,1520,1431
2025-06-24 14:44:48.062,1520,1452,1194,1524,1637,4095,1015,0,1527,1437
2025-06-24 14:44:48.162,1518,1512,1151,1525,1515,4095,934,0,1529,1441
2025-06-24 14:44:48.262,1520,1482,1138,1566,1469,4095,935,210,1520,1434
2025-06-24 14:44:48.362,1522,1392,1198,1531,1547,3920,1099,656,1517,1431
2025-06-24 14:44:48.462,1520,1337,1392,1535,1520,2421,1232,1080,1525,1445
2025-06-24 14:44:48.561,1488,1363,1519,1569,1535,1216,1430,1405,1535,1451
2025-06-24 14:44:48.661,1456,1370,1600,1470,1529,519,1684,1763,1533,1453
2025-06-24 14:44:48.760,1437,1434,1675,1452,1408,445,1938,2215,1530,1443
2025-06-24 14:44:48.860,1408,1497,1601,1468,1358,656,1971,3024,1515,1429
2025-06-24 14:44:48.960,1450,1585,1567,1465,1424,336,2011,3457,1530,1445
2025-06-24 14:44:49.059,1459,1659,1579,1350,1436,0,2010,3136,1526,1443
2025-06-24 14:44:49.159,1471,1722,1505,1242,1508,0,2016,2518,1531,1449
2025-06-24 14:44:49.258,1482,1744,1551,1194,1493,0,2000,1791,1535,1424
2025-06-24 14:44:49.358,1470,1694,1659,1157,1476,411,1866,1311,1535,1449
2025-06-24 14:44:49.458,1425,1673,1750,1136,1488,1261,1566,1113,1531,1444
2025-06-24 14:44:49.557,1456,1630,1885,1168,1535,2025,1178,1175,1531,1443
2025-06-24 14:44:49.657,1472,1627,1889,1302,1552,2754,832,1260,1527,1443
2025-06-24 14:44:49.756,1493,1557,1630,1399,1507,3430,667,1408,1520,1435
2025-06-24 14:44:49.856,1501,1488,1434,1499,1584,4052,733,961,1518,1434
2025-06-24 14:44:49.956,1507,1441,1334,1570,1590,4095,909,0,1519,1438
2025-06-24 14:44:50.055,1511,1455,1143,1655,1473,4095,1195,0,1513,1429
2025-06-24 14:44:50.155,1520,1507,1046,1738,1420,3973,1424,96,1531,1447
2025-06-24 14:44:50.255,1520,1523,1015,1740,1418,3044,1595,342,1542,1449
2025-06-24 14:44:50.355,1524,1443,1056,1737,1473,1759,1739,784,1531,1450
2025-06-24 14:44:50.455,1520,1363,1143,1776,1569,747,1941,1207,1530,1446
2025-06-24 14:44:50.554,1533,1343,1247,1785,1584,245,1989,1477,1520,1428
2025-06-24 14:44:50.654,1550,1373,1378,1808,1487,315,1993,1766,1523,1439
2025-06-24 14:44:50.753,1535,1426,1465,1823,1470,693,2093,2161,1520,1434
2025-06-24 14:44:50.853,1491,1488,1522,1781,1433,0,1994,2999,1520,1439
2025-06-24 14:44:50.952,1467,1559,1534,1750,1398,0,1751,3449,1525,1441
2025-06-24 14:44:51.051,1448,1648,1551,1706,1491,0,1619,3161,1531,1441
2025-06-24 14:44:51.151,1441,1697,1558,1741,1600,87,1323,2470,1531,1444
2025-06-24 14:44:51.251,1451,1738,1603,1611,1651,930,1184,1897,1521,1438
2025-06-24 14:44:51.351,1455,1738,1701,1404,1616,1790,1097,1552,1535,1454
2025-06-24 14:44:51.451,1452,1702,1617,1319,1632,2539,1037,1426,1532,1449
2025-06-24 14:44:51.550,1477,1709,1445,1250,1578,3205,1008,1407,1520,1434
2025-06-24 14:44:51.650,1451,1686,1163,1298,1611,4046,1157,1409,1515,1426
2025-06-24 14:44:51.749,1430,1658,922,1377,1551,4095,1365,1483,1521,1435
2025-06-24 14:44:51.849,1462,1617,885,1323,1595,4095,1522,890,1523,1439
2025-06-24 14:44:51.948,1481,1546,947,1418,1591,3998,1662,0,1523,1440
2025-06-24 14:44:52.047,1502,1504,1102,1502,1513,3909,1804,0,1527,1443
2025-06-24 14:44:52.147,1485,1495,1264,1616,1471,2512,1854,0,1520,1438
2025-06-24 14:44:52.247,1486,1557,1402,1648,1525,1271,1882,292,1527,1446
2025-06-24 14:44:52.351,1479,1506,1559,1664,1535,525,1934,563,1535,1445
2025-06-24 14:44:52.451,1472,1442,1680,1597,1542,448,1895,880,1535,1455
2025-06-24 14:44:52.551,1467,1395,1771,1557,1565,685,1818,1259,1535,1454
2025-06-24 14:44:52.650,1466,1387,1808,1581,1457,572,1901,1717,1529,1454
2025-06-24 14:44:52.750,1466,1414,1794,1552,1410,0,1606,1959,1533,1451
2025-06-24 14:44:52.850,1465,1458,1749,1518,1431,0,1378,2937,1533,1447
2025-06-24 14:44:52.950,1455,1494,1701,1535,1427,0,1151,3582,1531,1437
2025-06-24 14:44:53.050,1470,1600,1695,1522,1427,99,957,3478,1524,1442
2025-06-24 14:44:53.150,1437,1648,1750,1448,1446,970,1005,3041,1530,1443
2025-06-24 14:44:53.250,1408,1701,1841,1425,1490,1904,1017,2385,1531,1441
2025-06-24 14:44:53.351,1385,1712,1806,1466,1531,2688,1136,1894,1545,1455
2025-06-24 14:44:53.446,1370,1669,1644,1455,1497,3441,1258,1602,1527,1443
2025-06-24 14:44:53.545,1387,1622,1441,1517,1520,4095,1393,1542,1518,1429
2025-06-24 14:44:53.645,1434,1615,1227,1579,1534,4095,1667,1477,1531,1446
2025-06-24 14:44:53.745,1459,1600,1136,1546,1577,4095,1857,1517,1527,1443
2025-06-24 14:44:53.845,1451,1543,1105,1489,1635,4095,1890,1232,1532,1446
2025-06-24 14:44:53.945,1426,1438,1216,1507,1519,3484,2064,0,1527,1441
2025-06-24 14:44:54.045,1424,1427,1298,1496,1525,1907,2028,0,1520,1433
2025-06-24 14:44:54.145,1443,1463,1411,1471,1612,742,1941,0,1520,1451
2025-06-24 14:44:54.245,1470,1590,1584,1552,1545,349,1808,0,1535,1451
2025-06-24 14:44:54.344,1483,1598,1664,1552,1523,464,1663,16,1534,1446
2025-06-24 14:44:54.444,1488,1507,1751,1518,1475,687,1333,351,1530,1446
2025-06-24 14:44:54.543,1499,1450,1737,1481,1465,0,1098,784,1535,1451
2025-06-24 14:44:54.643,1503,1441,1701,1492,1433,0,1019,1575,1525,1441
2025-06-24 14:44:54.743,1525,1450,1679,1353,1419,0,967,2640,1526,1438
2025-06-24 14:44:54.843,1520,1456,1729,1150,1459,0,965,4095,1519,1439
2025-06-24 14:44:54.942,1525,1483,2438,982,1481,464,1078,4095,1514,1424
2025-06-24 14:44:55.042,1520,1555,3629,946,1531,1403,1175,4095,1513,1427
2025-06-24 14:44:55.141,1526,1584,2959,967,1600,2303,1373,3285,1520,1440
2025-06-24 14:44:55.241,1518,1614,1936,1085,1584,3126,1648,2475,1527,1439
2025-06-24 14:44:55.341,1490,1641,1076,1226,1564,4095,1903,1842,1527,1442
2025-06-24 14:44:55.441,1466,1625,749,1322,1600,4095,1962,1552,1522,1439
2025-06-24 14:44:55.541,1471,1616,795,1471,1521,4095,2032,1435,1526,1440
2025-06-24 14:44:55.640,1475,1648,799,1520,1504,4095,2067,1578,1529,1445
2025-06-24 14:44:55.740,1488,1616,711,1618,1571,4095,2001,1744,1526,1441
2025-06-24 14:44:55.840,1495,1479,560,1702,1587,2544,1798,1712,1525,1443
2025-06-24 14:44:55.940,1497,1401,496,1687,1555,1147,1653,35,1532,1447
2025-06-24 14:44:56.040,1498,1403,528,1741,1542,393,1463,0,1543,1449
2025-06-24 14:44:56.140,1467,1424,642,1826,1518,325,1185,0,1547,1450
2025-06-24 14:44:56.240,1462,1522,886,1849,1520,530,926,0,1530,1443
2025-06-24 14:44:56.340,1465,1565,1136,1867,1472,295,666,128,1523,1438
2025-06-24 14:44:56.440,1477,1517,1331,1895,1495,0,651,896,1530,1446
2025-06-24 14:44:56.539,1490,1477,1520,1872,1488,0,635,1603,1523,1434
2025-06-24 14:44:56.638,1499,1424,1685,1781,1475,0,781,2345,1514,1434
2025-06-24 14:44:56.738,1503,1431,1727,1712,1382,118,1056,3907,1514,1431
2025-06-24 14:44:56.838,1498,1447,1759,1705,1425,993,1345,4095,1516,1429
2025-06-24 14:44:56.938,1504,1475,1752,1680,1473,1899,1589,4095,1519,1441
2025-06-24 14:44:57.038,1488,1503,1759,1600,1473,2731,1842,3509,1520,1439
2025-06-24 14:44:57.137,1488,1530,1775,1477,1473,3489,1915,2918,1521,1431
2025-06-24 14:44:57.237,1485,1573,1803,1445,1510,4095,1853,2372,1526,1439
2025-06-24 14:44:57.337,1474,1582,1811,1456,1561,4095,1904,1840,1535,1451
2025-06-24 14:44:57.437,1474,1584,1844,1399,1522,4095,1969,1488,1535,1455
2025-06-24 14:44:57.537,1503,1584,1859,1360,1549,4095,1840,1421,1535,1446
2025-06-24 14:44:57.636,1461,1558,2095,1392,1554,3571,1742,1383,1531,1446
2025-06-24 14:44:57.736,1411,1579,2123,1450,1520,2002,1489,1361,1533,1442
2025-06-24 14:44:57.836,1398,1527,1947,1507,1558,843,1267,1360,1527,1443
2025-06-24 14:44:57.936,1398,1431,1761,1568,1531,407,1089,143,1550,1454
2025-06-24 14:44:58.036,1392,1378,1616,1621,1469,462,949,0,1552,1451
2025-06-24 14:44:58.136,1426,1373,1525,1591,1460,710,938,0,1545,1454
2025-06-24 14:44:58.236,1445,1431,1457,1552,1510,0,1039,3,1535,1450
2025-06-24 14:44:58.336,1456,1506,1415,1551,1518,0,1038,379,1530,1442
2025-06-24 14:44:58.436,1451,1552,1360,1529,1530,0,1040,851,1521,1443
2025-06-24 14:44:58.535,1453,1498,1374,1463,1511,0,1200,1439,1520,1440
2025-06-24 14:44:58.634,1472,1431,1553,1479,1530,592,1453,2006,1505,1424
2025-06-24 14:44:58.733,1476,1417,1745,1511,1481,1516,1690,2655,1511,1427
2025-06-24 14:44:58.833,1494,1434,1958,1515,1443,2397,1890,3187,1523,1437
2025-06-24 14:44:58.933,1503,1453,2093,1531,1523,3206,2000,2913,1520,1431
2025-06-24 14:44:59.034,1514,1473,2128,1520,1530,4095,2071,2629,1520,1434
2025-06-24 14:44:59.134,1493,1504,2074,1495,1483,4095,1919,2305,1520,1446
2025-06-24 14:44:59.234,1520,1600,1830,1499,1542,4095,1927,1902,1533,1446
2025-06-24 14:44:59.334,1521,1671,1628,1550,1565,4095,1879,1491,1533,1447
2025-06-24 14:44:59.434,1518,1680,1563,1523,1561,4095,1591,1305,1541,1451
2025-06-24 14:44:59.534,1520,1705,1626,1547,1527,2922,1280,1351,1525,1439
2025-06-24 14:44:59.633,1522,1735,1619,1473,1526,1488,1086,1301,1531,1441
2025-06-24 14:44:59.733,1504,1736,1643,1453,1522,542,995,1359,1532,1437
2025-06-24 14:44:59.833,1488,1783,1717,1455,1552,362,1012,784,1535,1447
2025-06-24 14:44:59.933,1453,1735,1756,1497,1535,585,1210,0,1534,1444
2025-06-24 14:45:00.032,1439,1631,1860,1534,1412,299,1386,0,1522,1431
2025-06-24 14:45:00.137,1445,1552,1884,1510,1419,0,1531,242,1527,1439
2025-06-24 14:45:00.231,1463,1499,1574,1541,1437,0,1754,491,1527,1442
2025-06-24 14:45:00.331,1488,1479,1264,1547,1467,0,1872,817,1535,1446
2025-06-24 14:45:00.431,1506,1549,1197,1552,1494,51,1790,1197,1535,1455
2025-06-24 14:45:00.530,1502,1562,1211,1530,1534,912,1823,1675,1521,1438
2025-06-24 14:45:00.629,1479,1472,1146,1516,1517,1838,1800,2124,1523,1438
2025-06-24 14:45:00.728,1494,1435,1159,1477,1484,2659,1729,3124,1522,1438
2025-06-24 14:45:00.828,1520,1385,927,1531,1483,3435,1513,3493,1516,1429
2025-06-24 14:45:00.927,1534,1414,853,1546,1445,4095,1377,3065,1526,1442
2025-06-24 14:45:01.026,1520,1424,891,1486,1474,4095,1309,2703,1527,1434
2025-06-24 14:45:01.125,1519,1475,944,1395,1567,4095,1295,2323,1521,1440
2025-06-24 14:45:01.225,1520,1513,1040,1234,1646,4095,1138,1722,1520,1434
2025-06-24 14:45:01.325,1499,1578,1148,1073,1581,3952,890,1326,1526,1441
2025-06-24 14:45:01.425,1475,1616,1287,928,1522,2287,839,1215,1549,1456
2025-06-24 14:45:01.524,1454,1666,1466,976,1585,1079,901,1338,1535,1453
2025-06-24 14:45:01.623,1429,1658,1635,1088,1566,507,1120,1294,1535,1446
2025-06-24 14:45:01.723,1409,1667,1728,1168,1535,455,1402,1135,1532,1445
2025-06-24 14:45:01.823,1407,1658,1749,1269,1527,627,1697,238,1530,1447
2025-06-24 14:45:01.923,1408,1709,1744,1320,1542,0,1856,0,1523,1438
2025-06-24 14:45:02.023,1399,1630,1654,1475,1472,0,2069,0,1520,1445
2025-06-24 14:45:02.122,1403,1467,1598,1610,1438,0,2235,0,1517,1424
2025-06-24 14:45:02.222,1344,1344,1648,1631,1473,0,897,0,1523,1439
2025-06-24 14:45:02.322,1287,1403,1705,1659,1495,0,24,0,1526,1443
2025-06-24 14:45:02.426,1305,1459,1639,1746,1478,326,0,0,1520,1435
2025-06-24 14:45:02.525,1302,1575,1573,1840,1299,1467,48,0,1523,1439
2025-06-24 14:45:02.625,1318,1698,1556,1869,909,2442,0,0,1527,1441
2025-06-24 14:45:02.724,1324,1650,1344,1901,311,2785,0,0,1530,1444
2025-06-24 14:45:02.824,1328,1498,1023,1919,0,2299,0,0,1533,1450
2025-06-24 14:45:02.924,1299,1393,959,1920,0,1385,0,0,1520,1440
2025-06-24 14:45:03.023,1303,1307,1021,1852,0,730,576,0,1526,1442
2025-06-24 14:45:03.123,1328,1105,867,1770,0,112,836,0,1531,1438
2025-06-24 14:45:03.223,1344,973,401,1728,0,12,641,0,1531,1446
2025-06-24 14:45:03.323,1344,963,0,1651,0,64,735,0,1522,1441
2025-06-24 14:45:03.424,1360,816,0,1610,0,94,720,0,1531,1450
2025-06-24 14:45:03.519,1375,595,0,1570,0,73,277,0,1528,1443
2025-06-24 14:45:03.619,1399,574,0,1457,0,0,0,0,1525,1435
2025-06-24 14:45:03.718,1451,555,193,1501,0,0,0,1356,1520,1435
2025-06-24 14:45:03.818,1498,784,675,1454,0,0,144,4095,1507,1424
2025-06-24 14:45:03.918,1552,1200,1078,1411,592,0,427,4095,1514,1431
2025-06-24 14:45:04.018,1594,1607,1071,1411,981,0,413,4095,1512,1427
2025-06-24 14:45:04.118,1631,1799,1074,1439,1364,0,822,4095,1521,1438
2025-06-24 14:45:04.217,1658,1802,1325,1517,1758,873,1448,4095,1530,1448
2025-06-24 14:45:04.317,1648,1757,1543,1524,2110,2365,2190,4095,1529,1445
2025-06-24 14:45:04.417,1618,1794,1349,1503,2498,3292,2782,4095,1523,1451
2025-06-24 14:45:04.517,1583,1919,1146,1501,3086,3840,3504,4095,1528,1446
2025-06-24 14:45:04.616,1523,1858,655,1553,3626,4095,4017,4095,1525,1445
2025-06-24 14:45:04.715,1503,1741,30,1520,4095,4095,4085,4095,1522,1435
2025-06-24 14:45:04.815,1502,1054,0,1465,4095,4095,4003,4095,1522,1436
2025-06-24 14:45:04.914,1531,391,0,1522,4058,1584,2994,4095,1548,1450
2025-06-24 14:45:05.014,1552,28,0,1495,3943,0,2339,4095,1547,1452
2025-06-24 14:45:05.113,1533,96,113,1520,3509,0,1856,4095,1543,1445
2025-06-24 14:45:05.212,1518,498,581,1488,3162,0,1710,4095,1532,1445
2025-06-24 14:45:05.312,1520,1075,942,1472,3031,0,1797,4095,1530,1449
2025-06-24 14:45:05.412,1509,1634,1412,1456,3103,732,2112,4095,1526,1442
2025-06-24 14:45:05.512,1491,2054,1918,1490,3184,2449,2416,4095,1519,1435
2025-06-24 14:45:05.612,1494,2397,2411,1527,3212,4095,2599,4095,1521,1437
2025-06-24 14:45:05.712,1519,2566,2814,1506,3105,4095,2646,4095,1515,1438
2025-06-24 14:45:05.812,1542,2671,3149,1482,2938,4095,2794,3865,1521,1439
2025-06-24 14:45:05.911,1555,2688,3284,1504,2823,4095,2858,3109,1533,1443
2025-06-24 14:45:06.011,1562,2618,3280,1526,2620,4095,2864,2554,1541,1451
2025-06-24 14:45:06.111,1566,2544,3349,1479,2498,4095,2859,2178,1535,1451
2025-06-24 14:45:06.211,1558,2417,3312,1523,2320,4095,2865,2305,1520,1438
2025-06-24 14:45:06.311,1562,2247,3216,1498,2128,4095,2820,2637,1524,1459
2025-06-24 14:45:06.411,1562,2064,2993,1456,1936,4095,2797,3199,1526,1442
2025-06-24 14:45:06.511,1550,1985,2750,1521,1823,4095,2781,3251,1547,1456
2025-06-24 14:45:06.611,1513,1904,2436,1547,1767,3367,2736,2730,1534,1443
2025-06-24 14:45:06.710,1458,1838,2237,1520,1696,2990,2608,2417,1543,1450
2025-06-24 14:45:06.810,1456,1872,2047,1478,1603,3126,2360,2590,1520,1436
2025-06-24 14:45:06.910,1467,1805,1904,1431,1761,2226,2150,2930,1521,1437
2025-06-24 14:45:07.010,1470,1631,1840,1450,1977,1324,1908,3198,1518,1430
2025-06-24 14:45:07.109,1481,1477,1915,1562,2000,829,1735,3301,1520,1430
2025-06-24 14:45:07.209,1491,1392,1941,1552,1920,913,1573,3101,1525,1437
2025-06-24 14:45:07.309,1492,1347,1989,1473,1771,1407,1622,3019,1535,1449
2025-06-24 14:45:07.409,1470,1385,2067,1398,1601,1947,1804,2877,1542,1453
2025-06-24 14:45:07.508,1456,1426,2033,1411,1423,2195,1925,2094,1526,1438
2025-06-24 14:45:07.608,1468,1542,2014,1439,1255,2394,1969,1741,1527,1444
2025-06-24 14:45:07.708,1485,1599,1996,1518,1097,2697,1954,1780,1521,1439
2025-06-24 14:45:07.808,1484,1651,2011,1562,1002,2939,2026,1967,1533,1446
2025-06-24 14:45:07.908,1491,1691,1945,1487,964,2806,2114,2143,1525,1443
2025-06-24 14:45:08.008,1490,1712,1872,1504,1072,2646,2209,2433,1520,1437
2025-06-24 14:45:08.108,1495,1659,1824,1611,1215,2485,2246,2653,1519,1431
2025-06-24 14:45:08.208,1498,1566,1744,1583,1282,2279,2039,2768,1520,1433
2025-06-24 14:45:08.308,1511,1573,1756,1527,1384,1776,1826,2943,1521,1442
2025-06-24 14:45:08.408,1523,1505,1853,1511,1473,1147,1798,3089,1523,1440
2025-06-24 14:45:08.507,1520,1483,1899,1577,1574,1011,1842,2926,1528,1441
2025-06-24 14:45:08.607,1520,1466,1729,1526,1575,1717,1900,2727,1521,1438
2025-06-24 14:45:08.707,1501,1469,1475,1526,1575,1307,1741,2493,1527,1463
2025-06-24 14:45:08.807,1486,1505,1187,1535,1651,416,1483,1952,1527,1440
2025-06-24 14:45:08.906,1472,1577,973,1535,1822,0,1315,1606,1527,1442
2025-06-24 14:45:09.006,1463,1503,877,1508,1872,84,1381,1761,1525,1439
2025-06-24 14:45:09.105,1469,1414,903,1501,1819,524,1392,1718,1519,1435
2025-06-24 14:45:09.205,1472,1392,871,1546,1720,987,1450,1643,1529,1445
2025-06-24 14:45:09.304,1469,1403,928,1543,1639,995,1521,1580,1535,1451
2025-06-24 14:45:09.403,1488,1424,1081,1532,1599,817,1462,1325,1535,1451
2025-06-24 14:45:09.503,1484,1474,1287,1509,1488,1008,1234,1403,1532,1446
2025-06-24 14:45:09.603,1459,1488,1468,1498,1360,1479,1216,1758,1527,1450
2025-06-24 14:45:09.702,1445,1517,1655,1523,1255,1923,1147,2090,1520,1438
2025-06-24 14:45:09.802,1441,1525,1814,1488,1217,2143,1263,2139,1521,1430
2025-06-24 14:45:09.902,1454,1574,1957,1473,1267,2339,1342,2096,1523,1441
2025-06-24 14:45:10.002,1463,1609,2030,1456,1394,2457,1425,2096,1535,1455
2025-06-24 14:45:10.102,1466,1564,1736,1479,1408,2549,1581,2017,1533,1449
2025-06-24 14:45:10.202,1467,1555,1569,1527,1417,2587,1808,1904,1526,1442
2025-06-24 14:45:10.302,1479,1527,1547,1503,1441,2624,1839,1792,1520,1435
2025-06-24 14:45:10.402,1467,1450,1658,1509,1455,3604,1710,1584,1516,1426
2025-06-24 14:45:10.502,1499,1406,1773,1499,1557,3234,1663,1551,1521,1440
2025-06-24 14:45:10.602,1513,1418,1882,1563,1584,1797,1598,1233,1534,1449
2025-06-24 14:45:10.701,1516,1479,2015,1557,1627,741,1698,759,1547,1456
2025-06-24 14:45:10.801,1529,1552,2103,1552,1733,315,1778,758,1526,1437
2025-06-24 14:45:10.901,1513,1607,2210,1474,1787,546,1671,1015,1527,1444
2025-06-24 14:45:10.999,1472,1575,1903,1493,1772,1055,1647,1409,1535,1449
2025-06-24 14:45:11.099,1454,1521,1438,1574,1786,688,1552,1734,1530,1443
2025-06-24 14:45:11.198,1433,1525,1152,1534,1779,111,1360,1909,1526,1443
2025-06-24 14:45:11.297,1458,1550,1125,1491,1749,176,1157,1750,1525,1439
2025-06-24 14:45:11.396,1473,1523,1226,1499,1613,750,1127,1264,1521,1434
2025-06-24 14:45:11.495,1488,1519,1349,1520,1515,1394,1163,991,1520,1417
2025-06-24 14:45:11.595,1477,1555,1328,1503,1367,1950,1277,934,1515,1427
2025-06-24 14:45:11.694,1459,1600,1055,1549,1310,2199,1501,1034,1526,1441
2025-06-24 14:45:11.794,1459,1636,828,1529,1291,2413,1667,1360,1533,1449
2025-06-24 14:45:11.894,1460,1669,837,1511,1355,2622,1778,1744,1525,1438
2025-06-24 14:45:11.994,1489,1687,931,1507,1456,2736,1808,2027,1522,1437
2025-06-24 14:45:12.093,1483,1725,1073,1535,1415,2742,1819,2101,1530,1445
2025-06-24 14:45:12.192,1489,1729,1166,1534,1431,2757,1801,2047,1529,1447
2025-06-24 14:45:12.292,1501,1689,1271,1561,1476,3525,1709,1946,1530,1446
2025-06-24 14:45:12.392,1509,1552,1394,1520,1513,2530,1625,1882,1523,1441
2025-06-24 14:45:12.495,1509,1456,1506,1493,1488,1335,1574,1804,1523,1441
2025-06-24 14:45:12.595,1523,1423,1549,1466,1573,583,1530,1557,1520,1431
2025-06-24 14:45:12.694,1535,1457,1475,1499,1749,473,1407,1089,1520,1431
2025-06-24 14:45:12.794,1547,1549,1413,1526,1805,723,1291,752,1534,1447
2025-06-24 14:45:12.893,1530,1628,1375,1520,1721,757,1185,859,1547,1452
2025-06-24 14:45:12.992,1520,1587,1431,1473,1664,0,1056,1127,1528,1440
2025-06-24 14:45:13.091,1483,1519,1356,1453,1629,0,1109,1331,1522,1431
2025-06-24 14:45:13.190,1456,1493,1423,1424,1567,0,1141,1318,1518,1430
2025-06-24 14:45:13.290,1429,1502,1351,1473,1547,537,1194,756,1520,1435
2025-06-24 14:45:13.390,1435,1542,1263,1488,1483,1361,1238,327,1525,1439
2025-06-24 14:45:13.491,1451,1516,1303,1483,1396,1959,1214,119,1525,1442
2025-06-24 14:45:13.586,1464,1511,1363,1454,1390,2480,1012,317,1526,1441
2025-06-24 14:45:13.686,1453,1535,1439,1484,1360,2905,816,801,1523,1438
2025-06-24 14:45:13.786,1439,1565,1597,1586,1392,3275,878,1389,1533,1455
2025-06-24 14:45:13.886,1427,1611,1710,1585,1457,3344,983,2183,1521,1445
2025-06-24 14:45:13.985,1455,1629,1755,1541,1513,3276,1033,2757,1521,1435
2025-06-24 14:45:14.084,1435,1670,1746,1527,1490,2991,1105,3024,1520,1437
2025-06-24 14:45:14.184,1442,1689,1738,1469,1488,3102,1115,3176,1522,1443
2025-06-24 14:45:14.283,1447,1703,1733,1491,1481,2231,1104,2916,1530,1444
2025-06-24 14:45:14.383,1459,1621,1744,1505,1505,1171,1172,2690,1534,1449
2025-06-24 14:45:14.483,1474,1565,1808,1475,1687,501,1170,2379,1529,1445
2025-06-24 14:45:14.583,1478,1504,1843,1584,1851,367,1146,2128,1534,1449
2025-06-24 14:45:14.683,1484,1530,1875,1568,1858,573,1159,1767,1535,1447
2025-06-24 14:45:14.783,1499,1552,1822,1570,1847,656,1255,1543,1530,1443
2025-06-24 14:45:14.883,1477,1617,1740,1520,1776,0,1407,1470,1534,1447
2025-06-24 14:45:14.983,1513,1597,1709,1513,1723,0,1681,1424,1522,1436
2025-06-24 14:45:15.083,1499,1520,1842,1553,1627,0,1804,1075,1532,1442
2025-06-24 14:45:15.183,1488,1491,1883,1468,1545,343,1770,320,1531,1440
2025-06-24 14:45:15.283,1447,1479,1794,1488,1470,1129,1783,0,1528,1447
2025-06-24 14:45:15.383,1415,1468,1625,1510,1392,1767,1744,0,1526,1440
2025-06-24 14:45:15.482,1408,1488,1446,1543,1288,2348,1747,183,1522,1438
2025-06-24 14:45:15.582,1424,1519,1349,1511,1254,2880,1789,867,1531,1443
2025-06-24 14:45:15.681,1456,1552,1296,1474,1409,3312,1770,1712,1533,1443
2025-06-24 14:45:15.780,1475,1593,1306,1495,1386,3619,1728,2639,1521,1439
2025-06-24 14:45:15.880,1456,1599,1309,1490,1303,3645,1509,3301,1515,1429
2025-06-24 14:45:15.980,1461,1601,1353,1526,1373,3339,1324,3442,1524,1440
2025-06-24 14:45:16.080,1465,1591,1338,1549,1426,3233,1231,3323,1520,1431
2025-06-24 14:45:16.180,1471,1580,1366,1471,1529,2420,1227,3095,1523,1436
2025-06-24 14:45:16.279,1472,1595,1473,1614,1650,1437,1173,2882,1527,1441
2025-06-24 14:45:16.379,1483,1597,1568,1625,1856,823,1273,2591,1522,1437
2025-06-24 14:45:16.479,1492,1524,1599,1578,1865,653,1391,2230,1532,1445
2025-06-24 14:45:16.579,1502,1473,1616,1554,1924,802,1482,1809,1523,1433
2025-06-24 14:45:16.679,1517,1441,1619,1494,1907,720,1685,1573,1527,1438
2025-06-24 14:45:16.778,1507,1479,1632,1468,1853,0,1757,1566,1534,1450
2025-06-24 14:45:16.878,1516,1509,1584,1470,1715,0,1713,1600,1535,1447
2025-06-24 14:45:16.978,1513,1583,1360,1472,1584,0,1646,957,1529,1427
2025-06-24 14:45:17.078,1515,1517,1264,1463,1421,0,1675,12,1523,1438
2025-06-24 14:45:17.178,1513,1428,1333,1487,1276,614,1723,0,1526,1440
2025-06-24 14:45:17.278,1520,1392,1456,1501,1121,1381,1745,0,1522,1439
2025-06-24 14:45:17.378,1495,1382,1616,1559,995,2155,1808,82,1534,1450
2025-06-24 14:45:17.478,1456,1408,1839,1618,982,2800,1568,603,1535,1454
2025-06-24 14:45:17.577,1412,1435,2032,1622,1191,3248,1428,1104,1535,1447
2025-06-24 14:45:17.676,1403,1470,2155,1627,1246,3344,1359,1570,1520,1438
2025-06-24 14:45:17.776,1423,1563,1937,1616,1200,3356,1282,1957,1523,1437
2025-06-24 14:45:17.875,1441,1618,1463,1584,1237,3008,1259,2103,1522,1444
2025-06-24 14:45:17.975,1461,1643,1168,1513,1360,2736,1396,2140,1521,1435
2025-06-24 14:45:18.075,1471,1665,1174,1492,1411,2113,1447,2071,1522,1441
2025-06-24 14:45:18.175,1453,1667,1343,1471,1638,1377,1456,1926,1522,1440
2025-06-24 14:45:18.274,1443,1627,1532,1458,1729,822,1521,1807,1522,1440
2025-06-24 14:45:18.373,1451,1615,1593,1436,1775,743,1717,1672,1526,1442
2025-06-24 14:45:18.473,1463,1621,1461,1411,1768,979,1865,1422,1535,1455
2025-06-24 14:45:18.573,1478,1530,1373,1362,1778,944,1878,1219,1529,1451
2025-06-24 14:45:18.672,1488,1472,1424,1299,1776,0,1887,1218,1534,1437
2025-06-24 14:45:18.771,1491,1423,1467,1493,1710,0,1712,1121,1527,1442
2025-06-24 14:45:18.871,1498,1444,1506,1456,1578,0,1555,576,1525,1439
2025-06-24 14:45:18.971,1505,1493,1584,1328,1441,164,1557,0,1545,1451
2025-06-24 14:45:19.070,1514,1558,1681,1135,1410,934,1519,0,1532,1443
2025-06-24 14:45:19.170,1520,1488,1731,978,1330,1571,1334,0,1521,1440
2025-06-24 14:45:19.270,1520,1424,1759,979,1305,1999,1337,206,1530,1447
2025-06-24 14:45:19.370,1526,1370,1789,957,1425,2586,1267,928,1520,1431
2025-06-24 14:45:19.470,1531,1405,1824,990,1450,2921,1296,1753,1515,1427
2025-06-24 14:45:19.570,1523,1427,1805,1052,1342,2987,1393,2589,1526,1445
2025-06-24 14:45:19.670,1489,1478,1821,1179,1291,3069,1424,3247,1525,1437
2025-06-24 14:45:19.769,1456,1526,1823,1335,1361,3037,1529,3985,1517,1431
2025-06-24 14:45:19.868,1438,1599,1875,1470,1456,3158,1631,4095,1518,1427
2025-06-24 14:45:19.968,1433,1645,1890,1552,1501,2511,1779,3600,1520,1437
2025-06-24 14:45:20.068,1448,1667,1750,1669,1638,1341,1770,3150,1531,1443
2025-06-24 14:45:20.168,1466,1700,1570,1742,1687,663,1776,2736,1531,1442
2025-06-24 14:45:20.267,1482,1681,1466,1779,1766,627,1914,2448,1535,1447
2025-06-24 14:45:20.367,1461,1634,1308,1811,1712,699,1935,1963,1530,1445
2025-06-24 14:45:20.467,1433,1648,1237,1968,1645,835,1773,1498,1526,1444
2025-06-24 14:45:20.567,1429,1677,1255,2175,1617,222,1552,1415,1531,1447
2025-06-24 14:45:20.667,1456,1555,1300,2208,1593,0,1518,1287,1526,1442
2025-06-24 14:45:20.766,1475,1468,1264,2138,1520,0,1488,832,1527,1444
2025-06-24 14:45:20.865,1490,1466,1306,1993,1425,608,1475,595,1533,1447
2025-06-24 14:45:20.965,1478,1494,1323,1878,1381,1264,1450,528,1530,1449
2025-06-24 14:45:21.064,1501,1553,1266,1778,1317,1727,1344,757,1523,1443
2025-06-24 14:45:21.164,1510,1570,1317,1619,1328,2283,1378,1216,1521,1438
2025-06-24 14:45:21.263,1518,1478,1327,1570,1454,2543,1294,1716,1524,1445
2025-06-24 14:45:21.363,1523,1423,1296,1485,1499,2621,1313,2065,1520,1435
2025-06-24 14:45:21.463,1499,1392,1247,1425,1344,2569,1338,2221,1511,1429
2025-06-24 14:45:21.563,1534,1402,1285,1424,1303,2673,1392,2333,1529,1446
2025-06-24 14:45:21.663,1520,1433,1334,1378,1391,2791,1430,2247,1535,1451
2025-06-24 14:45:21.762,1517,1480,1367,1351,1447,3028,1450,2114,1530,1445
2025-06-24 14:45:21.862,1493,1535,1410,1318,1492,2329,1571,2043,1530,1443
2025-06-24 14:45:21.962,1466,1584,1295,1297,1702,1361,1643,1969,1535,1451
2025-06-24 14:45:22.062,1443,1650,1165,1355,1835,873,1632,1682,1527,1445
2025-06-24 14:45:22.162,1440,1668,1158,1341,1794,790,1627,1303,1527,1441
2025-06-24 14:45:22.262,1435,1654,1180,1394,1776,931,1566,1067,1521,1438
2025-06-24 14:45:22.362,1441,1609,1211,1436,1792,1215,1487,1102,1519,1424
2025-06-24 14:45:22.461,1470,1603,1306,1516,1742,544,1403,1127,1525,1439
2025-06-24 14:45:22.565,1467,1605,1498,1570,1664,41,1329,947,1523,1442
2025-06-24 14:45:22.664,1477,1568,1683,1581,1602,58,1382,1014,1525,1441
2025-06-24 14:45:22.763,1462,1490,1844,1530,1493,448,1312,1230,1526,1440
2025-06-24 14:45:22.862,1473,1442,1945,1516,1408,976,1303,1456,1529,1444
2025-06-24 14:45:22.961,1485,1452,1886,1555,1296,1502,1280,1600,1520,1438
2025-06-24 14:45:23.061,1488,1491,1794,1571,1193,2038,1307,1620,1523,1440
2025-06-24 14:45:23.160,1491,1584,1708,1573,1263,2499,1410,1738,1517,1431
2025-06-24 14:45:23.260,1495,1591,1623,1590,1254,2777,1620,1785,1520,1433
2025-06-24 14:45:23.360,1500,1481,1601,1577,1232,2803,1788,1755,1521,1435
2025-06-24 14:45:23.460,1493,1467,1643,1247,1247,2896,1791,1808,1525,1439
2025-06-24 14:45:23.561,1493,1447,1664,1043,1349,2851,1795,1776,1542,1451
2025-06-24 14:45:23.656,1493,1454,1647,1011,1410,3077,1723,1759,1543,1451
2025-06-24 14:45:23.756,1488,1499,1638,1053,1520,2614,1634,1350,1531,1446
2025-06-24 14:45:23.856,1490,1559,1634,1148,1773,1700,1585,949,1534,1451
2025-06-24 14:45:23.956,1491,1591,1734,1245,1825,1057,1437,821,1534,1443
2025-06-24 14:45:24.056,1487,1618,1675,1317,1831,996,1344,1011,1525,1440
2025-06-24 14:45:24.156,1456,1659,1561,1357,1798,1271,1153,1328,1525,1441
2025-06-24 14:45:24.255,1424,1677,1442,1475,1781,1527,1250,1532,1520,1415
2025-06-24 14:45:24.354,1408,1632,1358,1626,1749,573,1299,1465,1519,1431
2025-06-24 14:45:24.454,1393,1617,1283,1723,1631,0,1264,1584,1520,1437
2025-06-24 14:45:24.554,1410,1645,1191,1759,1488,0,1152,1756,1520,1429
2025-06-24 14:45:24.654,1425,1648,1138,1809,1478,143,987,1840,1520,1433
2025-06-24 14:45:24.753,1430,1586,1159,1836,1346,817,991,1776,1530,1445
2025-06-24 14:45:24.853,1446,1504,1254,1833,1237,1456,1253,1645,1533,1443
2025-06-24 14:45:24.953,1427,1463,1368,1862,1152,2121,1546,1391,1530,1446
2025-06-24 14:45:25.053,1436,1478,1513,1914,1191,2779,1679,1317,1535,1453
2025-06-24 14:45:25.153,1449,1463,1655,2017,1206,3476,1866,1361,1524,1442
2025-06-24 14:45:25.253,1467,1548,1776,1939,1234,4095,1920,1456,1517,1429
2025-06-24 14:45:25.352,1483,1511,1760,1868,1282,4095,1839,1629,1522,1435
2025-06-24 14:45:25.452,1496,1449,1726,1801,1322,3977,1688,1546,1531,1444
2025-06-24 14:45:25.552,1505,1405,1666,1680,1392,3824,1631,1278,1533,1453
2025-06-24 14:45:25.651,1512,1374,1651,1569,1503,2934,1713,741,1526,1437
2025-06-24 14:45:25.751,1514,1410,1487,1565,1685,1839,1808,415,1545,1449
2025-06-24 14:45:25.851,1519,1454,1366,1494,1808,976,1648,388,1535,1444
2025-06-24 14:45:25.951,1522,1516,1319,1458,1855,643,1435,545,1545,1451
2025-06-24 14:45:26.051,1520,1550,1395,1459,1805,694,1440,855,1530,1442
2025-06-24 14:45:26.151,1520,1583,1426,1397,1721,854,1447,1008,1527,1438
2025-06-24 14:45:26.251,1510,1602,1523,1359,1655,0,1369,1030,1520,1434
2025-06-24 14:45:26.351,1515,1614,1655,1427,1613,0,1357,1157,1519,1434
2025-06-24 14:45:26.451,1490,1628,1679,1415,1567,0,1407,1426,1515,1429
2025-06-24 14:45:26.551,1458,1617,1477,1427,1457,0,1579,1488,1520,1447
2025-06-24 14:45:26.650,1448,1631,1061,1513,1374,7,1749,1362,1525,1423
2025-06-24 14:45:26.750,1441,1626,893,1521,1235,807,1863,1181,1529,1440
2025-06-24 14:45:26.850,1453,1520,1079,1491,1183,1776,1878,1067,1529,1443
2025-06-24 14:45:26.950,1443,1428,1326,1482,1196,2678,1863,925,1521,1431
2025-06-24 14:45:27.050,1473,1414,1466,1479,1271,3568,1821,993,1530,1444
2025-06-24 14:45:27.150,1478,1434,1488,1465,1236,4095,1750,1092,1527,1444
2025-06-24 14:45:27.250,1458,1461,1305,1520,1307,4095,1543,1167,1525,1444
2025-06-24 14:45:27.349,1447,1531,1263,1495,1377,4095,1423,1251,1521,1439
2025-06-24 14:45:27.449,1456,1515,1327,1472,1451,4095,1495,1307,1523,1435
2025-06-24 14:45:27.549,1471,1466,1355,1468,1507,3247,1469,1167,1526,1444
2025-06-24 14:45:27.648,1485,1427,1456,1498,1663,2128,1468,955,1527,1441
2025-06-24 14:45:27.748,1494,1424,1526,1533,1776,1232,1422,871,1527,1440
2025-06-24 14:45:27.847,1499,1495,1588,1503,1823,839,1441,1047,1529,1430
2025-06-24 14:45:27.947,1498,1552,1644,1472,1760,776,1476,1366,1525,1440
2025-06-24 14:45:28.047,1506,1548,1679,1290,1739,880,1504,1574,1529,1443
2025-06-24 14:45:28.147,1530,1564,1691,1088,1657,0,1461,1586,1528,1445
2025-06-24 14:45:28.246,1510,1616,1578,951,1617,0,1423,1409,1521,1438
2025-06-24 14:45:28.345,1505,1618,1452,939,1566,0,1603,1339,1526,1437
2025-06-24 14:45:28.445,1507,1643,1399,1022,1546,0,1648,1235,1533,1450
2025-06-24 14:45:28.545,1501,1635,1350,1141,1431,307,1637,1229,1523,1440
2025-06-24 14:45:28.645,1503,1650,1296,1155,1392,1141,1461,1246,1520,1431
2025-06-24 14:45:28.745,1498,1650,1315,1286,1322,2057,1443,1186,1520,1453
2025-06-24 14:45:28.845,1459,1632,1233,1485,1323,2963,1510,1486,1527,1446
2025-06-24 14:45:28.945,1435,1511,1189,1584,1333,3895,1615,1874,1527,1443
2025-06-24 14:45:29.044,1426,1424,1216,1635,1280,4095,1650,2095,1533,1446
2025-06-24 14:45:29.144,1425,1423,1337,1696,1295,4095,1555,2272,1524,1441
2025-06-24 14:45:29.244,1437,1456,1392,1715,1439,4095,1483,2371,1521,1435
2025-06-24 14:45:29.343,1443,1526,1458,1797,1506,3872,1323,2112,1522,1429
2025-06-24 14:45:29.443,1455,1583,1579,1836,1472,2827,1190,1679,1535,1450
2025-06-24 14:45:29.543,1466,1520,1663,1859,1663,1821,1236,1094,1534,1447
2025-06-24 14:45:29.643,1460,1456,1712,1862,1739,1105,1322,654,1531,1446
2025-06-24 14:45:29.743,1456,1440,1776,1942,1799,853,1391,506,1527,1439
2025-06-24 14:45:29.843,1455,1523,1822,1901,1780,884,1532,624,1523,1438
2025-06-24 14:45:29.943,1471,1513,1893,1844,1718,1029,1616,1023,1522,1435
2025-06-24 14:45:30.043,1476,1547,1904,1744,1690,0,1748,1374,1525,1439
2025-06-24 14:45:30.143,1489,1568,1945,1730,1664,0,1850,1489,1520,1434
2025-06-24 14:45:30.242,1497,1573,1953,1667,1671,0,1946,1734,1520,1433
2025-06-24 14:45:30.342,1504,1616,1885,1641,1584,0,1931,1951,1526,1443
2025-06-24 14:45:30.442,1513,1613,1986,1479,1582,561,1909,1921,1535,1446
2025-06-24 14:45:30.542,1515,1616,1959,1473,1465,1456,1858,1827,1543,1454
2025-06-24 14:45:30.642,1505,1616,1843,1498,1345,2237,1891,1652,1530,1442
2025-06-24 14:45:30.742,1515,1632,1749,1431,1293,2928,1781,1494,1530,1442
2025-06-24 14:45:30.842,1517,1628,1638,1408,1254,3536,1733,1394,1530,1449
2025-06-24 14:45:30.942,1521,1555,1509,1367,1258,4027,1715,1424,1525,1440
2025-06-24 14:45:31.042,1505,1456,1477,1381,1248,4095,1479,1389,1527,1441
2025-06-24 14:45:31.142,1460,1410,1518,1399,1298,3605,1419,1424,1520,1438
2025-06-24 14:45:31.241,1425,1423,1472,1452,1358,3174,1165,1405,1519,1431
2025-06-24 14:45:31.340,1408,1474,1447,1497,1450,2287,1035,1145,1520,1436
2025-06-24 14:45:31.440,1422,1520,1410,1562,1607,1267,1164,869,1525,1437
2025-06-24 14:45:31.540,1447,1569,1402,1520,1709,704,1222,745,1535,1457
2025-06-24 14:45:31.640,1447,1515,1423,1606,1738,631,1325,967,1543,1451
2025-06-24 14:45:31.740,1475,1471,1333,1571,1744,843,1363,1360,1529,1450
2025-06-24 14:45:31.839,1469,1471,1089,1472,1721,723,1409,1712,1522,1439
2025-06-24 14:45:31.939,1457,1501,1072,1450,1694,0,1421,1911,1525,1442
2025-06-24 14:45:32.039,1456,1523,1070,1431,1701,0,1389,2078,1526,1440
2025-06-24 14:45:32.139,1461,1565,1161,1509,1673,0,1386,2195,1529,1445
2025-06-24 14:45:32.239,1479,1584,1326,1579,1563,205,1490,2208,1521,1435
2025-06-24 14:45:32.338,1488,1628,1335,1510,1499,939,1612,2147,1522,1436
2025-06-24 14:45:32.438,1474,1674,1401,1501,1431,1696,1797,1964,1523,1438
2025-06-24 14:45:32.538,1507,1698,1469,1509,1394,2380,1807,1802,1523,1446
2025-06-24 14:45:32.642,1507,1714,1395,1526,1333,2903,1641,1729,1521,1438
2025-06-24 14:45:32.742,1511,1683,1252,1513,1295,3314,1428,1764,1520,1442
2025-06-24 14:45:32.842,1507,1648,1151,1498,1239,3553,1213,1817,1532,1446
2025-06-24 14:45:32.942,1506,1649,1088,1454,1279,3559,998,2058,1525,1434
2025-06-24 14:45:33.042,1519,1562,1053,1195,1323,3417,1072,2320,1525,1437
2025-06-24 14:45:33.142,1508,1485,1098,1007,1444,3137,1086,2301,1530,1446
2025-06-24 14:45:33.242,1495,1476,1216,970,1487,2128,1231,2185,1535,1451
2025-06-24 14:45:33.341,1482,1481,1319,992,1578,1124,1357,1847,1526,1442
2025-06-24 14:45:33.441,1444,1520,1424,1060,1660,646,1600,1441,1533,1443
2025-06-24 14:45:33.541,1412,1569,1525,1167,1700,688,1806,1115,1534,1445
2025-06-24 14:45:33.642,1410,1552,1692,1310,1671,883,1954,1040,1524,1442
2025-06-24 14:45:33.737,1425,1482,1901,1407,1649,196,1917,1142,1525,1440
2025-06-24 14:45:33.837,1449,1424,2014,1475,1648,0,1821,1217,1533,1447
2025-06-24 14:45:33.936,1467,1404,1918,1525,1662,0,1796,1136,1527,1441
2025-06-24 14:45:34.036,1474,1431,1654,1607,1637,0,1854,1177,1525,1438
2025-06-24 14:45:34.136,1470,1465,1495,1666,1629,303,1739,1367,1521,1437
2025-06-24 14:45:34.236,1453,1507,1443,1725,1607,1018,1786,1542,1520,1435
2025-06-24 14:45:34.336,1454,1523,1427,1802,1552,1785,1669,1592,1520,1437
2025-06-24 14:45:34.436,1463,1570,1355,1844,1445,2533,1392,1581,1519,1435
2025-06-24 14:45:34.536,1474,1636,1397,1866,1360,3177,1187,1584,1522,1436
2025-06-24 14:45:34.635,1487,1648,1477,1919,1323,3789,1108,1532,1527,1444
2025-06-24 14:45:34.734,1489,1678,1549,1936,1259,4095,1072,1531,1527,1445
2025-06-24 14:45:34.834,1499,1639,1622,1905,1272,4095,1063,1459,1526,1441
2025-06-24 14:45:34.934,1505,1638,1648,1873,1338,4095,1302,1343,1522,1435
2025-06-24 14:45:35.034,1526,1665,1665,1778,1371,3130,1424,1283,1520,1435
2025-06-24 14:45:35.134,1506,1529,1739,1713,1399,2073,1508,1250,1520,1437
2025-06-24 14:45:35.234,1510,1486,1546,1619,1513,1277,1590,1136,1527,1437
2025-06-24 14:45:35.334,1520,1458,1303,1518,1570,907,1710,1071,1527,1442
2025-06-24 14:45:35.434,1519,1459,1267,1485,1584,886,1840,979,1534,1445
2025-06-24 14:45:35.534,1550,1472,1407,1426,1601,827,1890,1001,1526,1439
2025-06-24 14:45:35.634,1482,1574,1488,1471,1585,0,1920,1277,1533,1453
2025-06-24 14:45:35.733,1442,1530,1316,1474,1534,0,1951,1443,1535,1453
2025-06-24 14:45:35.832,1424,1419,1077,1477,1521,0,1925,1371,1529,1441
2025-06-24 14:45:35.931,1424,1385,1001,1471,1554,0,1846,1241,1527,1445
2025-06-24 14:45:36.031,1441,1374,1117,1491,1577,432,1833,1117,1535,1449
2025-06-24 14:45:36.131,1456,1385,1220,1430,1546,1255,1645,1110,1530,1456
2025-06-24 14:45:36.230,1469,1439,1349,1533,1490,2102,1456,1232,1525,1436
2025-06-24 14:45:36.330,1474,1487,1488,1547,1392,2825,1397,1287,1521,1438
2025-06-24 14:45:36.429,1456,1575,1621,1553,1341,3390,1307,1347,1530,1446
2025-06-24 14:45:36.529,1447,1645,1676,1555,1349,4095,1243,1301,1523,1441
2025-06-24 14:45:36.629,1451,1696,1680,1573,1313,4095,1295,1242,1518,1433
2025-06-24 14:45:36.729,1462,1677,1705,1546,1237,4095,1392,1479,1520,1431
2025-06-24 14:45:36.828,1474,1675,1735,1489,1307,3605,1477,1761,1526,1437
2025-06-24 14:45:36.927,1487,1623,1739,1558,1396,2578,1571,1853,1522,1438
2025-06-24 14:45:37.027,1491,1625,1729,1465,1472,1600,1791,1948,1535,1447
2025-06-24 14:45:37.127,1493,1602,1729,1469,1474,962,1813,1862,1528,1445
2025-06-24 14:45:37.227,1499,1567,1712,1428,1574,807,1713,1594,1526,1440
2025-06-24 14:45:37.327,1504,1470,1669,1461,1589,911,1712,1355,1520,1434
2025-06-24 14:45:37.426,1526,1426,1582,1546,1616,400,1618,1221,1531,1447
2025-06-24 14:45:37.526,1520,1435,1466,1516,1602,0,1474,1236,1530,1445
2025-06-24 14:45:37.626,1527,1465,1521,1494,1571,0,1417,1379,1531,1446
2025-06-24 14:45:37.725,1542,1553,1378,1495,1557,0,1385,1638,1525,1444
2025-06-24 14:45:37.824,1529,1507,1282,1527,1574,205,1200,1696,1524,1436
2025-06-24 14:45:37.923,1535,1455,1273,1557,1547,990,1161,1683,1533,1445
2025-06-24 14:45:38.023,1486,1414,1279,1554,1571,1824,1136,1601,1517,1427
2025-06-24 14:45:38.123,1456,1442,1372,1551,1601,2581,1040,1575,1523,1430
2025-06-24 14:45:38.223,1457,1513,1446,1552,1553,3254,1034,1542,1533,1447
2025-06-24 14:45:38.323,1469,1541,1532,1534,1479,4032,1238,1515,1535,1450
2025-06-24 14:45:38.423,1469,1574,1632,1463,1404,4095,1360,1678,1526,1443
2025-06-24 14:45:38.523,1465,1617,1728,1349,1302,4095,1546,1937,1520,1436
2025-06-24 14:45:38.623,1472,1648,1781,1142,1266,3968,1721,2182,1534,1447
2025-06-24 14:45:38.723,1475,1664,1776,1004,1255,2922,1772,2327,1527,1442
2025-06-24 14:45:38.823,1461,1687,1763,975,1341,1977,1879,2610,1533,1447
2025-06-24 14:45:38.922,1439,1669,1792,1007,1461,1225,1915,2853,1530,1438
2025-06-24 14:45:39.021,1453,1631,1787,1082,1456,919,1877,2469,1522,1435
2025-06-24 14:45:39.121,1473,1634,1777,1147,1520,945,1875,1873,1533,1442
2025-06-24 14:45:39.221,1491,1589,1792,1243,1600,951,1835,1506,1534,1434
2025-06-24 14:45:39.320,1507,1493,1641,1383,1633,111,1787,1382,1521,1437
2025-06-24 14:45:39.419,1507,1423,1535,1439,1644,0,1789,1396,1524,1439
2025-06-24 14:45:39.519,1517,1424,1489,1583,1623,0,1618,1357,1520,1434
2025-06-24 14:45:39.619,1521,1462,1221,1679,1688,471,1373,1198,1520,1433
2025-06-24 14:45:39.719,1522,1470,1037,1747,1686,1091,1235,900,1525,1438
2025-06-24 14:45:39.819,1525,1535,1063,1802,1635,1665,1168,673,1522,1429
2025-06-24 14:45:39.919,1520,1466,1218,1833,1616,2193,1085,816,1521,1438
2025-06-24 14:45:40.019,1514,1408,1361,1862,1564,2676,1018,835,1527,1450
2025-06-24 14:45:40.119,1516,1361,1550,1960,1514,2975,1094,933,1520,1440
2025-06-24 14:45:40.219,1502,1361,1642,1998,1489,3055,1203,957,1526,1443
2025-06-24 14:45:40.318,1478,1415,1694,1886,1415,3096,1344,991,1525,1441
2025-06-24 14:45:40.417,1439,1488,1728,1806,1411,3083,1543,1037,1527,1445
2025-06-24 14:45:40.517,1411,1552,1765,1728,1367,2890,1587,1084,1527,1442
2025-06-24 14:45:40.617,1407,1616,1779,1647,1283,1941,1574,1392,1533,1450
2025-06-24 14:45:40.717,1419,1675,1726,1589,1295,958,1590,1772,1521,1436
2025-06-24 14:45:40.816,1434,1737,1623,1551,1369,539,1507,2053,1521,1435
2025-06-24 14:45:40.916,1475,1711,1630,1542,1467,687,1504,2189,1524,1437
2025-06-24 14:45:41.016,1456,1703,1562,1534,1457,947,1461,1947,1529,1451
2025-06-24 14:45:41.115,1440,1650,1616,1535,1478,352,1602,1646,1535,1450
2025-06-24 14:45:41.215,1415,1638,1691,1519,1574,0,1600,1323,1543,1455
2025-06-24 14:45:41.314,1424,1612,1680,1446,1570,0,1473,1335,1530,1442
2025-06-24 14:45:41.413,1451,1535,1581,1407,1611,43,1391,1607,1522,1436
2025-06-24 14:45:41.512,1474,1456,1460,1459,1607,590,1379,1731,1520,1438
2025-06-24 14:45:41.612,1506,1392,1342,1475,1639,1168,1399,1589,1523,1440
2025-06-24 14:45:41.712,1517,1412,1317,1519,1634,1757,1490,1163,1520,1434
2025-06-24 14:45:41.812,1527,1451,1349,1517,1641,2357,1599,1152,1519,1435
2025-06-24 14:45:41.911,1521,1551,1399,1531,1594,2875,1618,1223,1527,1445
2025-06-24 14:45:42.011,1519,1456,1514,1528,1557,3233,1535,1229,1527,1443
2025-06-24 14:45:42.111,1519,1380,1616,1545,1584,3410,1616,1360,1526,1445
2025-06-24 14:45:42.211,1521,1360,1715,1501,1488,3636,1698,1530,1527,1441
2025-06-24 14:45:42.311,1520,1367,1765,1575,1458,3595,1742,1598,1519,1431
2025-06-24 14:45:42.410,1511,1390,1809,1543,1460,2513,1808,1586,1521,1442
2025-06-24 14:45:42.510,1511,1472,1872,1450,1442,1379,1839,1697,1527,1439
2025-06-24 14:45:42.610,1481,1549,1843,1471,1328,693,1757,1896,1535,1453
2025-06-24 14:45:42.714,1452,1621,1855,1481,1344,645,1758,2027,1534,1443
2025-06-24 14:45:42.813,1424,1671,1770,1521,1392,832,1818,2193,1529,1441
2025-06-24 14:45:42.912,1424,1714,1680,1468,1530,662,1527,2022,1526,1442
2025-06-24 14:45:43.012,1422,1756,1683,1464,1590,0,1311,1670,1535,1464
2025-06-24 14:45:43.112,1439,1715,1741,1451,1553,0,1087,1332,1520,1437
2025-06-24 14:45:43.211,1456,1657,1742,1447,1600,0,803,1222,1522,1441
2025-06-24 14:45:43.310,1458,1635,1666,1484,1607,0,834,1248,1535,1449
2025-06-24 14:45:43.410,1465,1646,1524,1516,1581,483,934,1415,1534,1443
2025-06-24 14:45:43.510,1418,1563,1182,1520,1562,1331,995,1456,1515,1427
2025-06-24 14:45:43.610,1436,1517,1029,1507,1579,2240,1141,1232,1531,1444
2025-06-24 14:45:43.711,1460,1477,957,1530,1615,3061,986,851,1525,1439
2025-06-24 14:45:43.806,1487,1485,1020,1552,1658,4017,1081,787,1529,1459
2025-06-24 14:45:43.906,1499,1535,1121,1488,1616,4095,1424,914,1527,1445
2025-06-24 14:45:44.006,1523,1574,1199,1498,1545,4095,1719,1027,1527,1442
2025-06-24 14:45:44.106,1520,1493,1250,1546,1557,4095,1979,1162,1524,1438
2025-06-24 14:45:44.206,1515,1420,1394,1558,1581,3766,2209,1200,1522,1438
2025-06-24 14:45:44.306,1515,1411,1542,1503,1533,2435,2316,1309,1544,1444
2025-06-24 14:45:44.406,1527,1430,1616,1503,1428,1498,2256,1545,1529,1440
2025-06-24 14:45:44.505,1530,1451,1706,1543,1345,1083,2331,1819,1526,1439
2025-06-24 14:45:44.605,1524,1504,1666,1552,1322,1036,2180,2199,1533,1447
2025-06-24 14:45:44.705,1520,1553,1531,1466,1392,918,1831,2436,1535,1445
2025-06-24 14:45:44.804,1518,1621,1461,1486,1408,0,1495,2304,1547,1456
2025-06-24 14:45:44.904,1503,1658,1457,1482,1462,0,1381,2073,1526,1440
2025-06-24 14:45:45.003,1475,1659,1483,1552,1515,0,1307,1703,1520,1434
2025-06-24 14:45:45.103,1454,1665,1267,1504,1517,0,1328,1265,1520,1427
2025-06-24 14:45:45.203,1429,1617,1090,1472,1525,112,1371,1101,1522,1434
2025-06-24 14:45:45.302,1420,1583,1136,1503,1534,1083,1379,1157,1524,1439
2025-06-24 14:45:45.402,1421,1627,1189,1522,1586,2147,1159,1292,1534,1449
2025-06-24 14:45:45.502,1401,1607,1270,1494,1586,3142,1030,1359,1535,1451
2025-06-24 14:45:45.601,1424,1531,1367,1473,1600,4095,1005,1003,1525,1443
2025-06-24 14:45:45.701,1424,1436,1488,1395,1623,4095,1082,874,1520,1436
2025-06-24 14:45:45.801,1392,1393,1593,1205,1615,4095,1163,973,1518,1431
2025-06-24 14:45:45.901,1370,1397,1645,1088,1529,4095,1192,1108,1525,1440
2025-06-24 14:45:45.999,1393,1468,1641,1006,1411,4095,1332,1232,1529,1431
2025-06-24 14:45:46.100,1410,1571,1605,1031,1411,3399,1408,1350,1520,1433
2025-06-24 14:45:46.200,1446,1597,1630,1081,1317,2207,1586,1309,1520,1430
2025-06-24 14:45:46.300,1456,1545,1654,1232,1226,1479,1670,1387,1529,1441
2025-06-24 14:45:46.399,1467,1488,1590,1350,1200,1088,1557,1600,1527,1447
2025-06-24 14:45:46.499,1459,1467,1503,1488,1158,916,1488,1917,1531,1445
2025-06-24 14:45:46.599,1450,1471,1424,1595,1319,0,1587,2238,1533,1447
2025-06-24 14:45:46.699,1451,1522,1349,1587,1390,0,1665,2401,1535,1450
2025-06-24 14:45:46.799,1458,1575,1341,1664,1442,0,1735,2175,1525,1438
2025-06-24 14:45:46.899,1485,1610,1095,1759,1488,0,1803,1792,1534,1456
2025-06-24 14:45:46.998,1490,1617,910,1778,1534,0,1904,1449,1530,1445
2025-06-24 14:45:47.098,1533,1584,878,1840,1558,729,1899,1449,1527,1442
2025-06-24 14:45:47.198,1506,1555,912,1914,1575,1856,1797,1492,1520,1437
2025-06-24 14:45:47.298,1455,1523,1028,1886,1629,2880,1818,1467,1531,1449
2025-06-24 14:45:47.397,1425,1554,1127,1906,1685,3833,1872,1363,1517,1435
2025-06-24 14:45:47.496,1422,1603,1242,1802,1691,4095,1854,976,1524,1438
2025-06-24 14:45:47.596,1430,1662,1379,1728,1638,4095,1810,960,1532,1443
2025-06-24 14:45:47.696,1456,1582,1485,1662,1610,4095,1758,1033,1529,1444
2025-06-24 14:45:47.795,1465,1488,1597,1569,1583,4095,1785,1072,1527,1443
2025-06-24 14:45:47.895,1488,1437,1689,1530,1519,2451,1827,1163,1531,1453
2025-06-24 14:45:47.994,1502,1462,1760,1504,1495,1408,1937,1234,1547,1456
2025-06-24 14:45:48.094,1488,1517,1797,1434,1488,941,2114,1374,1546,1448
2025-06-24 14:45:48.194,1485,1581,1814,1467,1459,862,2011,1488,1526,1441
2025-06-24 14:45:48.294,1488,1596,1725,1488,1362,927,1600,1664,1526,1439
2025-06-24 14:45:48.393,1503,1525,1643,1488,1306,0,1128,1859,1522,1458
2025-06-24 14:45:48.493,1520,1455,1557,1471,1341,0,800,2086,1523,1434
2025-06-24 14:45:48.592,1531,1434,1557,1474,1407,0,815,2207,1527,1443
2025-06-24 14:45:48.691,1528,1426,1495,1457,1463,0,1000,2105,1529,1442
2025-06-24 14:45:48.791,1523,1460,1262,1515,1496,76,1234,1715,1522,1442
2025-06-24 14:45:48.891,1523,1493,1156,1545,1520,998,1504,1394,1520,1435
2025-06-24 14:45:48.991,1510,1518,1183,1514,1509,2058,1559,1222,1513,1408
2025-06-24 14:45:49.091,1520,1565,1310,1533,1542,3062,1663,1255,1526,1447
2025-06-24 14:45:49.191,1524,1627,1413,1509,1543,4095,1665,1286,1531,1446
2025-06-24 14:45:49.291,1518,1663,1510,1548,1531,4095,1726,1367,1525,1442
2025-06-24 14:45:49.390,1511,1664,1563,1583,1554,4095,1789,1022,1521,1440
2025-06-24 14:45:49.490,1520,1633,1520,1552,1582,4095,1719,921,1519,1435
2025-06-24 14:45:49.590,1500,1643,1523,1511,1616,4095,1689,937,1522,1439
2025-06-24 14:45:49.690,1467,1648,1504,1509,1645,2542,1766,1483,1523,1443
2025-06-24 14:45:49.790,1427,1579,1497,1472,1611,1463,1439,1599,1527,1442
2025-06-24 14:45:49.890,1408,1502,1561,1465,1638,893,1157,948,1531,1441
2025-06-24 14:45:49.989,1412,1453,1550,1488,1679,795,927,0,1529,1441
2025-06-24 14:45:50.089,1407,1456,1506,1485,1652,912,1183,0,1535,1451
2025-06-24 14:45:50.189,1429,1423,1552,1483,1475,0,1472,0,1524,1440
2025-06-24 14:45:50.289,1441,1485,1566,1505,1296,0,1603,0,1530,1445
2025-06-24 14:45:50.388,1427,1551,1582,1535,1236,0,1786,0,1535,1456
2025-06-24 14:45:50.487,1423,1481,1590,1486,1264,0,1862,478,1532,1443
2025-06-24 14:45:50.587,1431,1463,1372,1513,1381,8,1855,1265,1524,1440
2025-06-24 14:45:50.687,1451,1435,1145,1535,1401,820,1754,1899,1519,1435
2025-06-24 14:45:50.786,1472,1412,1108,1534,1483,1810,1728,2240,1523,1440
2025-06-24 14:45:50.886,1490,1399,1190,1478,1456,2742,1671,2526,1520,1440
2025-06-24 14:45:50.985,1505,1392,1232,1517,1456,3713,1672,2650,1526,1441
2025-06-24 14:45:51.085,1502,1451,1200,1506,1461,4095,1764,2227,1521,1438
2025-06-24 14:45:51.185,1491,1566,1200,1552,1459,4095,1731,1519,1529,1449
2025-06-24 14:45:51.285,1485,1639,1293,1514,1398,4095,1697,1061,1527,1445
2025-06-24 14:45:51.384,1477,1684,1424,1582,1363,4095,1882,961,1520,1437
2025-06-24 14:45:51.484,1475,1701,1578,1591,1379,2793,1952,1325,1521,1437
2025-06-24 14:45:51.584,1477,1703,1707,1566,1392,1568,1728,1739,1523,1438
2025-06-24 14:45:51.684,1493,1662,1828,1495,1438,974,1383,1986,1525,1445
2025-06-24 14:45:51.783,1504,1643,1915,1543,1456,845,1094,2151,1527,1441
2025-06-24 14:45:51.883,1488,1645,1947,1488,1466,917,976,2214,1534,1449
2025-06-24 14:45:51.982,1455,1573,1915,1490,1473,650,989,2343,1533,1444
2025-06-24 14:45:52.081,1431,1473,1871,1507,1461,0,1043,2443,1533,1446
2025-06-24 14:45:52.181,1426,1433,1744,1492,1476,0,1159,2635,1522,1435
2025-06-24 14:45:52.281,1447,1459,1587,1569,1471,0,1299,2913,1520,1438
2025-06-24 14:45:52.380,1469,1475,1565,1509,1477,0,1420,3435,1514,1415
2025-06-24 14:45:52.479,1483,1595,1392,1463,1494,589,1473,3669,1521,1438
2025-06-24 14:45:52.578,1504,1469,1143,1509,1633,1328,1526,3133,1535,1447
2025-06-24 14:45:52.678,1488,1355,1077,1458,1629,2043,1531,2544,1531,1445
2025-06-24 14:45:52.782,1463,1313,1121,1404,1680,2703,1566,2319,1522,1440
2025-06-24 14:45:52.881,1465,1302,1209,1442,1616,3174,1600,2267,1525,1442
2025-06-24 14:45:52.981,1472,1354,1348,1514,1529,3293,1633,2265,1525,1438
2025-06-24 14:45:53.080,1489,1390,1459,1552,1526,3523,1597,2209,1534,1447
2025-06-24 14:45:53.179,1505,1451,1534,1520,1584,3472,1433,2155,1530,1443
2025-06-24 14:45:53.279,1505,1515,1659,1543,1552,2179,1279,1429,1521,1438
2025-06-24 14:45:53.378,1495,1584,1755,1463,1559,901,1167,560,1529,1443
2025-06-24 14:45:53.478,1533,1655,1819,1456,1558,305,1174,175,1547,1452
2025-06-24 14:45:53.578,1546,1680,1834,1503,1569,362,1114,0,1532,1443
2025-06-24 14:45:53.678,1550,1679,1813,1466,1531,708,1109,69,1535,1449
2025-06-24 14:45:53.779,1545,1654,1808,1477,1504,777,1197,390,1530,1444
2025-06-24 14:45:53.874,1550,1639,1731,1563,1467,0,1419,1010,1525,1443
2025-06-24 14:45:53.974,1547,1652,1727,1513,1491,0,1701,1887,1527,1445
2025-06-24 14:45:54.074,1542,1633,1779,1455,1461,0,1792,2660,1520,1435
2025-06-24 14:45:54.174,1499,1570,1746,1431,1372,386,1787,3344,1516,1434
2025-06-24 14:45:54.273,1462,1472,1643,1467,1395,1085,1648,3371,1520,1436
2025-06-24 14:45:54.372,1437,1471,1583,1465,1474,1666,1510,2971,1522,1439
2025-06-24 14:45:54.471,1438,1501,1360,1446,1546,2192,1619,2481,1522,1438
2025-06-24 14:45:54.571,1453,1571,1206,1553,1517,2694,1773,1943,1527,1446
2025-06-24 14:45:54.670,1466,1509,1199,1525,1484,3098,1738,1414,1526,1443
2025-06-24 14:45:54.770,1473,1403,1210,1471,1498,3267,1703,1095,1542,1455
2025-06-24 14:45:54.870,1486,1335,1267,1473,1529,3376,1635,1229,1531,1446
2025-06-24 14:45:54.970,1479,1344,1371,1483,1547,3952,1552,1429,1530,1445
2025-06-24 14:45:55.070,1440,1379,1510,1520,1519,2683,1353,1408,1520,1431
2025-06-24 14:45:55.170,1447,1424,1682,1554,1502,1294,1158,880,1523,1435
2025-06-24 14:45:55.270,1472,1503,1796,1515,1523,390,1170,1121,1535,1449
2025-06-24 14:45:55.369,1495,1552,1871,1503,1567,346,1316,1555,1530,1443
2025-06-24 14:45:55.468,1518,1614,1886,1465,1600,705,1519,1877,1522,1439
2025-06-24 14:45:55.567,1525,1689,1840,1566,1558,909,1670,1979,1519,1435
2025-06-24 14:45:55.666,1535,1689,1829,1549,1482,79,1734,2000,1520,1434
2025-06-24 14:45:55.766,1535,1735,1792,1494,1488,0,1906,2004,1525,1440
2025-06-24 14:45:55.866,1554,1725,1738,1467,1521,0,1859,1939,1527,1443
2025-06-24 14:45:55.965,1556,1695,1792,1566,1555,384,1729,1884,1527,1446
2025-06-24 14:45:56.064,1554,1695,1885,1554,1553,1008,1727,1930,1527,1446
2025-06-24 14:45:56.164,1547,1665,1937,1505,1491,1682,1755,1968,1534,1454
2025-06-24 14:45:56.264,1557,1574,1881,1534,1419,2352,1822,1837,1521,1438
2025-06-24 14:45:56.363,1519,1461,1762,1552,1398,3007,1855,1552,1520,1437
2025-06-24 14:45:56.462,1479,1423,1475,1558,1489,3767,1829,1234,1533,1451
2025-06-24 14:45:56.561,1455,1447,1339,1505,1579,4095,1694,1051,1533,1450
2025-06-24 14:45:56.660,1439,1524,1238,1493,1576,4095,1406,855,1520,1429
2025-06-24 14:45:56.759,1427,1541,1225,1504,1589,4095,1285,946,1519,1427
2025-06-24 14:45:56.858,1434,1456,1257,1488,1502,3904,1154,1078,1522,1439
2025-06-24 14:45:56.958,1447,1374,1337,1486,1499,2220,1186,1159,1535,1451
2025-06-24 14:45:57.057,1456,1351,1381,1467,1504,1043,1165,1202,1535,1451
2025-06-24 14:45:57.157,1453,1360,1399,1488,1533,601,1181,1367,1523,1436
2025-06-24 14:45:57.257,1415,1421,1435,1422,1533,759,1350,1435,1532,1447
2025-06-24 14:45:57.356,1410,1486,1455,1494,1575,997,1469,1472,1534,1450
2025-06-24 14:45:57.456,1439,1535,1463,1519,1559,0,1583,1571,1523,1441
2025-06-24 14:45:57.555,1456,1594,1475,1533,1523,0,1648,1526,1526,1443
2025-06-24 14:45:57.654,1473,1670,1488,1526,1488,0,1656,1564,1535,1449
2025-06-24 14:45:57.753,1488,1695,1479,1552,1491,0,1619,1535,1527,1443
2025-06-24 14:45:57.852,1491,1746,1486,1577,1546,259,1604,1551,1526,1441
2025-06-24 14:45:57.952,1490,1719,1474,1589,1603,1043,1613,1544,1523,1449
2025-06-24 14:45:58.052,1489,1661,1490,1584,1494,1985,1642,1431,1520,1435
2025-06-24 14:45:58.152,1485,1646,1465,1531,1423,2915,1482,1602,1518,1449
2025-06-24 14:45:58.251,1486,1617,1247,1510,1392,3915,1331,1821,1520,1437
2025-06-24 14:45:58.351,1467,1555,1101,1514,1415,4095,1255,1718,1520,1435
2025-06-24 14:45:58.450,1468,1473,1114,1523,1460,4095,1127,1558,1519,1435
2025-06-24 14:45:58.550,1451,1449,1168,1479,1415,4095,1046,1428,1517,1434
2025-06-24 14:45:58.649,1408,1488,1253,1459,1439,4095,1066,1457,1533,1445
2025-06-24 14:45:58.748,1394,1506,1345,1486,1502,3131,1143,1486,1535,1446
2025-06-24 14:45:58.848,1361,1571,1426,1469,1483,1705,1292,1434,1525,1438
2025-06-24 14:45:58.948,1395,1501,1533,1509,1502,959,1502,1255,1534,1456
2025-06-24 14:45:59.048,1420,1424,1593,1549,1557,856,1690,940,1529,1443
2025-06-24 14:45:59.148,1430,1395,1627,1474,1584,986,1762,859,1535,1455
2025-06-24 14:45:59.247,1437,1397,1666,1473,1587,0,1763,942,1532,1443
2025-06-24 14:45:59.347,1459,1421,1723,1506,1583,0,1708,953,1523,1445
2025-06-24 14:45:59.447,1456,1478,1791,1529,1548,0,1725,880,1523,1438
2025-06-24 14:45:59.546,1468,1543,1723,1586,1552,0,1706,768,1520,1438
2025-06-24 14:45:59.645,1487,1625,1645,1555,1531,21,1602,942,1530,1446
2025-06-24 14:45:59.745,1505,1683,1533,1500,1439,816,1600,1189,1534,1446
2025-06-24 14:45:59.845,1522,1690,1483,1504,1492,1795,1488,1520,1531,1446
2025-06-24 14:45:59.945,1543,1694,1394,1511,1575,2774,1419,1780,1520,1424
2025-06-24 14:46:00.044,1535,1683,1146,1535,1495,3856,1229,1920,1518,1433
2025-06-24 14:46:00.150,1530,1635,1031,1566,1429,4095,1217,1616,1522,1435
2025-06-24 14:46:00.244,1530,1655,1090,1565,1454,4095,1294,1541,1521,1439
2025-06-24 14:46:00.344,1526,1667,1189,1525,1431,4095,1310,1328,1535,1454
2025-06-24 14:46:00.444,1521,1619,1285,1491,1443,4095,1457,1183,1530,1447
2025-06-24 14:46:00.544,1520,1535,1411,1493,1488,3248,1702,1164,1531,1448
2025-06-24 14:46:00.644,1520,1500,1570,1587,1601,1804,1808,1194,1530,1447
2025-06-24 14:46:00.744,1525,1486,1677,1588,1525,885,1867,1321,1531,1447
2025-06-24 14:46:00.844,1518,1488,1758,1584,1495,672,1839,1407,1523,1440
2025-06-24 14:46:00.943,1493,1554,1810,1495,1568,769,1761,1231,1519,1430
2025-06-24 14:46:01.042,1445,1511,1856,1445,1602,0,1853,1211,1525,1442
2025-06-24 14:46:01.142,1407,1400,1872,1451,1640,0,1858,1370,1523,1438
2025-06-24 14:46:01.242,1392,1362,1960,1465,1610,0,1783,1533,1520,1426
2025-06-24 14:46:01.341,1405,1375,1844,1451,1531,0,1710,1618,1522,1445
2025-06-24 14:46:01.440,1430,1424,1648,1541,1547,0,1654,1598,1533,1443
2025-06-24 14:46:01.539,1454,1468,1517,1574,1505,707,1508,1618,1522,1443
2025-06-24 14:46:01.639,1439,1495,1503,1599,1535,1694,1226,1715,1522,1441
2025-06-24 14:46:01.738,1435,1584,1433,1489,1489,2530,1075,1697,1527,1442
2025-06-24 14:46:01.837,1450,1662,1166,1523,1491,3404,1074,1696,1525,1442
2025-06-24 14:46:01.936,1467,1674,1008,1455,1493,4095,1110,1824,1529,1443
2025-06-24 14:46:02.035,1472,1680,1040,1520,1392,4095,1328,1882,1524,1443
2025-06-24 14:46:02.135,1495,1676,1137,1546,1372,4095,1455,1791,1529,1445
2025-06-24 14:46:02.235,1497,1641,1245,1554,1370,4095,1680,1638,1529,1443
2025-06-24 14:46:02.335,1495,1623,1352,1520,1378,3234,1840,1472,1530,1443
2025-06-24 14:46:02.435,1510,1648,1442,1506,1425,1835,1773,1330,1527,1437
2025-06-24 14:46:02.534,1518,1615,1558,1501,1456,867,1726,1405,1523,1441
2025-06-24 14:46:02.634,1525,1552,1603,1415,1579,564,1780,1554,1533,1447
2025-06-24 14:46:02.733,1518,1460,1696,1376,1590,576,1853,1628,1541,1453
2025-06-24 14:46:02.836,1519,1426,1787,1426,1629,109,1808,1594,1529,1447
2025-06-24 14:46:02.936,1519,1456,1808,1446,1561,0,1678,1397,1523,1437
2025-06-24 14:46:03.036,1490,1591,1849,1517,1600,0,1649,1445,1526,1437
2025-06-24 14:46:03.135,1476,1547,1879,1520,1611,0,1458,1577,1530,1443
2025-06-24 14:46:03.234,1441,1463,1717,1526,1595,0,1381,1715,1522,1438
2025-06-24 14:46:03.333,1422,1412,1597,1664,1571,785,1255,1756,1529,1443
2025-06-24 14:46:03.432,1424,1395,1481,1611,1542,1727,1085,1586,1527,1443
2025-06-24 14:46:03.532,1431,1424,1398,1567,1555,2631,1095,1633,1526,1442
2025-06-24 14:46:03.632,1449,1473,1253,1488,1488,3461,1122,1776,1522,1442
2025-06-24 14:46:03.732,1454,1520,917,1462,1502,4095,1264,1872,1521,1435
2025-06-24 14:46:03.833,1445,1599,870,1471,1573,4095,1472,1918,1522,1441
2025-06-24 14:46:03.928,1413,1644,921,1524,1456,4095,1789,1915,1523,1440
2025-06-24 14:46:04.028,1431,1655,1033,1530,1349,4095,1870,1920,1531,1447
2025-06-24 14:46:04.127,1441,1670,1129,1520,1322,3451,1853,1819,1520,1437
2025-06-24 14:46:04.227,1482,1680,1302,1522,1386,2064,1872,1554,1521,1434
2025-06-24 14:46:04.327,1472,1607,1411,1520,1395,962,1840,1406,1528,1436
2025-06-24 14:46:04.426,1488,1619,1535,1520,1430,560,1738,1326,1535,1447
2025-06-24 14:46:04.526,1487,1618,1600,1498,1495,545,1697,1270,1532,1445
2025-06-24 14:46:04.626,1490,1535,1587,1577,1582,368,1693,1389,1531,1444
2025-06-24 14:46:04.726,1499,1471,1633,1552,1565,0,1457,1450,1531,1446
2025-06-24 14:46:04.826,1499,1411,1669,1547,1563,0,1373,1301,1520,1438
2025-06-24 14:46:04.926,1495,1403,1613,1556,1638,0,1165,1287,1529,1437
2025-06-24 14:46:05.026,1504,1423,1564,1527,1619,0,949,1397,1533,1443
2025-06-24 14:46:05.125,1501,1499,1485,1479,1581,496,939,1593,1527,1440
2025-06-24 14:46:05.224,1505,1463,1379,1591,1565,1446,1111,1734,1522,1441
2025-06-24 14:46:05.323,1485,1413,1239,1600,1589,2382,1235,1820,1525,1439
2025-06-24 14:46:05.422,1456,1383,1264,1600,1555,3295,1398,1749,1519,1438
2025-06-24 14:46:05.521,1431,1392,1230,1557,1514,4095,1520,1604,1517,1427
2025-06-24 14:46:05.620,1415,1415,1057,1421,1533,4095,1674,1577,1516,1431
2025-06-24 14:46:05.719,1411,1463,912,1379,1528,4095,1723,1570,1530,1439
2025-06-24 14:46:05.819,1449,1511,946,1390,1507,4095,1652,1648,1526,1451
2025-06-24 14:46:05.918,1438,1569,1098,1377,1410,4032,1613,1765,1535,1450
2025-06-24 14:46:06.018,1456,1610,1205,1253,1346,2551,1633,1956,1535,1450
2025-06-24 14:46:06.117,1427,1644,1351,1103,1322,1283,1708,1887,1534,1447
2025-06-24 14:46:06.216,1429,1671,1469,945,1335,584,1678,1571,1524,1441
2025-06-24 14:46:06.316,1439,1693,1587,960,1387,482,1648,1343,1535,1446
2025-06-24 14:46:06.415,1486,1641,1649,970,1456,583,1456,1227,1525,1451
2025-06-24 14:46:06.514,1502,1653,1710,994,1507,0,1314,1311,1541,1443
2025-06-24 14:46:06.613,1520,1644,1759,1152,1601,0,1217,1488,1523,1438
2025-06-24 14:46:06.712,1532,1583,1757,1255,1632,0,1147,1633,1520,1425
2025-06-24 14:46:06.811,1523,1494,1729,1360,1610,0,1099,1326,1520,1440
2025-06-24 14:46:06.911,1524,1472,1744,1461,1581,254,1215,1210,1527,1441
2025-06-24 14:46:07.011,1535,1457,1706,1615,1581,1056,1423,1245,1523,1439
2025-06-24 14:46:07.111,1530,1492,1750,1689,1584,1957,1599,1253,1526,1449
2025-06-24 14:46:07.211,1526,1602,1753,1734,1584,2746,1813,1355,1535,1449
2025-06-24 14:46:07.311,1520,1564,1687,1775,1588,3549,1956,1414,1534,1454
2025-06-24 14:46:07.411,1529,1479,1527,1869,1541,4095,1845,1505,1523,1441
2025-06-24 14:46:07.510,1519,1431,1373,2167,1519,4095,1704,1487,1523,1427
2025-06-24 14:46:07.609,1483,1393,1066,2286,1454,4032,1639,1589,1521,1435
2025-06-24 14:46:07.708,1436,1408,933,2170,1472,3646,1559,1716,1527,1441
2025-06-24 14:46:07.808,1407,1435,911,2160,1456,2695,1525,1839,1535,1449
2025-06-24 14:46:07.907,1415,1488,906,2033,1365,1454,1544,1915,1535,1455
2025-06-24 14:46:08.007,1423,1597,1081,1834,1328,542,1502,2001,1535,1446
2025-06-24 14:46:08.106,1436,1611,1257,1743,1352,291,1319,1801,1535,1456
2025-06-24 14:46:08.206,1438,1621,1376,1661,1417,464,1158,1472,1527,1442
2025-06-24 14:46:08.306,1424,1680,1584,1551,1478,445,1111,1232,1521,1439
2025-06-24 14:46:08.406,1413,1648,1724,1409,1587,0,1145,1122,1520,1431
2025-06-24 14:46:08.505,1433,1617,1840,1359,1625,0,1261,1168,1523,1439
2025-06-24 14:46:08.604,1456,1621,1915,1371,1573,0,1355,1365,1523,1443
2025-06-24 14:46:08.703,1479,1634,1902,1295,1554,640,1566,1323,1526,1440
2025-06-24 14:46:08.802,1493,1595,1875,1291,1600,1337,1613,1142,1531,1443
2025-06-24 14:46:08.901,1499,1475,1840,1255,1590,1903,1758,1234,1520,1433
2025-06-24 14:46:09.001,1507,1392,1773,1317,1542,2365,1819,1331,1518,1435
2025-06-24 14:46:09.100,1510,1423,1790,1362,1579,2755,1779,1459,1525,1443
2025-06-24 14:46:09.200,1527,1462,1859,1370,1605,2966,1774,1514,1521,1441
2025-06-24 14:46:09.299,1543,1558,1845,1437,1558,2927,1865,1427,1519,1435
2025-06-24 14:46:09.398,1543,1578,1724,1425,1514,2798,1859,1359,1533,1443
2025-06-24 14:46:09.498,1547,1512,1623,1488,1507,2880,1831,1350,1523,1440
2025-06-24 14:46:09.598,1542,1385,1427,1519,1503,2813,1812,1330,1521,1438
2025-06-24 14:46:09.698,1543,1387,1307,1511,1517,1604,1615,1276,1527,1440
2025-06-24 14:46:09.798,1497,1407,1295,1505,1364,545,1393,1328,1529,1439
2025-06-24 14:46:09.898,1430,1440,1258,1535,1245,176,1182,1429,1525,1438
2025-06-24 14:46:09.998,1435,1510,1309,1597,1319,375,1098,1535,1534,1445
2025-06-24 14:46:10.098,1434,1542,1361,1584,1363,803,1153,1425,1542,1469
2025-06-24 14:46:10.198,1440,1617,1444,1520,1434,567,1165,1263,1535,1454
2025-06-24 14:46:10.297,1463,1643,1559,1552,1454,400,1200,1200,1525,1445
2025-06-24 14:46:10.396,1470,1664,1621,1434,1551,494,1376,1113,1517,1431
2025-06-24 14:46:10.495,1427,1664,1681,1215,1648,951,1577,1207,1517,1430
2025-06-24 14:46:10.594,1412,1665,1743,1031,1665,1531,1677,1300,1520,1434
2025-06-24 14:46:10.693,1422,1619,1662,945,1618,1921,1775,1200,1529,1444
2025-06-24 14:46:10.792,1456,1648,1634,975,1623,2210,1827,1336,1525,1439
2025-06-24 14:46:10.891,1467,1616,1569,1083,1674,2419,1803,1505,1520,1434
2025-06-24 14:46:10.991,1467,1535,1531,1228,1643,2559,1772,1607,1529,1445
2025-06-24 14:46:11.091,1473,1463,1535,1350,1626,2645,1751,1669,1520,1441
2025-06-24 14:46:11.191,1493,1452,1627,1517,1599,2599,1803,1707,1527,1445
2025-06-24 14:46:11.290,1520,1472,1639,1590,1533,2796,1778,1806,1531,1441
2025-06-24 14:46:11.390,1535,1502,1573,1691,1471,3167,1741,1756,1525,1440
2025-06-24 14:46:11.489,1548,1555,1481,1706,1441,2036,1587,1733,1521,1441
2025-06-24 14:46:11.588,1535,1490,1373,1763,1456,784,1358,1728,1529,1443
2025-06-24 14:46:11.687,1520,1439,1226,1797,1442,187,1178,1717,1543,1447
2025-06-24 14:46:11.787,1522,1403,1237,1831,1307,266,1115,1728,1532,1449
2025-06-24 14:46:11.886,1523,1418,1232,1825,1264,732,1144,1879,1527,1445
2025-06-24 14:46:11.986,1503,1484,1307,1875,1311,841,1204,2011,1520,1439
2025-06-24 14:46:12.085,1463,1501,1394,1889,1353,395,1344,1980,1526,1440
2025-06-24 14:46:12.185,1450,1543,1511,1889,1408,210,1450,1605,1521,1437
2025-06-24 14:46:12.284,1438,1605,1524,1939,1566,413,1633,1308,1520,1429
2025-06-24 14:46:12.384,1433,1634,1644,1894,1567,917,1792,1198,1523,1441
2025-06-24 14:46:12.483,1442,1666,1685,1849,1567,1571,1781,1155,1529,1444
2025-06-24 14:46:12.582,1440,1685,1712,1738,1559,2112,1774,1147,1525,1445
2025-06-24 14:46:12.682,1413,1689,1668,1653,1613,2546,1747,1289,1527,1444
2025-06-24 14:46:12.782,1393,1633,1604,1534,1647,2891,1729,1431,1517,1455
2025-06-24 14:46:12.885,1417,1601,1548,1434,1610,3200,1737,1515,1521,1438
2025-06-24 14:46:12.984,1445,1616,1505,1427,1582,3200,1722,1532,1524,1445
2025-06-24 14:46:13.083,1472,1535,1507,1428,1549,3034,1545,1639,1534,1450
2025-06-24 14:46:13.182,1491,1474,1530,1424,1552,3428,1395,1635,1531,1441
2025-06-24 14:46:13.281,1502,1453,1579,1439,1529,2795,1187,1622,1526,1445
2025-06-24 14:46:13.381,1516,1429,1513,1451,1509,1408,1047,1615,1533,1446
2025-06-24 14:46:13.480,1515,1458,1438,1483,1451,404,1051,1658,1534,1449
2025-06-24 14:46:13.580,1520,1533,1360,1418,1486,160,1068,1629,1533,1443
2025-06-24 14:46:13.680,1526,1494,1223,1437,1422,464,1187,1598,1527,1443
2025-06-24 14:46:13.780,1529,1427,1178,1504,1277,749,1343,1601,1533,1441
2025-06-24 14:46:13.881,1531,1413,1152,1519,1291,57,1489,1776,1526,1439
2025-06-24 14:46:13.976,1530,1424,1174,1499,1380,0,1693,1583,1521,1438
2025-06-24 14:46:14.076,1509,1461,1264,1508,1423,0,1773,1178,1525,1440
2025-06-24 14:46:14.175,1477,1493,1365,1486,1442,29,1837,987,1522,1443
2025-06-24 14:46:14.274,1455,1558,1472,1489,1546,710,1782,1009,1521,1440
2025-06-24 14:46:14.373,1435,1643,1582,1523,1562,1392,1823,1119,1521,1437
2025-06-24 14:46:14.472,1438,1653,1680,1498,1589,2097,1819,1327,1527,1445
2025-06-24 14:46:14.571,1447,1649,1759,1424,1591,2795,1747,1232,1521,1440
2025-06-24 14:46:14.671,1456,1683,1717,1435,1616,3555,1664,1395,1526,1445
2025-06-24 14:46:14.771,1466,1709,1717,1450,1603,4095,1417,1470,1529,1442
2025-06-24 14:46:14.871,1418,1668,1653,1533,1576,4095,1374,1555,1521,1437
2025-06-24 14:46:14.971,1416,1638,1616,1502,1575,4095,1138,1795,1522,1437
2025-06-24 14:46:15.070,1424,1647,1570,1437,1552,4095,1199,2178,1527,1444
2025-06-24 14:46:15.169,1451,1605,1556,1241,1531,2557,1250,2559,1529,1463
2025-06-24 14:46:15.268,1473,1520,1641,982,1472,1177,1265,2427,1542,1452
2025-06-24 14:46:15.368,1470,1431,1611,870,1451,394,1328,2278,1524,1433
2025-06-24 14:46:15.467,1502,1456,1574,928,1475,383,1441,2145,1532,1446
2025-06-24 14:46:15.567,1529,1465,1483,1043,1472,707,1552,2195,1529,1445
2025-06-24 14:46:15.666,1529,1511,1332,1157,1406,449,1712,2160,1535,1448
2025-06-24 14:46:15.766,1545,1521,1294,1269,1344,0,1862,2000,1531,1447
2025-06-24 14:46:15.865,1533,1469,1251,1358,1346,0,1812,1905,1522,1437
2025-06-24 14:46:15.964,1488,1412,1252,1473,1407,0,1685,1633,1521,1438
2025-06-24 14:46:16.063,1427,1356,1339,1552,1509,65,1726,1139,1529,1443
2025-06-24 14:46:16.162,1365,1327,1406,1564,1595,768,1707,574,1523,1440
2025-06-24 14:46:16.261,1293,1328,1553,1703,1680,1621,1557,233,1522,1439
2025-06-24 14:46:16.360,1235,1399,1594,1721,1654,2486,1616,176,1515,1426
2025-06-24 14:46:16.459,1203,1456,1676,1797,1573,3406,1397,415,1518,1433
2025-06-24 14:46:16.558,1217,1506,1722,1904,1498,4095,1232,347,1526,1442
2025-06-24 14:46:16.657,1245,1611,1712,2002,1597,4095,1123,477,1520,1433
2025-06-24 14:46:16.756,1239,1663,1651,2015,1574,4095,1154,832,1529,1443
2025-06-24 14:46:16.856,1250,1660,1550,1993,1669,4095,1211,1168,1531,1447
2025-06-24 14:46:16.955,1237,1679,1463,2018,1648,4095,1371,1355,1535,1449
2025-06-24 14:46:17.054,1245,1649,1420,2015,1603,2505,1523,1521,1524,1438
2025-06-24 14:46:17.154,1280,1666,1476,1991,1614,1160,1690,1648,1529,1445
2025-06-24 14:46:17.253,1262,1685,1583,1859,1470,537,1718,1616,1527,1439
2025-06-24 14:46:17.352,1294,1622,1639,1712,1514,505,1842,1510,1529,1441
2025-06-24 14:46:17.451,1344,1519,1578,1558,1499,688,1967,1506,1522,1435
2025-06-24 14:46:17.550,1391,1457,1535,1454,1439,0,1987,1574,1530,1442
2025-06-24 14:46:17.649,1395,1430,1355,1270,1339,0,2062,1798,1535,1451
2025-06-24 14:46:17.749,1413,1448,1302,1284,1254,0,1870,2064,1530,1447
2025-06-24 14:46:17.849,1445,1488,1298,1335,1369,0,1534,2107,1528,1443
2025-06-24 14:46:17.948,1456,1514,1280,1340,1474,0,1484,1835,1522,1438
2025-06-24 14:46:18.047,1497,1463,1297,1371,1459,831,1463,1429,1521,1439
2025-06-24 14:46:18.146,1559,1420,1345,1392,1573,1851,1315,1206,1525,1455
2025-06-24 14:46:18.245,1616,1409,1472,1488,1598,2801,1200,1153,1526,1442
2025-06-24 14:46:18.344,1648,1419,1572,1527,1552,3863,1091,1155,1521,1455
2025-06-24 14:46:18.443,1663,1456,1680,1562,1591,4095,1098,1211,1533,1447
2025-06-24 14:46:18.542,1659,1488,1703,1521,1611,4095,1081,709,1534,1446
2025-06-24 14:46:18.642,1680,1513,1706,1475,1648,4095,1182,629,1524,1441
2025-06-24 14:46:18.741,1671,1581,1695,1481,1605,4095,1310,839,1521,1439
2025-06-24 14:46:18.840,1643,1616,1617,1593,1632,3185,1459,1200,1525,1443
2025-06-24 14:46:18.939,1632,1613,1550,1598,1549,1726,1698,1653,1520,1431
2025-06-24 14:46:19.038,1616,1626,1551,1486,1449,755,1849,1879,1520,1434
2025-06-24 14:46:19.137,1591,1643,1589,1498,1492,497,1920,2067,1520,1434
2025-06-24 14:46:19.236,1563,1649,1616,1503,1443,619,1898,2359,1515,1429
2025-06-24 14:46:19.335,1525,1701,1554,1483,1488,294,1964,2671,1520,1435
2025-06-24 14:46:19.434,1511,1648,1488,1431,1488,0,1905,2933,1525,1443
2025-06-24 14:46:19.533,1523,1527,1394,1456,1387,0,1865,2936,1531,1447
2025-06-24 14:46:19.632,1549,1447,1248,1515,1339,0,1742,2929,1527,1442
2025-06-24 14:46:19.731,1565,1456,1238,1495,1344,0,1485,3183,1526,1440
2025-06-24 14:46:19.830,1584,1443,1292,1525,1355,519,1264,2943,1535,1445
2025-06-24 14:46:19.929,1584,1472,1369,1510,1424,1466,1191,2343,1529,1466
2025-06-24 14:46:20.029,1575,1481,1456,1475,1488,2501,1087,1689,1526,1443
2025-06-24 14:46:20.129,1584,1409,1482,1371,1597,3535,1071,1211,1520,1434
2025-06-24 14:46:20.229,1582,1382,1571,1179,1603,4095,1149,939,1517,1435
2025-06-24 14:46:20.329,1621,1369,1631,975,1619,4095,1201,1031,1525,1429
2025-06-24 14:46:20.428,1646,1373,1686,939,1647,4095,1295,1223,1527,1444
2025-06-24 14:46:20.527,1645,1419,1721,997,1604,4095,1494,624,1525,1444
2025-06-24 14:46:20.627,1633,1491,1715,1152,1558,4095,1707,317,1533,1447
2025-06-24 14:46:20.726,1543,1520,1639,1209,1617,2640,1871,383,1529,1456
2025-06-24 14:46:20.826,1504,1582,1558,1233,1611,1343,1821,560,1525,1440
2025-06-24 14:46:20.926,1529,1634,1497,1342,1581,681,1845,758,1542,1450
2025-06-24 14:46:21.026,1526,1664,1460,1427,1473,591,1766,855,1547,1456
2025-06-24 14:46:21.126,1550,1680,1489,1552,1427,738,1783,983,1535,1453
2025-06-24 14:46:21.225,1558,1709,1594,1713,1426,0,1823,1159,1532,1443
2025-06-24 14:46:21.324,1531,1671,1587,1811,1481,0,1879,1280,1521,1445
2025-06-24 14:46:21.423,1514,1696,1471,1892,1447,0,1707,1429,1523,1445
2025-06-24 14:46:21.522,1505,1695,1441,1887,1296,0,1409,1559,1526,1441
2025-06-24 14:46:21.622,1505,1606,1299,1882,1291,0,1214,1779,1526,1442
2025-06-24 14:46:21.722,1504,1456,1269,1901,1403,880,1091,1970,1520,1437
2025-06-24 14:46:21.822,1499,1459,1229,1936,1462,1925,1019,1910,1527,1439
2025-06-24 14:46:21.922,1495,1515,1220,1873,1488,2895,1133,1629,1523,1439
2025-06-24 14:46:22.022,1491,1565,1232,1826,1594,4095,1248,1426,1526,1442
2025-06-24 14:46:22.122,1501,1622,1313,1693,1602,4095,1346,1287,1520,1437
2025-06-24 14:46:22.222,1497,1570,1424,1632,1625,4095,1535,1391,1515,1427
2025-06-24 14:46:22.322,1489,1494,1552,1712,1634,4095,1683,1556,1526,1438
2025-06-24 14:46:22.422,1483,1453,1659,1660,1611,4095,1920,1565,1546,1449
2025-06-24 14:46:22.521,1472,1445,1663,1615,1607,3325,2032,1328,1522,1439
2025-06-24 14:46:22.621,1470,1488,1715,1471,1589,1919,1987,1334,1531,1449
2025-06-24 14:46:22.721,1453,1499,1650,1455,1569,912,1994,1507,1533,1447
2025-06-24 14:46:22.820,1424,1550,1584,1472,1535,570,2018,1680,1524,1440
2025-06-24 14:46:22.923,1399,1603,1532,1451,1529,593,1906,1781,1530,1441
2025-06-24 14:46:23.022,1392,1680,1498,1438,1473,410,1882,1904,1527,1441
2025-06-24 14:46:23.122,1389,1715,1570,1399,1430,0,1653,2031,1520,1440
2025-06-24 14:46:23.222,1411,1718,1634,1423,1501,0,1435,2001,1525,1441
2025-06-24 14:46:23.321,1430,1690,1603,1486,1475,0,1180,1969,1527,1441
2025-06-24 14:46:23.420,1446,1643,1524,1564,1391,0,1042,1907,1520,1435
2025-06-24 14:46:23.519,1438,1627,1470,1607,1361,477,983,1872,1524,1433
2025-06-24 14:46:23.619,1436,1590,1309,1481,1348,1509,1081,1680,1520,1431
2025-06-24 14:46:23.719,1466,1582,1239,1499,1401,2482,1272,1867,1522,1441
2025-06-24 14:46:23.819,1488,1519,1232,1526,1460,3619,1449,2030,1524,1442
2025-06-24 14:46:23.920,1510,1494,1260,1491,1527,4095,1600,1766,1527,1443
2025-06-24 14:46:24.015,1523,1456,1267,1515,1603,4095,1722,1442,1534,1451
2025-06-24 14:46:24.115,1548,1442,1440,1525,1571,4095,1872,1264,1529,1449
2025-06-24 14:46:24.214,1559,1489,1567,1500,1579,4095,1853,1095,1529,1445
2025-06-24 14:46:24.314,1563,1453,1673,1459,1598,4095,1874,1016,1523,1437
2025-06-24 14:46:24.414,1584,1401,1741,1470,1535,2710,1911,965,1525,1440
2025-06-24 14:46:24.514,1566,1376,1793,1431,1581,1456,1873,595,1535,1450
2025-06-24 14:46:24.613,1562,1358,1770,1413,1584,749,1776,545,1535,1451
2025-06-24 14:46:24.713,1561,1425,1700,1471,1583,581,1728,647,1543,1447
2025-06-24 14:46:24.813,1555,1458,1628,1529,1581,670,1405,880,1527,1443
2025-06-24 14:46:24.913,1533,1511,1553,1513,1567,32,1199,1057,1535,1447
2025-06-24 14:46:25.012,1501,1535,1503,1511,1521,0,1127,1231,1523,1431
2025-06-24 14:46:25.111,1467,1590,1525,1527,1485,0,1104,1398,1520,1435
2025-06-24 14:46:25.210,1447,1613,1581,1546,1485,0,1074,1535,1517,1436
2025-06-24 14:46:25.309,1450,1616,1690,1616,1453,0,1132,1647,1519,1429
2025-06-24 14:46:25.409,1463,1601,1616,1488,1374,823,1281,1817,1518,1437
2025-06-24 14:46:25.509,1469,1558,1519,1424,1324,1857,1431,1968,1527,1444
2025-06-24 14:46:25.609,1457,1585,1426,1468,1371,2803,1672,2109,1528,1444
2025-06-24 14:46:25.709,1439,1626,1353,1616,1458,3834,1779,2437,1525,1440
2025-06-24 14:46:25.808,1441,1630,1273,1522,1511,4095,1933,2559,1526,1443
2025-06-24 14:46:25.908,1445,1571,1217,1277,1549,4095,1952,2205,1542,1454
2025-06-24 14:46:26.008,1455,1494,1190,1071,1571,4095,1963,1839,1534,1446
2025-06-24 14:46:26.108,1463,1471,1234,913,1552,4095,1997,1531,1533,1449
2025-06-24 14:46:26.208,1467,1461,1357,922,1518,3600,1809,1422,1533,1465
2025-06-24 14:46:26.308,1466,1515,1562,1029,1498,2170,1699,1444,1541,1451
2025-06-24 14:46:26.408,1458,1551,1622,1154,1523,1016,1578,1257,1515,1430
2025-06-24 14:46:26.507,1506,1488,1680,1285,1541,555,1281,931,1530,1424
2025-06-24 14:46:26.607,1531,1442,1680,1457,1533,520,1065,1136,1527,1441
2025-06-24 14:46:26.706,1529,1440,1652,1552,1516,683,965,1337,1543,1449
2025-06-24 14:46:26.806,1526,1488,1568,1585,1600,0,851,1617,1526,1440
2025-06-24 14:46:26.906,1520,1535,1526,1657,1515,0,912,1818,1520,1433
2025-06-24 14:46:27.005,1497,1529,1487,1679,1523,0,1152,1910,1520,1435
2025-06-24 14:46:27.104,1472,1545,1507,1778,1525,0,1274,1845,1514,1427
2025-06-24 14:46:27.203,1457,1566,1594,1795,1547,224,1382,1763,1521,1439
2025-06-24 14:46:27.302,1392,1593,1569,1893,1469,1150,1543,1621,1530,1445
2025-06-24 14:46:27.401,1367,1615,1526,1934,1381,2030,1691,1646,1526,1442
2025-06-24 14:46:27.501,1355,1594,1446,1939,1345,2913,1773,1795,1523,1442
2025-06-24 14:46:27.600,1357,1584,1285,1914,1397,4035,1966,1965,1523,1441
2025-06-24 14:46:27.700,1376,1552,1239,1806,1450,4095,1961,1999,1525,1439
2025-06-24 14:46:27.799,1381,1508,1136,1665,1474,4095,1843,1856,1523,1445
2025-06-24 14:46:27.899,1389,1545,1155,1642,1503,4095,1783,1424,1523,1438
2025-06-24 14:46:27.998,1408,1517,1164,1616,1559,4095,1663,912,1526,1440
2025-06-24 14:46:28.097,1426,1472,1328,1568,1580,2926,1511,573,1530,1446
2025-06-24 14:46:28.196,1440,1475,1494,1577,1615,1646,1255,402,1542,1447
2025-06-24 14:46:28.295,1456,1504,1632,1552,1600,641,1183,458,1531,1443
2025-06-24 14:46:28.394,1471,1547,1742,1531,1507,327,977,571,1527,1443
2025-06-24 14:46:28.493,1475,1584,1788,1488,1508,434,897,343,1534,1423
2025-06-24 14:46:28.593,1486,1521,1798,1470,1581,654,935,407,1521,1421
2025-06-24 14:46:28.693,1487,1466,1744,1486,1629,0,1079,794,1527,1445
2025-06-24 14:46:28.792,1482,1407,1675,1486,1622,0,1310,1226,1526,1442
2025-06-24 14:46:28.891,1486,1422,1583,1458,1567,0,1442,1659,1525,1443
2025-06-24 14:46:28.991,1501,1469,1521,1458,1488,0,1578,1916,1526,1443
2025-06-24 14:46:29.090,1515,1535,1503,1489,1495,557,1731,2195,1543,1451
2025-06-24 14:46:29.189,1546,1589,1525,1501,1476,1361,1789,2346,1527,1443
2025-06-24 14:46:29.289,1552,1615,1597,1491,1388,2208,2065,2373,1520,1440
2025-06-24 14:46:29.389,1506,1649,1595,1487,1307,2955,2053,2241,1518,1434
2025-06-24 14:46:29.489,1457,1700,1533,1508,1328,3855,1904,2235,1525,1437
2025-06-24 14:46:29.588,1424,1675,1455,1527,1421,4095,1727,2131,1520,1434
2025-06-24 14:46:29.687,1413,1678,1376,1553,1499,4095,1613,2166,1530,1434
2025-06-24 14:46:29.786,1435,1662,1230,1556,1495,3912,1322,2157,1530,1447
2025-06-24 14:46:29.886,1454,1615,1104,1488,1520,3536,1087,1771,1530,1442
2025-06-24 14:46:29.985,1456,1596,1158,1515,1578,2557,931,1344,1521,1435
2025-06-24 14:46:30.085,1430,1600,1274,1500,1563,1334,899,1168,1533,1457
2025-06-24 14:46:30.184,1424,1549,1434,1485,1584,529,849,1146,1531,1441
2025-06-24 14:46:30.284,1438,1483,1571,1471,1566,379,1008,1147,1534,1443
2025-06-24 14:46:30.383,1472,1471,1701,1459,1571,598,1103,1177,1531,1442
2025-06-24 14:46:30.482,1472,1494,1751,1415,1565,669,1303,774,1527,1441
2025-06-24 14:46:30.582,1488,1587,1742,1424,1567,0,1612,656,1533,1445
2025-06-24 14:46:30.681,1501,1575,1666,1489,1581,0,1786,737,1523,1443
2025-06-24 14:46:30.781,1509,1499,1618,1488,1596,0,1935,913,1520,1443
2025-06-24 14:46:30.881,1511,1450,1530,1602,1535,384,2011,1088,1520,1433
2025-06-24 14:46:30.981,1527,1459,1457,1595,1457,1058,2080,1207,1516,1431
2025-06-24 14:46:31.081,1529,1485,1499,1552,1472,1719,1947,1252,1530,1443
2025-06-24 14:46:31.181,1530,1526,1517,1525,1488,2320,1872,1391,1526,1445
2025-06-24 14:46:31.281,1530,1554,1590,1489,1424,2844,1883,1497,1523,1441
2025-06-24 14:46:31.381,1535,1601,1617,1520,1394,3184,1762,1695,1519,1437
2025-06-24 14:46:31.481,1543,1646,1488,1520,1381,3203,1264,1856,1521,1437
2025-06-24 14:46:31.580,1510,1660,1428,1522,1387,3020,1037,1953,1523,1440
2025-06-24 14:46:31.679,1472,1681,1317,1493,1465,2965,841,2047,1519,1426
2025-06-24 14:46:31.778,1439,1701,1175,1514,1467,2839,720,2213,1520,1439
2025-06-24 14:46:31.878,1407,1621,1046,1474,1548,1621,685,2123,1520,1433
2025-06-24 14:46:31.978,1431,1649,1075,1498,1553,544,807,1728,1534,1456
2025-06-24 14:46:32.078,1446,1601,1203,1511,1557,57,909,1343,1535,1444
2025-06-24 14:46:32.177,1457,1624,1418,1488,1579,250,1088,1237,1527,1440
2025-06-24 14:46:32.276,1414,1609,1641,1520,1527,720,1136,1243,1527,1440
2025-06-24 14:46:32.375,1392,1565,1806,1495,1546,701,1435,1265,1533,1450
2025-06-24 14:46:32.474,1407,1488,1885,1527,1562,561,1824,808,1527,1442
2025-06-24 14:46:32.573,1436,1481,1920,1512,1584,481,2098,589,1527,1441
2025-06-24 14:46:32.672,1462,1491,1945,1488,1557,784,2406,590,1521,1438
2025-06-24 14:46:32.771,1484,1551,1915,1495,1595,1326,2415,736,1529,1443
2025-06-24 14:46:32.870,1488,1506,1782,1598,1564,1806,2431,960,1534,1445
2025-06-24 14:46:32.973,1518,1423,1712,1489,1523,2119,2380,1313,1532,1447
2025-06-24 14:46:33.072,1521,1405,1645,1310,1499,2455,2063,1552,1527,1442
2025-06-24 14:46:33.171,1533,1412,1668,1078,1525,2688,1522,1713,1530,1444
2025-06-24 14:46:33.271,1558,1428,1722,923,1471,2832,1200,1875,1520,1424
2025-06-24 14:46:33.370,1551,1467,1670,1030,1372,2800,945,2089,1521,1439
2025-06-24 14:46:33.469,1520,1511,1597,1090,1373,2730,848,2259,1535,1445
2025-06-24 14:46:33.568,1510,1594,1457,1151,1383,3040,997,2352,1535,1450
2025-06-24 14:46:33.668,1499,1642,1253,1250,1447,2162,1072,2544,1543,1451
2025-06-24 14:46:33.768,1474,1648,1104,1387,1507,816,1099,2474,1535,1441
2025-06-24 14:46:33.868,1447,1663,981,1523,1567,14,1298,1950,1534,1442
2025-06-24 14:46:33.969,1420,1619,1037,1554,1575,0,1603,1449,1530,1445
2025-06-24 14:46:34.064,1408,1592,1233,1671,1533,433,1840,1214,1521,1438
2025-06-24 14:46:34.164,1395,1594,1469,1723,1517,811,1995,1184,1521,1440
2025-06-24 14:46:34.263,1398,1641,1738,1770,1594,734,2038,1342,1525,1439
2025-06-24 14:46:34.363,1392,1518,1918,1744,1556,470,1997,1365,1529,1445
2025-06-24 14:46:34.463,1375,1427,2002,1827,1520,375,1938,933,1533,1447
2025-06-24 14:46:34.562,1335,1459,2011,1859,1506,739,1850,812,1525,1439
2025-06-24 14:46:34.661,1342,1456,1941,1882,1487,1275,1885,880,1523,1440
2025-06-24 14:46:34.761,1387,1490,1815,1823,1547,1749,1920,1095,1524,1439
2025-06-24 14:46:34.861,1426,1552,1728,1850,1534,2224,1549,1343,1518,1444
2025-06-24 14:46:34.960,1473,1516,1650,1764,1500,2727,1344,1602,1510,1428
2025-06-24 14:46:35.060,1488,1440,1615,1744,1449,3162,1239,1914,1528,1441
2025-06-24 14:46:35.160,1495,1436,1638,1681,1460,3362,1056,1975,1525,1433
2025-06-24 14:46:35.260,1517,1454,1661,1600,1385,3210,1034,1834,1522,1445
2025-06-24 14:46:35.359,1522,1473,1618,1507,1364,3373,1219,1727,1527,1440
2025-06-24 14:46:35.458,1531,1498,1473,1488,1399,2966,1406,1725,1525,1441
2025-06-24 14:46:35.558,1542,1550,1345,1461,1431,1513,1616,1727,1521,1439
2025-06-24 14:46:35.657,1551,1549,1189,1488,1484,381,1852,1749,1524,1438
2025-06-24 14:46:35.757,1552,1579,994,1440,1554,23,1955,1816,1530,1440
2025-06-24 14:46:35.857,1557,1591,874,1485,1552,315,1930,1724,1541,1455
2025-06-24 14:46:35.956,1561,1607,875,1553,1567,774,1953,1361,1542,1449
2025-06-24 14:46:36.056,1535,1616,1003,1548,1562,623,1971,1040,1533,1451
2025-06-24 14:46:36.156,1494,1627,1190,1521,1590,47,1915,904,1530,1452
2025-06-24 14:46:36.255,1467,1621,1391,1424,1584,0,1991,880,1525,1428
2025-06-24 14:46:36.354,1454,1584,1514,1491,1599,0,2032,960,1510,1427
2025-06-24 14:46:36.454,1446,1553,1582,1531,1543,600,1939,515,1519,1431
2025-06-24 14:46:36.553,1456,1488,1511,1545,1515,1290,1723,360,1525,1440
2025-06-24 14:46:36.652,1468,1450,1472,1574,1517,1927,1345,422,1526,1441
2025-06-24 14:46:36.752,1440,1435,1412,1501,1554,2556,1133,878,1523,1440
2025-06-24 14:46:36.852,1423,1463,1359,1505,1567,3239,1079,1459,1522,1440
2025-06-24 14:46:36.951,1409,1513,1399,1566,1524,3925,1030,1904,1520,1429
2025-06-24 14:46:37.051,1409,1471,1507,1491,1491,3981,1104,2083,1520,1435
2025-06-24 14:46:37.151,1411,1427,1566,1449,1474,3861,1232,2176,1520,1436
2025-06-24 14:46:37.251,1435,1409,1520,1485,1425,4095,1403,2179,1530,1443
2025-06-24 14:46:37.350,1454,1419,1425,1498,1360,2447,1511,2179,1531,1453
2025-06-24 14:46:37.450,1461,1474,1319,1438,1366,963,1637,2203,1523,1438
2025-06-24 14:46:37.549,1498,1543,1191,1443,1485,157,1866,2363,1546,1451
2025-06-24 14:46:37.649,1520,1577,1063,1488,1513,144,1942,2555,1543,1447
2025-06-24 14:46:37.748,1521,1633,1058,1554,1550,560,1904,2449,1529,1440
2025-06-24 14:46:37.847,1477,1685,1149,1535,1520,564,1769,1871,1525,1443
2025-06-24 14:46:37.946,1461,1687,1207,1549,1535,0,1721,1422,1533,1445
2025-06-24 14:46:38.045,1455,1653,1393,1581,1543,0,1807,1216,1531,1444
2025-06-24 14:46:38.145,1456,1664,1555,1600,1634,0,1646,1128,1520,1437
2025-06-24 14:46:38.245,1463,1629,1687,1505,1614,116,1506,1101,1530,1449
2025-06-24 14:46:38.345,1456,1589,1779,1489,1621,883,1063,1250,1520,1439
2025-06-24 14:46:38.445,1471,1585,1795,1519,1584,1643,801,875,1520,1434
2025-06-24 14:46:38.544,1491,1558,1713,1497,1557,2430,645,437,1520,1435
2025-06-24 14:46:38.643,1499,1495,1657,1532,1522,3101,677,580,1525,1437
2025-06-24 14:46:38.743,1509,1455,1591,1565,1520,3910,803,1003,1526,1440
2025-06-24 14:46:38.842,1511,1422,1566,1562,1524,4095,1044,1407,1531,1447
2025-06-24 14:46:38.942,1520,1446,1647,1521,1457,4095,1158,1859,1542,1451
2025-06-24 14:46:39.042,1509,1502,1650,1520,1398,4095,1285,2127,1525,1441
2025-06-24 14:46:39.142,1447,1552,1502,1475,1567,3375,1335,2277,1520,1433
2025-06-24 14:46:39.241,1437,1487,1442,1424,1565,1735,1502,2397,1518,1435
2025-06-24 14:46:39.341,1450,1450,1341,1430,1437,547,1747,2422,1521,1439
2025-06-24 14:46:39.441,1455,1411,1129,1446,1379,192,1718,2625,1530,1430
2025-06-24 14:46:39.540,1462,1428,1104,1472,1427,494,1704,2647,1523,1436
2025-06-24 14:46:39.640,1473,1467,1126,1614,1412,761,1955,2852,1520,1431
2025-06-24 14:46:39.739,1490,1488,1136,1557,1454,0,2165,2782,1522,1441
2025-06-24 14:46:39.838,1513,1542,1254,1597,1488,0,2097,2531,1530,1447
2025-06-24 14:46:39.937,1504,1602,1405,1552,1524,0,2045,2149,1531,1456
2025-06-24 14:46:40.037,1509,1658,1533,1514,1493,0,1712,1805,1533,1447
2025-06-24 14:46:40.137,1520,1684,1675,1523,1563,602,1597,1516,1529,1446
2025-06-24 14:46:40.237,1515,1661,1725,1515,1613,1395,1429,1314,1533,1453
2025-06-24 14:46:40.337,1509,1639,1689,1507,1612,2177,1209,1311,1530,1447
2025-06-24 14:46:40.437,1502,1625,1670,1495,1543,2960,1137,791,1532,1445
2025-06-24 14:46:40.536,1492,1616,1639,1467,1552,3935,1211,98,1531,1446
2025-06-24 14:46:40.636,1488,1584,1630,1447,1505,4095,1271,0,1533,1452
2025-06-24 14:46:40.736,1477,1551,1570,1469,1493,4095,1473,245,1550,1455
2025-06-24 14:46:40.835,1467,1491,1581,1533,1494,4095,1667,565,1530,1443
2025-06-24 14:46:40.934,1462,1445,1631,1488,1467,4095,1919,884,1524,1439
2025-06-24 14:46:41.034,1472,1447,1627,1548,1494,2431,2015,1154,1515,1426
2025-06-24 14:46:41.134,1478,1493,1594,1520,1488,1007,1971,1277,1519,1431
2025-06-24 14:46:41.234,1477,1559,1535,1542,1445,311,1965,1358,1525,1438
2025-06-24 14:46:41.334,1488,1516,1437,1546,1314,397,1827,1424,1526,1439
2025-06-24 14:46:41.433,1455,1438,1367,1525,1325,768,1727,1645,1530,1440
2025-06-24 14:46:41.532,1453,1415,1355,1494,1454,156,1665,1758,1530,1443
2025-06-24 14:46:41.632,1472,1385,1329,1520,1505,0,1640,2156,1522,1440
2025-06-24 14:46:41.731,1487,1385,1365,1520,1523,0,1232,2160,1517,1429
2025-06-24 14:46:41.830,1488,1441,1479,1533,1525,0,1056,1650,1521,1418
2025-06-24 14:46:41.930,1488,1520,1664,1450,1587,192,953,1200,1523,1429
2025-06-24 14:46:42.030,1488,1625,1755,1413,1548,934,915,1035,1521,1421
2025-06-24 14:46:42.130,1485,1685,1779,1495,1561,1796,1045,1094,1521,1435
2025-06-24 14:46:42.229,1487,1701,1744,1495,1593,2640,1099,1255,1523,1439
2025-06-24 14:46:42.328,1487,1665,1681,1478,1563,3550,1181,1360,1521,1435
2025-06-24 14:46:42.428,1488,1648,1631,1470,1521,4095,1439,1174,1523,1441
2025-06-24 14:46:42.528,1491,1625,1605,1473,1551,4095,1681,687,1535,1453
2025-06-24 14:46:42.628,1479,1589,1579,1471,1590,4095,1792,656,1547,1455
2025-06-24 14:46:42.727,1461,1551,1500,1436,1547,4095,1949,909,1531,1447
2025-06-24 14:46:42.826,1426,1533,1520,1485,1565,3349,1983,1171,1523,1439
2025-06-24 14:46:42.926,1392,1468,1517,1563,1503,1722,1926,1391,1520,1437
2025-06-24 14:46:43.030,1420,1402,1489,1571,1472,623,1935,1555,1531,1442
2025-06-24 14:46:43.129,1440,1392,1417,1531,1499,362,1824,1665,1527,1439
2025-06-24 14:46:43.228,1459,1445,1418,1570,1498,560,1761,1746,1534,1447
2025-06-24 14:46:43.327,1488,1497,1366,1584,1353,544,1569,1859,1519,1429
2025-06-24 14:46:43.426,1474,1567,1280,1549,1354,0,1297,1901,1534,1449
2025-06-24 14:46:43.525,1470,1552,1197,1469,1422,0,1112,2017,1535,1451
2025-06-24 14:46:43.625,1471,1485,1151,1475,1445,0,1001,2234,1525,1437
2025-06-24 14:46:43.725,1467,1478,1217,1511,1501,0,1010,2357,1529,1446
2025-06-24 14:46:43.825,1489,1493,1299,1481,1488,577,1042,2223,1525,1438
2025-06-24 14:46:43.925,1488,1510,1466,1462,1543,1449,1157,1702,1520,1434
2025-06-24 14:46:44.026,1504,1552,1627,1462,1505,2348,1328,1372,1519,1431
2025-06-24 14:46:44.121,1507,1587,1680,1481,1483,3211,1520,1187,1521,1440
2025-06-24 14:46:44.221,1517,1609,1618,1489,1502,4095,1659,1296,1520,1439
2025-06-24 14:46:44.321,1543,1605,1475,1526,1523,4095,1772,1369,1520,1434
2025-06-24 14:46:44.421,1530,1626,1389,1495,1612,4095,1856,1203,1528,1444
2025-06-24 14:46:44.520,1552,1611,1314,1545,1607,4095,1701,973,1525,1442
2025-06-24 14:46:44.620,1558,1610,1297,1555,1593,4095,1605,950,1535,1453
2025-06-24 14:46:44.719,1552,1588,1289,1551,1585,2496,1511,1168,1535,1446
2025-06-24 14:46:44.818,1513,1553,1358,1451,1547,1153,1463,1349,1525,1437
2025-06-24 14:46:44.917,1456,1529,1411,1558,1490,470,1456,1623,1526,1440
2025-06-24 14:46:45.017,1418,1489,1481,1542,1535,411,1263,1818,1535,1442
2025-06-24 14:46:45.117,1408,1414,1403,1514,1550,744,1015,1856,1527,1440
2025-06-24 14:46:45.217,1434,1413,1373,1523,1411,0,880,1841,1520,1434
2025-06-24 14:46:45.316,1467,1433,1230,1479,1376,0,852,1885,1534,1442
2025-06-24 14:46:45.416,1477,1465,1074,1443,1393,0,861,1776,1533,1450
2025-06-24 14:46:45.515,1472,1475,958,1486,1444,0,1062,1744,1531,1450
2025-06-24 14:46:45.615,1462,1440,937,1543,1471,48,1322,1697,1535,1451
2025-06-24 14:46:45.714,1456,1399,1088,1522,1476,894,1552,1783,1542,1452
2025-06-24 14:46:45.814,1462,1379,1285,1531,1533,1885,1776,1558,1522,1440
2025-06-24 14:46:45.914,1463,1391,1505,1505,1554,2814,1897,1211,1525,1441
2025-06-24 14:46:46.014,1487,1449,1687,1501,1570,3903,2079,992,1523,1442
2025-06-24 14:46:46.113,1493,1527,1895,1552,1510,4095,2150,993,1528,1435
2025-06-24 14:46:46.213,1495,1577,2018,1488,1553,4095,2291,993,1524,1443
2025-06-24 14:46:46.313,1491,1591,2020,1495,1598,4095,2230,1168,1520,1438
2025-06-24 14:46:46.413,1508,1615,1936,1515,1586,4095,2181,880,1521,1439
2025-06-24 14:46:46.512,1502,1655,1838,1575,1566,3461,2122,722,1527,1438
2025-06-24 14:46:46.611,1487,1680,1760,1516,1565,1949,1883,799,1526,1439
2025-06-24 14:46:46.711,1514,1667,1753,1466,1572,848,1477,994,1527,1436
2025-06-24 14:46:46.810,1517,1639,1734,1472,1498,526,1261,1197,1526,1435
2025-06-24 14:46:46.910,1504,1627,1690,1491,1517,583,1097,1277,1534,1447
2025-06-24 14:46:47.010,1458,1619,1653,1505,1535,529,993,1404,1533,1434
2025-06-24 14:46:47.109,1414,1615,1622,1468,1583,0,849,1502,1530,1447
2025-06-24 14:46:47.209,1406,1552,1520,1478,1493,0,944,1639,1525,1445
2025-06-24 14:46:47.309,1421,1529,1303,1446,1318,0,1074,1764,1542,1443
2025-06-24 14:46:47.409,1456,1552,1203,1454,1325,0,1243,1837,1531,1446
2025-06-24 14:46:47.508,1481,1521,1152,1479,1401,630,1457,2064,1521,1439
2025-06-24 14:46:47.608,1482,1589,1214,1513,1426,1690,1733,2256,1520,1443
2025-06-24 14:46:47.708,1474,1550,1311,1579,1424,2660,1862,2413,1518,1434
2025-06-24 14:46:47.808,1469,1477,1542,1551,1501,3853,1931,2393,1514,1434
2025-06-24 14:46:47.907,1471,1453,1754,1545,1498,4095,2079,1987,1520,1437
2025-06-24 14:46:48.006,1470,1436,1919,1586,1534,4095,2159,1664,1527,1442
2025-06-24 14:46:48.106,1477,1457,2032,1552,1487,4095,2160,1341,1527,1441
2025-06-24 14:46:48.206,1490,1490,2000,1521,1559,4095,2055,1227,1529,1456
2025-06-24 14:46:48.305,1503,1548,1918,1481,1600,4095,1937,1247,1531,1444
2025-06-24 14:46:48.405,1507,1563,1807,1510,1555,2559,1443,1023,1526,1439
2025-06-24 14:46:48.505,1490,1578,1712,1487,1569,1218,1067,517,1518,1430
2025-06-24 14:46:48.605,1519,1613,1707,1488,1530,459,933,391,1541,1446
2025-06-24 14:46:48.705,1527,1637,1724,1491,1500,437,871,638,1547,1454
2025-06-24 14:46:48.804,1533,1614,1696,1473,1542,699,858,1003,1535,1437
2025-06-24 14:46:48.904,1534,1633,1642,1505,1567,347,944,1351,1535,1451
2025-06-24 14:46:49.004,1543,1584,1502,1573,1568,0,1008,1577,1531,1445
2025-06-24 14:46:49.103,1520,1584,1421,1600,1595,0,1101,1721,1522,1440
2025-06-24 14:46:49.203,1483,1552,1246,1501,1488,35,1246,1779,1521,1434
2025-06-24 14:46:49.302,1415,1517,1093,1461,1376,709,1462,1955,1521,1429
2025-06-24 14:46:49.401,1398,1495,1017,1496,1357,1481,1742,2099,1530,1447
2025-06-24 14:46:49.500,1419,1485,1054,1516,1330,2165,1744,2203,1532,1443
2025-06-24 14:46:49.600,1446,1488,1152,1452,1414,2754,1555,2407,1519,1434
2025-06-24 14:46:49.699,1458,1554,1367,1465,1451,3233,1392,2501,1521,1435
2025-06-24 14:46:49.798,1458,1552,1581,1594,1494,3505,1296,2305,1517,1433
2025-06-24 14:46:49.898,1457,1472,1725,1549,1529,3348,1177,1815,1524,1438
2025-06-24 14:46:49.998,1456,1431,1862,1489,1550,3214,1276,1425,1535,1451
2025-06-24 14:46:50.098,1460,1467,1919,1515,1566,3313,1197,1264,1533,1446
2025-06-24 14:46:50.198,1472,1468,1818,1520,1597,2222,1247,1209,1524,1435
2025-06-24 14:46:50.297,1475,1504,1771,1488,1588,960,1200,1338,1529,1442
2025-06-24 14:46:50.397,1488,1566,1673,1466,1558,307,1094,1385,1527,1443
2025-06-24 14:46:50.496,1503,1625,1600,1467,1566,400,1169,910,1530,1431
2025-06-24 14:46:50.596,1507,1711,1523,1525,1535,780,1312,771,1530,1444
2025-06-24 14:46:50.695,1507,1639,1520,1488,1522,893,1489,912,1535,1446
2025-06-24 14:46:50.795,1509,1647,1531,1502,1546,748,1723,1206,1533,1446
2025-06-24 14:46:50.895,1519,1652,1531,1570,1562,727,1984,1552,1526,1441
2025-06-24 14:46:50.995,1529,1610,1520,1589,1525,857,2190,1785,1526,1439
2025-06-24 14:46:51.094,1530,1626,1455,1613,1516,1209,2234,1786,1525,1443
2025-06-24 14:46:51.194,1527,1637,1250,1481,1453,1600,2368,1715,1518,1434
2025-06-24 14:46:51.294,1516,1628,1101,1514,1360,1875,2446,1610,1527,1443
2025-06-24 14:46:51.394,1488,1568,1042,1508,1353,2114,2539,1625,1520,1434
2025-06-24 14:46:51.493,1431,1503,1095,1499,1355,2346,2512,1741,1514,1425
2025-06-24 14:46:51.593,1392,1482,1206,1555,1414,2431,2273,1863,1520,1431
2025-06-24 14:46:51.692,1392,1472,1354,1553,1477,2414,2186,2087,1515,1426
2025-06-24 14:46:51.792,1419,1495,1443,1550,1520,2535,1878,2230,1527,1440
2025-06-24 14:46:51.891,1450,1574,1583,1517,1547,2987,1514,2004,1523,1439
2025-06-24 14:46:51.991,1457,1522,1747,1474,1514,2356,1187,1604,1527,1442
2025-06-24 14:46:52.090,1470,1470,1819,1526,1488,1010,1099,1249,1523,1439
2025-06-24 14:46:52.190,1471,1433,1805,1525,1549,114,1115,1105,1534,1445
2025-06-24 14:46:52.290,1477,1399,1736,1434,1584,35,1151,1147,1534,1450
2025-06-24 14:46:52.390,1480,1420,1600,1473,1630,398,1323,1235,1546,1455
2025-06-24 14:46:52.490,1488,1474,1567,1520,1632,626,1418,533,1535,1454
2025-06-24 14:46:52.590,1487,1534,1520,1524,1639,370,1479,15,1535,1450
2025-06-24 14:46:52.690,1501,1587,1522,1499,1580,127,1616,42,1547,1453
2025-06-24 14:46:52.790,1499,1623,1491,1502,1584,43,1851,367,1531,1447
2025-06-24 14:46:52.890,1503,1653,1484,1488,1553,282,1886,812,1529,1455
2025-06-24 14:46:52.990,1489,1659,1380,1523,1519,805,1878,1142,1520,1433
2025-06-24 14:46:53.093,1485,1644,1212,1507,1469,1354,1905,1487,1509,1422
2025-06-24 14:46:53.193,1521,1616,1023,1520,1470,1899,1956,1658,1519,1435
2025-06-24 14:46:53.292,1531,1591,896,1511,1348,2387,1889,1823,1520,1430
2025-06-24 14:46:53.392,1535,1588,912,1522,1325,2796,1863,2135,1524,1440
2025-06-24 14:46:53.492,1525,1595,1115,1520,1353,3005,1527,2278,1527,1443
2025-06-24 14:46:53.592,1495,1535,1306,1498,1457,2960,1277,2731,1530,1447
2025-06-24 14:46:53.691,1436,1467,1504,1613,1497,3274,1091,2961,1522,1439
2025-06-24 14:46:53.790,1392,1447,1646,1552,1487,2960,1031,2768,1525,1435
2025-06-24 14:46:53.890,1377,1453,1715,1579,1506,1619,1041,2209,1535,1447
2025-06-24 14:46:53.990,1399,1552,1721,1597,1494,468,1232,1625,1544,1449
2025-06-24 14:46:54.091,1435,1551,1673,1520,1522,65,1356,1327,1533,1442
2025-06-24 14:46:54.186,1456,1488,1579,1488,1520,352,1445,1271,1530,1424
2025-06-24 14:46:54.286,1471,1472,1478,1457,1595,769,1618,1302,1520,1435
2025-06-24 14:46:54.385,1481,1505,1423,1445,1578,650,1872,1474,1527,1457
2025-06-24 14:46:54.485,1479,1549,1435,1442,1595,43,2061,1164,1527,1446
2025-06-24 14:46:54.585,1478,1585,1434,1518,1649,0,1974,367,1535,1447
2025-06-24 14:46:54.685,1475,1575,1419,1606,1627,0,1861,433,1531,1440
2025-06-24 14:46:54.785,1498,1591,1399,1520,1584,415,1860,813,1520,1438
2025-06-24 14:46:54.884,1503,1616,1339,1396,1523,1072,2000,1186,1521,1431
2025-06-24 14:46:54.984,1509,1611,1212,1185,1462,1701,1922,1429,1520,1434
2025-06-24 14:46:55.084,1511,1658,1078,1056,1502,2205,2029,1614,1520,1438
2025-06-24 14:46:55.184,1508,1675,935,935,1458,2742,64,1681,1533,1447
2025-06-24 14:46:55.284,1511,1652,873,925,1363,3216,0,1757,1530,1445
2025-06-24 14:46:55.384,1520,1621,921,939,1333,3491,0,1900,1534,1451
2025-06-24 14:46:55.484,1520,1573,1078,1037,1367,3441,0,2122,1527,1441
2025-06-24 14:46:55.584,1528,1559,1297,1111,1419,3987,0,2221,1524,1438
2025-06-24 14:46:55.683,1503,1551,1519,1211,1488,3187,0,2448,1523,1439
2025-06-24 14:46:55.782,1509,1501,1631,1341,1518,1681,0,2406,1521,1439
2025-06-24 14:46:55.881,1471,1444,1725,1474,1495,542,0,2357,1535,1452
2025-06-24 14:46:55.980,1418,1431,1733,1559,1497,112,0,1923,1530,1443
2025-06-24 14:46:56.079,1376,1433,1717,1758,1552,368,0,1479,1532,1443
2025-06-24 14:46:56.179,1378,1515,1642,2171,1600,823,429,1167,1527,1441
2025-06-24 14:46:56.279,1403,1458,1552,2347,1581,560,422,1200,1521,1439
2025-06-24 14:46:56.378,1433,1420,1522,2323,1612,1,575,1193,1530,1442
2025-06-24 14:46:56.478,1443,1383,1519,2186,1559,0,1243,885,1525,1442
2025-06-24 14:46:56.577,1446,1407,1516,2034,1513,82,1891,157,1524,1438
2025-06-24 14:46:56.677,1446,1458,1533,1872,1522,669,2508,35,1534,1450
2025-06-24 14:46:56.777,1456,1505,1501,1777,1494,1296,2995,303,1542,1451
2025-06-24 14:46:56.876,1463,1530,1457,1741,1459,1744,3111,708,1523,1439
2025-06-24 14:46:56.976,1473,1604,1402,1600,1499,2220,3065,939,1521,1437
2025-06-24 14:46:57.075,1483,1646,1337,1547,1585,2690,3171,1198,1525,1443
2025-06-24 14:46:57.175,1495,1649,1212,1485,1520,3065,3305,1334,1520,1431
2025-06-24 14:46:57.274,1505,1667,1104,1429,1409,3252,3812,1456,1520,1431
2025-06-24 14:46:57.373,1503,1652,1168,1323,1371,3411,4095,1683,1526,1441
2025-06-24 14:46:57.473,1506,1626,1286,1295,1419,4095,4095,1911,1527,1447
2025-06-24 14:46:57.572,1511,1596,1425,1239,1472,3381,4095,2301,1525,1441
2025-06-24 14:46:57.672,1518,1599,1605,1247,1472,1747,4095,3120,1519,1434
2025-06-24 14:46:57.772,1519,1633,1750,1296,1473,432,4095,3195,1523,1437
2025-06-24 14:46:57.872,1522,1629,1802,1382,1443,30,4095,2919,1529,1441
2025-06-24 14:46:57.971,1511,1545,1776,1411,1503,320,3556,2384,1525,1437
2025-06-24 14:46:58.071,1491,1487,1676,1447,1552,847,3245,1903,1525,1436
2025-06-24 14:46:58.171,1463,1503,1667,1438,1604,476,2910,1598,1527,1441
2025-06-24 14:46:58.270,1406,1527,1609,1534,1615,0,2501,1441,1533,1443
2025-06-24 14:46:58.369,1366,1584,1622,1535,1594,0,2108,1483,1533,1452
2025-06-24 14:46:58.468,1369,1520,1617,1545,1609,0,1798,1529,1544,1453
2025-06-24 14:46:58.568,1388,1412,1614,1583,1610,417,1200,567,1525,1439
2025-06-24 14:46:58.668,1447,1379,1650,1630,1637,1097,805,0,1535,1450
2025-06-24 14:46:58.767,1467,1398,1648,1567,1580,1670,599,0,1545,1451
2025-06-24 14:46:58.866,1465,1434,1571,1552,1507,2224,455,309,1545,1450
2025-06-24 14:46:58.966,1457,1488,1523,1513,1441,2804,496,814,1535,1446
2025-06-24 14:46:59.067,1460,1553,1370,1443,1456,3453,626,1206,1520,1439
2025-06-24 14:46:59.166,1453,1597,1243,1184,1452,3949,826,1475,1517,1435
2025-06-24 14:46:59.265,1472,1660,1101,976,1398,4067,1102,1841,1520,1433
2025-06-24 14:46:59.365,1486,1667,1121,921,1378,4095,1526,2256,1522,1446
2025-06-24 14:46:59.464,1499,1681,1307,1010,1434,3879,1953,2507,1522,1441
2025-06-24 14:46:59.564,1505,1669,1515,1001,1428,1941,2298,3077,1529,1446
2025-06-24 14:46:59.664,1509,1616,1702,1044,1437,565,2348,4095,1523,1439
2025-06-24 14:46:59.763,1514,1611,1806,1273,1472,0,2334,4095,1521,1439
2025-06-24 14:46:59.862,1527,1584,1830,1441,1478,128,2409,3353,1522,1437
2025-06-24 14:46:59.962,1525,1580,1787,1526,1453,699,932,2898,1521,1434
2025-06-24 14:47:00.060,1531,1541,1776,1614,1403,185,411,2256,1530,1445
2025-06-24 14:47:00.166,1543,1473,1717,1653,1467,0,1065,1610,1535,1438
2025-06-24 14:47:00.260,1520,1427,1669,1787,1484,0,0,1232,1534,1447
2025-06-24 14:47:00.359,1483,1424,1621,1840,1552,0,0,1056,1529,1442
2025-06-24 14:47:00.459,1424,1467,1609,1803,1613,293,0,983,1520,1435
2025-06-24 14:47:00.559,1399,1488,1641,1927,1604,997,0,359,1521,1434
2025-06-24 14:47:00.659,1399,1415,1648,1993,1614,1651,0,0,1517,1429
2025-06-24 14:47:00.759,1424,1369,1629,2022,1613,2340,0,0,1533,1445
2025-06-24 14:47:00.858,1449,1380,1552,2041,1527,3039,0,423,1531,1453
2025-06-24 14:47:00.958,1450,1392,1506,2077,1505,4095,0,836,1520,1433
2025-06-24 14:47:01.058,1437,1438,1256,1982,1511,4095,0,1147,1527,1442
2025-06-24 14:47:01.158,1439,1535,1088,1929,1475,4095,0,1325,1526,1443
2025-06-24 14:47:01.258,1449,1520,1096,1807,1408,4095,0,1467,1531,1449
2025-06-24 14:47:01.358,1457,1582,1222,1658,1398,4087,0,1562,1526,1443
2025-06-24 14:47:01.458,1483,1665,1433,1505,1430,2211,0,1680,1530,1443
2025-06-24 14:47:01.558,1488,1703,1671,1456,1451,901,0,1875,1529,1442
2025-06-24 14:47:01.658,1490,1709,1776,1433,1459,433,0,2349,1520,1437
2025-06-24 14:47:01.758,1501,1679,1819,1383,1501,558,395,2458,1520,1437
2025-06-24 14:47:01.858,1501,1650,1794,1418,1548,860,1133,2425,1521,1443
2025-06-24 14:47:01.958,1508,1613,1738,1452,1534,0,2007,2063,1523,1439
2025-06-24 14:47:02.058,1506,1597,1664,1450,1516,0,2651,1660,1521,1451
2025-06-24 14:47:02.158,1511,1582,1648,1408,1535,0,3024,1457,1530,1442
2025-06-24 14:47:02.258,1515,1520,1610,1478,1567,0,3205,1378,1524,1439
2025-06-24 14:47:02.358,1520,1433,1615,1578,1561,561,3198,1347,1526,1441
2025-06-24 14:47:02.458,1517,1389,1600,1518,1550,1175,3409,1306,1529,1447
2025-06-24 14:47:02.558,1485,1355,1595,1497,1593,1764,2990,297,1522,1435
2025-06-24 14:47:02.658,1434,1435,1614,1409,1603,2357,1841,12,1531,1447
2025-06-24 14:47:02.757,1402,1396,1629,1467,1567,2963,2064,304,1530,1441
2025-06-24 14:47:02.856,1378,1335,1636,1430,1557,3697,2441,1053,1526,1442
2025-06-24 14:47:02.956,1385,1344,1552,1380,1491,4095,2041,1713,1520,1439
2025-06-24 14:47:03.056,1392,1405,1389,1483,1439,4095,2037,1968,1527,1446
2025-06-24 14:47:03.160,1394,1474,1248,1477,1410,4095,2416,2032,1527,1446
2025-06-24 14:47:03.260,1360,1543,1175,1488,1313,3933,2852,2127,1533,1451
2025-06-24 14:47:03.359,1356,1601,1275,1488,1327,2117,3167,2112,1526,1440
2025-06-24 14:47:03.459,1366,1705,1407,1445,1344,870,3277,2113,1534,1445
2025-06-24 14:47:03.559,1360,1744,1546,1451,1348,559,3121,2192,1526,1441
2025-06-24 14:47:03.659,1351,1751,1637,1483,1408,839,3024,2384,1534,1449
2025-06-24 14:47:03.759,1372,1703,1643,1531,1446,1005,3206,2416,1534,1459
2025-06-24 14:47:03.858,1399,1663,1685,1352,1568,0,3011,2209,1525,1440
2025-06-24 14:47:03.958,1429,1589,1680,1115,1547,0,2870,2010,1535,1445
2025-06-24 14:47:04.058,1461,1445,1649,931,1586,0,3019,2017,1526,1441
2025-06-24 14:47:04.159,1449,1335,1673,816,1645,0,3312,1589,1534,1443
2025-06-24 14:47:04.254,1435,1263,1759,845,1566,614,3611,687,1515,1426
2025-06-24 14:47:04.354,1478,1223,1865,985,1443,1203,4095,0,1531,1441
2025-06-24 14:47:04.453,1508,1251,1981,1139,1266,1694,3681,0,1521,1441
2025-06-24 14:47:04.553,1531,1357,2270,1235,885,2256,2267,0,1533,1445
2025-06-24 14:47:04.652,1563,1408,2314,1430,560,2833,1235,0,1523,1439
2025-06-24 14:47:04.752,1567,1497,2203,1582,150,3413,688,0,1527,1466
2025-06-24 14:47:04.852,1510,1510,2078,1681,18,3506,658,0,1531,1444
2025-06-24 14:47:04.951,1456,1500,1808,1739,240,3700,955,0,1531,1444
2025-06-24 14:47:05.050,1441,1490,1543,1823,576,4095,1363,0,1523,1439
2025-06-24 14:47:05.150,1439,1543,1287,1840,1023,3101,1517,0,1529,1441
2025-06-24 14:47:05.250,1458,1589,1134,1904,1296,1502,1934,0,1525,1440
2025-06-24 14:47:05.349,1508,1600,941,1889,1552,403,2240,0,1529,1439
2025-06-24 14:47:05.448,1521,1632,802,1913,1744,0,2404,0,1530,1444
2025-06-24 14:47:05.548,1503,1686,775,1925,1862,105,2288,0,1533,1446
2025-06-24 14:47:05.647,1488,1732,759,1953,1904,0,2346,882,1529,1444
2025-06-24 14:47:05.747,1491,1735,682,1993,1888,0,2402,1584,1521,1437
2025-06-24 14:47:05.847,1517,1731,713,1950,1794,0,2581,0,1523,1438
2025-06-24 14:47:05.946,1520,1733,686,1925,1746,0,2756,0,1520,1432
2025-06-24 14:47:06.046,1497,1753,637,1806,1824,0,2850,1615,1522,1441
2025-06-24 14:47:06.146,1498,1812,662,1682,1776,271,2752,3763,1520,1440
2025-06-24 14:47:06.246,1483,1823,768,1622,1631,747,2576,4095,1519,1424
2025-06-24 14:47:06.345,1486,1723,862,1509,1542,958,2435,4095,1519,1430
2025-06-24 14:47:06.445,1486,1638,976,1486,1178,1083,2345,4095,1527,1441
2025-06-24 14:47:06.545,1499,1498,974,1406,870,1165,2215,4095,1521,1438
2025-06-24 14:47:06.644,1509,1456,997,1324,820,1089,2405,4095,1530,1443
2025-06-24 14:47:06.744,1526,1398,1040,1291,910,658,2125,3339,1527,1443
2025-06-24 14:47:06.843,1545,1404,1148,1382,1050,354,1337,2306,1535,1447
2025-06-24 14:47:06.942,1535,1423,1361,1398,1182,816,439,2423,1543,1454
2025-06-24 14:47:07.042,1535,1376,1660,1414,1398,310,0,1712,1531,1445
2025-06-24 14:47:07.142,1557,1344,1937,1370,1652,0,0,1054,1541,1453
2025-06-24 14:47:07.241,1553,1389,1986,1570,1920,0,0,1730,1526,1444
2025-06-24 14:47:07.340,1504,1414,1957,1547,1990,0,0,2613,1529,1442
2025-06-24 14:47:07.439,1523,1465,1936,1499,2018,1039,0,4001,1526,1442
2025-06-24 14:47:07.539,1517,1494,1846,1569,2066,2162,0,4095,1527,1445
2025-06-24 14:47:07.638,1492,1533,1775,1552,2098,2309,0,4095,1522,1441
2025-06-24 14:47:07.738,1489,1569,1768,1467,2128,2862,283,4095,1524,1455
2025-06-24 14:47:07.838,1491,1589,1807,1467,2032,3484,2000,4095,1526,1442
2025-06-24 14:47:07.938,1499,1616,1873,1543,2067,2995,3695,4095,1529,1446
2025-06-24 14:47:08.038,1479,1629,1764,1553,2145,2487,4095,4095,1523,1438
2025-06-24 14:47:08.138,1442,1637,1613,1488,2080,2082,4095,4095,1520,1439
2025-06-24 14:47:08.237,1439,1637,1598,1467,2013,2000,4095,4095,1520,1435
2025-06-24 14:47:08.337,1457,1648,1552,1427,1927,2147,4095,4095,1519,1429
2025-06-24 14:47:08.436,1461,1648,1402,1466,1844,2401,4095,4095,1530,1447
2025-06-24 14:47:08.536,1477,1561,1357,1473,1759,2704,4095,3435,1521,1433
2025-06-24 14:47:08.636,1505,1482,1402,1463,1671,2953,4095,2585,1529,1441
2025-06-24 14:47:08.736,1520,1454,1813,1459,1667,3485,4095,2183,1529,1439
2025-06-24 14:47:08.836,1531,1450,2065,1474,1565,4095,4095,1936,1527,1440
2025-06-24 14:47:08.935,1535,1447,2449,1358,1515,3101,4095,1822,1517,1429
2025-06-24 14:47:09.035,1551,1493,2190,1091,1491,1652,4095,1769,1531,1443
2025-06-24 14:47:09.135,1551,1483,1830,957,1511,812,3909,1896,1531,1442
2025-06-24 14:47:09.235,1552,1408,1701,886,1647,867,3403,2127,1535,1452
2025-06-24 14:47:09.335,1542,1345,1628,970,1618,1392,3213,2251,1534,1444
2025-06-24 14:47:09.435,1522,1313,1471,1085,1535,1517,3046,2263,1523,1440
2025-06-24 14:47:09.535,1509,1337,1230,1153,1497,1155,2781,2143,1530,1445
2025-06-24 14:47:09.634,1509,1399,971,1280,1484,1700,2555,2059,1530,1447
2025-06-24 14:47:09.734,1518,1458,795,1371,1505,2220,2368,1847,1521,1443
2025-06-24 14:47:09.833,1487,1507,758,1482,1547,2512,2175,1776,1507,1410
2025-06-24 14:47:09.933,1495,1552,665,1632,1543,2640,2061,1795,1531,1447
2025-06-24 14:47:10.033,1493,1593,629,1697,1581,2601,1807,1466,1535,1454
2025-06-24 14:47:10.133,1489,1602,701,1792,1641,2578,1630,1284,1534,1446
2025-06-24 14:47:10.233,1490,1635,960,1819,1577,2532,1634,1581,1526,1424
2025-06-24 14:47:10.333,1489,1653,1295,1808,1526,2371,1914,1997,1531,1450
2025-06-24 14:47:10.433,1488,1637,1648,1920,1527,2214,2078,2366,1528,1435
2025-06-24 14:47:10.533,1487,1648,2128,1949,1485,2157,2231,2485,1519,1441
2025-06-24 14:47:10.633,1488,1631,2288,1947,1424,2838,2259,2242,1518,1440
2025-06-24 14:47:10.733,1479,1615,1872,1995,1336,3426,2383,1665,1522,1439
2025-06-24 14:47:10.832,1488,1555,1520,1907,1310,1727,2322,1392,1523,1440
2025-06-24 14:47:10.931,1502,1563,1459,1822,1362,247,1712,1429,1533,1440
2025-06-24 14:47:11.031,1507,1619,1535,1781,1380,0,1243,1606,1523,1438
2025-06-24 14:47:11.131,1516,1646,1613,1747,1410,0,955,1768,1533,1449
2025-06-24 14:47:11.231,1513,1647,1640,1638,1502,590,1071,2024,1533,1443
2025-06-24 14:47:11.331,1520,1555,1693,1521,1535,272,1424,2384,1535,1450
2025-06-24 14:47:11.431,1520,1439,1617,1460,1478,539,1710,2619,1519,1438
2025-06-24 14:47:11.531,1520,1370,1520,1423,1441,1200,1774,2672,1519,1439
2025-06-24 14:47:11.631,1520,1357,1490,1463,1509,1725,1726,2682,1522,1443
2025-06-24 14:47:11.731,1525,1373,1583,1424,1454,2070,1790,2718,1525,1440
2025-06-24 14:47:11.830,1522,1385,1648,1422,1456,2224,1866,2627,1527,1445
2025-06-24 14:47:11.930,1535,1427,1581,1446,1501,2368,2047,2169,1525,1440
2025-06-24 14:47:12.030,1515,1525,1405,1472,1653,2515,2108,1916,1527,1442
2025-06-24 14:47:12.130,1479,1609,1334,1449,1664,2683,2047,2096,1526,1441
2025-06-24 14:47:12.229,1452,1658,1498,1510,1681,2736,1889,2179,1521,1453
2025-06-24 14:47:12.329,1440,1687,1766,1566,1648,2672,1696,2128,1520,1445
2025-06-24 14:47:12.429,1442,1653,1866,1542,1616,2529,1534,2189,1529,1444
2025-06-24 14:47:12.529,1440,1663,1850,1552,1554,3262,1394,2059,1534,1443
2025-06-24 14:47:12.629,1456,1648,1840,1520,1535,2832,1367,1267,1520,1434
2025-06-24 14:47:12.729,1447,1643,1840,1568,1482,1360,1442,733,1534,1447
2025-06-24 14:47:12.828,1437,1571,1806,1529,1457,349,1392,638,1535,1447
2025-06-24 14:47:12.928,1435,1472,1689,1498,1442,3,1406,630,1534,1443
2025-06-24 14:47:13.027,1438,1441,1600,1393,1439,291,1317,830,1525,1439
2025-06-24 14:47:13.127,1455,1457,1611,1439,1392,677,1231,1087,1525,1441
2025-06-24 14:47:13.230,1485,1478,1757,1462,1482,302,1147,1600,1521,1434
2025-06-24 14:47:13.329,1483,1531,2174,1473,1528,329,989,2265,1520,1439
2025-06-24 14:47:13.429,1483,1525,2225,1488,1493,528,980,2595,1525,1438
2025-06-24 14:47:13.529,1474,1463,2053,1471,1463,928,1106,2623,1520,1441
2025-06-24 14:47:13.629,1479,1439,1723,1471,1398,1401,1293,2257,1523,1444
2025-06-24 14:47:13.729,1491,1435,1257,1461,1420,1787,1477,1855,1527,1445
2025-06-24 14:47:13.828,1503,1454,960,1439,1451,2096,1573,1659,1520,1434
2025-06-24 14:47:13.928,1490,1490,994,1501,1555,2419,1360,1550,1525,1437
2025-06-24 14:47:14.028,1520,1505,1127,1571,1651,2789,1185,1351,1526,1425
2025-06-24 14:47:14.128,1514,1564,1226,1516,1687,2987,1054,1196,1531,1447
2025-06-24 14:47:14.229,1488,1611,1248,1489,1682,3014,879,1085,1526,1454
2025-06-24 14:47:14.324,1430,1665,1266,1486,1605,2919,896,1113,1530,1443
2025-06-24 14:47:14.424,1377,1680,1229,1471,1561,3683,1057,1047,1533,1449
2025-06-24 14:47:14.523,1360,1645,1079,1469,1495,2950,1296,606,1527,1442
2025-06-24 14:47:14.623,1375,1630,991,1445,1499,1424,1551,0,1525,1435
2025-06-24 14:47:14.723,1411,1600,944,1326,1498,316,1645,0,1530,1441
2025-06-24 14:47:14.823,1434,1648,946,1146,1488,48,1648,273,1532,1445
2025-06-24 14:47:14.922,1443,1641,1035,1008,1455,401,1639,883,1531,1443
2025-06-24 14:47:15.021,1432,1550,1231,1029,1407,625,1709,1430,1523,1441
2025-06-24 14:47:15.121,1445,1488,1463,1054,1403,119,1744,1757,1527,1446
2025-06-24 14:47:15.221,1452,1471,1663,1119,1552,0,1754,1931,1519,1438
2025-06-24 14:47:15.321,1471,1479,1835,1256,1527,117,1813,2129,1520,1435
2025-06-24 14:47:15.421,1456,1517,1901,1323,1475,641,1798,2079,1514,1431
2025-06-24 14:47:15.521,1491,1558,1876,1483,1487,1283,1741,2030,1525,1441
2025-06-24 14:47:15.621,1505,1499,1839,1627,1505,1773,1461,1919,1521,1436
2025-06-24 14:47:15.720,1508,1430,1761,1737,1559,2112,1408,1749,1520,1439
2025-06-24 14:47:15.820,1490,1377,1713,1740,1599,2550,1305,1566,1521,1440
2025-06-24 14:47:15.919,1509,1377,1725,1792,1728,2880,1009,1327,1532,1447
2025-06-24 14:47:16.018,1507,1390,1706,1775,1691,3097,1165,1133,1531,1451
2025-06-24 14:47:16.118,1506,1442,1711,1831,1653,3179,1329,1103,1529,1438
2025-06-24 14:47:16.218,1513,1514,1626,1872,1627,3062,1488,1219,1535,1452
2025-06-24 14:47:16.318,1514,1568,1583,1900,1631,3359,1750,1384,1531,1450
2025-06-24 14:47:16.418,1510,1625,1519,1973,1633,3190,1879,1022,1533,1446
2025-06-24 14:47:16.518,1495,1659,1435,1808,1595,1794,1904,700,1531,1443
2025-06-24 14:47:16.618,1455,1683,1328,1725,1565,614,1808,622,1542,1453
2025-06-24 14:47:16.717,1408,1680,1419,1637,1434,161,1791,663,1535,1448
2025-06-24 14:47:16.817,1397,1642,1441,1616,1348,347,1838,770,1529,1443
2025-06-24 14:47:16.916,1410,1648,1503,1648,1285,619,1714,913,1520,1437
2025-06-24 14:47:17.015,1439,1639,1450,1603,1361,0,1506,1343,1520,1429
2025-06-24 14:47:17.114,1461,1584,1513,1567,1501,0,1465,1589,1527,1442
2025-06-24 14:47:17.214,1461,1532,1552,1520,1520,0,1307,2033,1520,1435
2025-06-24 14:47:17.314,1451,1491,1585,1473,1453,364,1280,2395,1517,1430
2025-06-24 14:47:17.414,1451,1500,1565,1461,1398,1069,1265,2333,1531,1447
2025-06-24 14:47:17.514,1457,1523,1525,1411,1391,1614,1191,2304,1527,1446
2025-06-24 14:47:17.614,1461,1589,1491,1472,1454,2009,1161,2227,1521,1441
2025-06-24 14:47:17.714,1474,1561,1458,1494,1495,2397,1296,1950,1520,1430
2025-06-24 14:47:17.814,1482,1476,1478,1494,1616,2775,1456,1601,1520,1435
2025-06-24 14:47:17.914,1475,1442,1692,1518,1751,3106,1597,1417,1526,1438
2025-06-24 14:47:18.014,1487,1429,1767,1519,1778,3254,1831,1422,1524,1441
2025-06-24 14:47:18.113,1476,1435,1695,1504,1689,3309,1879,1607,1522,1437
2025-06-24 14:47:18.213,1477,1469,1600,1525,1665,3292,1923,1740,1531,1442
2025-06-24 14:47:18.313,1483,1545,1475,1520,1566,3839,1891,1409,1520,1435
2025-06-24 14:47:18.413,1489,1570,1405,1546,1590,2544,1954,821,1524,1441
2025-06-24 14:47:18.512,1491,1601,1357,1518,1564,1164,2058,478,1535,1453
2025-06-24 14:47:18.612,1505,1606,1251,1488,1472,301,1936,331,1535,1444
2025-06-24 14:47:18.711,1515,1654,1137,1514,1399,215,1904,547,1543,1454
2025-06-24 14:47:18.811,1499,1660,1178,1519,1374,541,1674,1041,1529,1442
2025-06-24 14:47:18.910,1441,1646,1299,1488,1354,293,1514,1456,1517,1429
2025-06-24 14:47:19.009,1386,1609,1456,1431,1341,0,1327,1858,1522,1438
2025-06-24 14:47:19.108,1365,1619,1571,1481,1427,0,1171,2350,1542,1447
2025-06-24 14:47:19.208,1377,1584,1639,1459,1472,16,1237,2640,1534,1447
2025-06-24 14:47:19.307,1408,1542,1661,1441,1363,583,1248,2479,1524,1439
2025-06-24 14:47:19.406,1438,1486,1678,1456,1383,1223,1322,2158,1520,1440
2025-06-24 14:47:19.505,1460,1451,1583,1484,1446,1697,1395,1919,1520,1439
2025-06-24 14:47:19.604,1453,1454,1408,1457,1460,2192,1371,1603,1534,1445
2025-06-24 14:47:19.704,1434,1488,1361,1463,1504,2672,1547,1313,1534,1449
2025-06-24 14:47:19.804,1434,1563,1334,1503,1697,3068,1602,1242,1533,1447
2025-06-24 14:47:19.904,1468,1517,1354,1550,1754,3329,1569,1434,1541,1453
2025-06-24 14:47:20.003,1473,1416,1409,1535,1759,3395,1584,1617,1533,1450
2025-06-24 14:47:20.102,1488,1357,1469,1517,1721,3338,1694,1709,1530,1442
2025-06-24 14:47:20.202,1495,1362,1597,1535,1693,3290,1726,1327,1534,1450
2025-06-24 14:47:20.302,1491,1413,1648,1492,1629,3141,1606,911,1527,1444
2025-06-24 14:47:20.402,1505,1455,1697,1506,1594,1931,1498,565,1525,1440
2025-06-24 14:47:20.501,1498,1506,1683,1518,1446,791,1334,293,1527,1440
2025-06-24 14:47:20.600,1503,1555,1648,1478,1365,283,1242,415,1523,1438
2025-06-24 14:47:20.700,1488,1619,1607,1552,1328,373,1168,815,1532,1441
2025-06-24 14:47:20.800,1489,1707,1603,1598,1274,671,1078,1357,1520,1435
2025-06-24 14:47:20.900,1481,1695,1634,1531,1269,0,1043,1846,1509,1424
2025-06-24 14:47:20.999,1520,1661,1553,1504,1385,0,1202,2341,1519,1430
2025-06-24 14:47:21.100,1529,1669,1494,1456,1471,0,1431,2655,1531,1447
2025-06-24 14:47:21.200,1520,1634,1514,1495,1442,123,1603,2716,1522,1439
2025-06-24 14:47:21.300,1497,1644,1468,1557,1415,763,1731,2512,1521,1435
2025-06-24 14:47:21.399,1481,1603,1403,1583,1424,1342,1817,2165,1519,1427
2025-06-24 14:47:21.498,1470,1553,1313,1472,1445,1868,1802,1760,1532,1442
2025-06-24 14:47:21.598,1475,1488,1190,1266,1443,2448,1733,1425,1530,1443
2025-06-24 14:47:21.698,1490,1496,1111,1088,1503,2911,1729,1488,1535,1452
2025-06-24 14:47:21.798,1495,1503,994,983,1695,3305,1726,1664,1527,1443
2025-06-24 14:47:21.898,1474,1546,919,959,1744,3550,1668,1674,1519,1437
2025-06-24 14:47:21.997,1456,1573,955,1021,1681,3605,1651,1530,1526,1439
2025-06-24 14:47:22.097,1394,1491,1178,1072,1664,3215,1636,666,1527,1443
2025-06-24 14:47:22.197,1366,1407,1467,1210,1638,3250,1363,203,1527,1439
2025-06-24 14:47:22.297,1396,1380,1872,1422,1591,2853,1221,119,1525,1442
2025-06-24 14:47:22.397,1430,1399,2182,1488,1574,1639,1125,192,1535,1454
2025-06-24 14:47:22.496,1455,1441,2260,1600,1545,619,1014,567,1530,1443
2025-06-24 14:47:22.596,1424,1464,2167,1639,1470,260,970,967,1535,1451
2025-06-24 14:47:22.696,1405,1551,2028,1731,1346,435,939,1477,1541,1450
2025-06-24 14:47:22.796,1413,1616,1883,1806,1334,451,1154,2067,1535,1450
2025-06-24 14:47:22.896,1442,1663,1744,1855,1367,0,1361,2822,1522,1440
2025-06-24 14:47:22.995,1487,1634,1642,1897,1449,0,1586,3066,1521,1425
2025-06-24 14:47:23.095,1519,1638,1520,1952,1475,0,1749,2866,1521,1438
2025-06-24 14:47:23.195,1563,1655,1508,1949,1392,208,1810,2479,1518,1431
2025-06-24 14:47:23.299,1571,1647,1749,1802,1296,848,1947,2016,1526,1440
2025-06-24 14:47:23.399,1591,1648,1890,1776,1417,1439,2046,1526,1520,1436
2025-06-24 14:47:23.498,1581,1635,1825,1766,1511,2054,1935,1433,1525,1447
2025-06-24 14:47:23.597,1555,1583,1733,1686,1518,2669,1735,1557,1526,1438
2025-06-24 14:47:23.696,1533,1492,1579,1691,1552,3230,1734,1600,1526,1445
2025-06-24 14:47:23.795,1520,1462,1378,1615,1643,3792,1345,1723,1526,1443
2025-06-24 14:47:23.894,1505,1444,1123,1556,1617,4095,1200,1361,1529,1445
2025-06-24 14:47:23.994,1493,1461,896,1497,1630,3946,1001,1012,1530,1447
2025-06-24 14:47:24.094,1488,1533,914,1481,1654,3311,960,1031,1535,1441
2025-06-24 14:47:24.194,1478,1507,1022,1431,1631,3312,784,1133,1533,1447
2025-06-24 14:47:24.295,1490,1409,1102,1451,1552,2576,784,1249,1525,1442
2025-06-24 14:47:24.390,1494,1351,1197,1454,1519,1339,1008,1360,1520,1433
2025-06-24 14:47:24.490,1491,1350,1185,1488,1551,501,1411,1522,1520,1427
2025-06-24 14:47:24.590,1455,1389,1105,1483,1431,343,1821,1764,1523,1439
2025-06-24 14:47:24.690,1413,1435,1003,1503,1391,554,2033,2075,1529,1446
2025-06-24 14:47:24.789,1415,1482,990,1509,1423,128,2075,2402,1533,1450
2025-06-24 14:47:24.889,1435,1527,1051,1584,1455,0,2063,2384,1523,1440
2025-06-24 14:47:24.988,1447,1595,1163,1558,1515,0,1933,2159,1527,1443
2025-06-24 14:47:25.087,1454,1665,1296,1521,1491,0,1916,1586,1519,1443
2025-06-24 14:47:25.187,1468,1728,1446,1509,1413,183,1690,1159,1524,1439
2025-06-24 14:47:25.287,1486,1734,1549,1445,1355,839,1680,969,1525,1442
2025-06-24 14:47:25.386,1509,1785,1629,1454,1402,1534,1436,1167,1523,1443
2025-06-24 14:47:25.486,1520,1723,1662,1457,1475,2249,1216,1483,1533,1451
2025-06-24 14:47:25.586,1541,1681,1638,1494,1457,2925,1002,1741,1527,1442
2025-06-24 14:47:25.686,1552,1639,1646,1422,1583,3643,848,1598,1534,1446
2025-06-24 14:47:25.786,1559,1575,1579,1451,1650,4095,883,1285,1519,1435
2025-06-24 14:47:25.886,1561,1456,1540,1451,1669,4095,1040,1200,1520,1433
2025-06-24 14:47:25.986,1530,1443,1610,1434,1645,3968,1289,1233,1522,1441
2025-06-24 14:47:26.085,1510,1445,1638,1478,1619,3264,1485,1293,1521,1439
2025-06-24 14:47:26.185,1493,1473,1667,1483,1574,3140,1568,1458,1533,1443
2025-06-24 14:47:26.285,1479,1514,1616,1568,1587,2242,1777,1486,1526,1442
2025-06-24 14:47:26.385,1438,1456,1478,1594,1522,1066,1864,1552,1520,1433
2025-06-24 14:47:26.485,1455,1403,1443,1597,1472,406,1917,1747,1534,1450
2025-06-24 14:47:26.584,1454,1396,1389,1602,1469,336,1822,1840,1535,1446
2025-06-24 14:47:26.684,1451,1393,1305,1559,1395,560,1705,2075,1533,1451
2025-06-24 14:47:26.783,1459,1400,1165,1546,1351,0,1479,2105,1527,1447
2025-06-24 14:47:26.882,1462,1439,1048,1520,1395,0,1469,1805,1527,1443
2025-06-24 14:47:26.982,1456,1478,959,1469,1490,0,1442,1456,1527,1443
2025-06-24 14:47:27.082,1406,1552,943,1470,1507,0,1407,1103,1523,1441
2025-06-24 14:47:27.182,1408,1618,960,1509,1460,457,1393,1122,1532,1427
2025-06-24 14:47:27.282,1437,1655,1141,1511,1413,1194,1299,1285,1533,1448
2025-06-24 14:47:27.381,1464,1661,1406,1552,1406,1895,1270,1501,1527,1442
2025-06-24 14:47:27.480,1491,1673,1781,1514,1429,2513,1281,1633,1520,1437
2025-06-24 14:47:27.579,1514,1670,1991,1456,1444,3118,1241,1258,1523,1440
2025-06-24 14:47:27.679,1542,1644,1983,1462,1588,3810,1263,1066,1521,1442
2025-06-24 14:47:27.778,1543,1661,1872,1485,1694,4095,1488,1077,1520,1434
2025-06-24 14:47:27.878,1546,1580,1759,1519,1615,4095,1634,1178,1520,1442
2025-06-24 14:47:27.978,1533,1515,1648,1509,1557,3728,1735,1194,1520,1437
2025-06-24 14:47:28.077,1522,1459,1547,1523,1586,3261,1857,1127,1523,1439
2025-06-24 14:47:28.177,1529,1443,1552,1518,1524,2976,1911,1237,1521,1438
2025-06-24 14:47:28.277,1518,1411,1618,1550,1578,1904,1809,1296,1526,1436
2025-06-24 14:47:28.376,1504,1533,1615,1472,1555,837,1730,1472,1543,1453
2025-06-24 14:47:28.476,1490,1524,1505,1475,1535,350,1606,1825,1535,1447
2025-06-24 14:47:28.575,1481,1472,1361,1499,1452,453,1494,2098,1535,1447
2025-06-24 14:47:28.675,1510,1422,1214,1520,1374,624,1339,2307,1535,1452
2025-06-24 14:47:28.774,1463,1373,1136,1520,1370,0,1115,2065,1531,1443
2025-06-24 14:47:28.874,1451,1389,1074,1488,1392,0,979,1705,1531,1453
2025-06-24 14:47:28.973,1447,1427,976,1521,1520,0,912,1281,1521,1435
2025-06-24 14:47:29.073,1442,1476,978,1554,1494,0,851,1191,1527,1445
2025-06-24 14:47:29.173,1455,1530,1108,1547,1487,592,944,1279,1525,1445
2025-06-24 14:47:29.272,1466,1586,1278,1546,1517,1291,1219,1377,1520,1435
2025-06-24 14:47:29.372,1469,1648,1392,1520,1486,1988,1501,1013,1525,1441
2025-06-24 14:47:29.472,1418,1692,1478,1520,1486,2675,1757,389,1529,1445
2025-06-24 14:47:29.571,1407,1698,1516,1463,1489,3355,1872,364,1526,1456
2025-06-24 14:47:29.670,1423,1662,1568,1467,1609,3974,1945,557,1523,1441
2025-06-24 14:47:29.769,1445,1648,1549,1557,1631,4095,2019,769,1527,1456
2025-06-24 14:47:29.869,1461,1615,1424,1488,1615,4095,2131,1008,1522,1447
2025-06-24 14:47:29.968,1478,1620,1441,1499,1577,3634,2031,1173,1520,1433
2025-06-24 14:47:30.067,1499,1569,1457,1506,1606,3413,1875,1307,1525,1442
2025-06-24 14:47:30.167,1515,1488,1520,1431,1610,2732,1741,1507,1525,1440
2025-06-24 14:47:30.267,1526,1441,1515,1476,1584,1582,1509,1753,1522,1440
2025-06-24 14:47:30.366,1534,1466,1602,1584,1506,679,1318,1990,1535,1441
2025-06-24 14:47:30.466,1535,1505,1673,1552,1452,413,1181,2242,1522,1445
2025-06-24 14:47:30.566,1545,1552,1670,1517,1426,585,1003,2361,1523,1432
2025-06-24 14:47:30.666,1543,1521,1660,1473,1424,437,902,2102,1527,1441
2025-06-24 14:47:30.766,1534,1460,1634,1488,1403,0,960,1663,1543,1450
2025-06-24 14:47:30.866,1511,1444,1588,1493,1424,0,1040,1261,1542,1450
2025-06-24 14:47:30.965,1494,1421,1545,1499,1499,0,1179,1131,1523,1442
2025-06-24 14:47:31.064,1471,1430,1409,1511,1520,39,1431,1223,1524,1440
2025-06-24 14:47:31.164,1447,1419,1363,1488,1490,765,1603,1313,1531,1448
2025-06-24 14:47:31.264,1439,1486,1381,1460,1489,1495,1699,1047,1526,1444
2025-06-24 14:47:31.364,1429,1545,1408,1557,1441,2284,1723,834,1520,1442
2025-06-24 14:47:31.463,1435,1600,1465,1535,1455,2977,1807,967,1520,1437
2025-06-24 14:47:31.563,1435,1662,1360,1498,1501,3675,1846,1152,1542,1454
2025-06-24 14:47:31.663,1443,1699,1290,1482,1570,4095,1869,1339,1535,1453
2025-06-24 14:47:31.762,1405,1694,1378,1478,1611,4095,1789,1453,1525,1447
2025-06-24 14:47:31.861,1399,1674,1489,1556,1642,4095,1712,1535,1521,1440
2025-06-24 14:47:31.961,1399,1641,1962,1502,1626,3478,1488,1506,1520,1437
2025-06-24 14:47:32.060,1447,1615,2814,1511,1589,3228,1313,1527,1532,1446
2025-06-24 14:47:32.160,1482,1610,2519,1508,1585,2181,1106,1666,1529,1450
2025-06-24 14:47:32.260,1499,1552,1837,1517,1590,1023,1009,1840,1530,1442
2025-06-24 14:47:32.359,1511,1474,1498,1554,1526,426,998,2031,1522,1436
2025-06-24 14:47:32.459,1530,1443,1697,1547,1446,419,991,2047,1520,1434
2025-06-24 14:47:32.558,1523,1457,2104,1504,1426,658,1152,1810,1522,1438
2025-06-24 14:47:32.658,1523,1505,2151,1534,1447,0,1535,1414,1525,1432
2025-06-24 14:47:32.758,1521,1525,1898,1472,1374,0,1762,1183,1533,1441
2025-06-24 14:47:32.858,1519,1473,1555,1443,1311,0,1954,1151,1523,1435
2025-06-24 14:47:32.957,1511,1402,1253,1473,1437,0,2102,1326,1523,1438
2025-06-24 14:47:33.057,1509,1378,995,1502,1474,197,2222,1450,1526,1440
2025-06-24 14:47:33.157,1504,1393,886,1521,1408,961,2294,1113,1520,1439
2025-06-24 14:47:33.257,1475,1434,855,1482,1476,1778,2323,879,1525,1445
2025-06-24 14:47:33.360,1456,1498,864,1483,1522,2543,2097,949,1521,1438
2025-06-24 14:47:33.459,1431,1520,923,1566,1502,3248,1904,1141,1522,1440
2025-06-24 14:47:33.558,1421,1582,1007,1488,1505,4095,1655,1296,1523,1437
2025-06-24 14:47:33.658,1419,1651,1158,1533,1590,4095,1300,1425,1542,1451
2025-06-24 14:47:33.758,1426,1682,1200,1563,1656,4095,1090,1426,1530,1447
2025-06-24 14:47:33.858,1443,1692,1282,1527,1639,4083,866,1484,1519,1438
2025-06-24 14:47:33.957,1430,1698,1382,1535,1650,3839,784,1680,1534,1445
2025-06-24 14:47:34.056,1409,1675,1481,1558,1632,2973,880,1894,1527,1442
2025-06-24 14:47:34.156,1407,1659,1535,1498,1589,1685,1093,2149,1524,1436
2025-06-24 14:47:34.256,1438,1633,1636,1524,1568,721,1346,2319,1521,1436
2025-06-24 14:47:34.357,1461,1567,1733,1494,1531,417,1674,2332,1520,1431
2025-06-24 14:47:34.452,1482,1481,1801,1481,1422,580,1951,1936,1533,1445
2025-06-24 14:47:34.552,1493,1456,1812,1527,1374,465,2096,1360,1522,1437
2025-06-24 14:47:34.651,1502,1456,1785,1449,1377,0,2160,910,1522,1434
2025-06-24 14:47:34.751,1510,1453,1744,1471,1378,0,2196,683,1523,1437
2025-06-24 14:47:34.851,1556,1530,1662,1495,1379,0,2141,633,1526,1438
2025-06-24 14:47:34.950,1521,1525,1620,1543,1488,0,1939,882,1535,1451
2025-06-24 14:47:35.049,1522,1474,1702,1565,1434,576,1661,960,1549,1451
2025-06-24 14:47:35.149,1522,1433,1863,1562,1397,1442,1354,951,1533,1447
2025-06-24 14:47:35.249,1526,1453,1795,1516,1394,2250,1159,1226,1529,1445
2025-06-24 14:47:35.349,1543,1472,1629,1425,1397,3039,880,1586,1522,1437
2025-06-24 14:47:35.449,1488,1479,1474,1466,1453,3970,801,1758,1523,1438
2025-06-24 14:47:35.548,1483,1488,1381,1532,1506,4095,707,1885,1520,1445
2025-06-24 14:47:35.647,1452,1520,1307,1497,1584,4095,784,1841,1523,1439
2025-06-24 14:47:35.746,1431,1545,1212,1527,1666,4095,879,1840,1527,1442
2025-06-24 14:47:35.846,1429,1584,1136,1513,1680,3959,1136,1817,1531,1446
2025-06-24 14:47:35.946,1440,1619,1247,1493,1639,3389,1471,1898,1520,1430
2025-06-24 14:47:36.046,1453,1648,1392,1489,1639,2142,1803,2032,1520,1438
2025-06-24 14:47:36.145,1459,1671,1563,1567,1564,1021,1939,2320,1543,1454
2025-06-24 14:47:36.245,1438,1629,1639,1583,1520,535,2019,2511,1545,1454
2025-06-24 14:47:36.345,1408,1609,1712,1587,1506,574,2192,2257,1521,1439
2025-06-24 14:47:36.445,1424,1603,1729,1542,1473,740,2192,1786,1523,1439
2025-06-24 14:47:36.544,1441,1550,1558,1488,1418,0,2080,1388,1535,1447
2025-06-24 14:47:36.643,1463,1483,1412,1443,1410,0,1877,1213,1530,1445
2025-06-24 14:47:36.743,1477,1441,1391,1527,1412,0,1743,1163,1535,1446
2025-06-24 14:47:36.843,1488,1454,1407,1570,1369,0,1395,1243,1531,1442
2025-06-24 14:47:36.943,1494,1474,1474,1563,1507,284,1151,1014,1534,1442
2025-06-24 14:47:37.043,1507,1571,1595,1523,1531,986,990,592,1523,1441
2025-06-24 14:47:37.142,1511,1526,1712,1504,1482,1821,849,592,1520,1437
2025-06-24 14:47:37.242,1523,1453,1777,1439,1459,2637,867,885,1517,1429
2025-06-24 14:47:37.342,1547,1419,1792,1442,1488,3472,1088,1152,1507,1424
2025-06-24 14:47:37.442,1535,1408,1761,1476,1498,4095,1286,1328,1521,1436
2025-06-24 14:47:37.541,1507,1417,1671,1488,1476,4095,1498,1419,1518,1433
2025-06-24 14:47:37.641,1534,1487,1594,1527,1615,4095,1781,1584,1542,1453
2025-06-24 14:47:37.741,1520,1520,1466,1518,1651,4095,1906,1607,1535,1447
2025-06-24 14:47:37.840,1491,1595,1438,1498,1646,3803,1959,1771,1529,1443
2025-06-24 14:47:37.940,1469,1649,1431,1475,1600,2485,1983,1927,1533,1447
2025-06-24 14:47:38.039,1459,1678,1506,1493,1571,1214,1968,2098,1542,1449
2025-06-24 14:47:38.139,1456,1691,1505,1475,1510,571,1749,2303,1543,1451
2025-06-24 14:47:38.239,1472,1664,1456,1578,1523,524,1702,2353,1522,1437
2025-06-24 14:47:38.339,1477,1648,1403,1560,1587,727,1675,2215,1529,1440
2025-06-24 14:47:38.439,1468,1611,1395,1503,1485,22,1403,1758,1526,1442
2025-06-24 14:47:38.538,1421,1601,1347,1431,1443,0,1104,1345,1521,1431
2025-06-24 14:47:38.637,1422,1559,1342,1339,1402,0,952,1287,1519,1430
2025-06-24 14:47:38.737,1454,1506,1249,1377,1399,0,832,1388,1521,1426
2025-06-24 14:47:38.836,1472,1487,1101,1453,1439,181,789,1463,1543,1455
2025-06-24 14:47:38.935,1495,1457,1131,1552,1573,954,847,1078,1531,1445
2025-06-24 14:47:39.034,1508,1461,1280,1550,1511,1683,1072,935,1529,1440
2025-06-24 14:47:39.133,1516,1485,1392,1545,1440,2475,1267,995,1523,1435
2025-06-24 14:47:39.233,1517,1503,1614,1654,1386,3281,1507,1200,1526,1436
2025-06-24 14:47:39.333,1519,1438,1862,1635,1392,4095,1793,1306,1525,1441
2025-06-24 14:47:39.433,1520,1382,1957,1586,1455,4095,1980,1374,1521,1434
2025-06-24 14:47:39.533,1525,1374,2014,1548,1488,4095,2138,1424,1520,1434
2025-06-24 14:47:39.632,1503,1398,1905,1503,1620,4095,2045,1343,1522,1440
2025-06-24 14:47:39.731,1498,1450,1804,1520,1680,4095,1934,1386,1529,1447
2025-06-24 14:47:39.831,1502,1470,1779,1490,1715,2715,1804,1438,1525,1440
2025-06-24 14:47:39.931,1498,1525,1726,1481,1646,1399,1729,1623,1535,1456
2025-06-24 14:47:40.031,1455,1602,1599,1523,1591,612,1469,1790,1531,1443
2025-06-24 14:47:40.130,1440,1635,1472,1552,1600,531,1293,2096,1522,1438
2025-06-24 14:47:40.229,1426,1683,1461,1549,1566,711,1150,2011,1528,1445
2025-06-24 14:47:40.329,1397,1718,1435,1447,1503,298,1010,1653,1534,1446
2025-06-24 14:47:40.428,1408,1709,1375,1435,1534,0,995,1163,1535,1450
2025-06-24 14:47:40.527,1417,1673,1331,1473,1520,0,977,808,1521,1431
2025-06-24 14:47:40.627,1430,1653,1280,1531,1350,0,945,880,1517,1427
2025-06-24 14:47:40.727,1402,1627,1339,1520,1345,0,1200,1168,1521,1434
2025-06-24 14:47:40.826,1407,1582,1493,1503,1429,662,1618,1359,1521,1446
2025-06-24 14:47:40.926,1421,1503,1535,1519,1510,1501,1849,816,1527,1443
2025-06-24 14:47:41.025,1438,1466,1530,1456,1455,2298,2058,673,1527,1437
2025-06-24 14:47:41.124,1464,1484,1525,1491,1439,3088,2134,763,1520,1438
2025-06-24 14:47:41.223,1487,1525,1597,1507,1440,4095,2207,960,1527,1449
2025-06-24 14:47:41.322,1489,1594,1627,1543,1444,4095,2129,1169,1531,1445
2025-06-24 14:47:41.422,1494,1503,1567,1544,1486,4095,2006,1281,1525,1437
2025-06-24 14:47:41.522,1507,1445,1502,1565,1489,4095,1859,1418,1529,1441
2025-06-24 14:47:41.621,1521,1398,1479,1490,1583,4095,1759,1653,1526,1439
2025-06-24 14:47:41.720,1521,1393,1438,1499,1668,2800,1454,2031,1531,1445
2025-06-24 14:47:41.820,1521,1360,1328,1504,1702,1488,1239,2288,1527,1439
2025-06-24 14:47:41.920,1521,1382,1358,1520,1638,630,976,2461,1526,1439
2025-06-24 14:47:42.020,1519,1438,1616,1508,1545,436,766,3014,1527,1443
2025-06-24 14:47:42.119,1521,1472,1855,1506,1467,625,748,3280,1525,1438
2025-06-24 14:47:42.219,1505,1531,1827,1519,1456,427,819,2824,1523,1435
2025-06-24 14:47:42.319,1474,1613,1647,1520,1490,0,993,2119,1530,1444
2025-06-24 14:47:42.418,1447,1645,1471,1520,1478,0,1312,1507,1535,1449
2025-06-24 14:47:42.517,1448,1641,1366,1490,1417,0,1712,1155,1525,1426
2025-06-24 14:47:42.617,1456,1667,1265,1468,1412,0,1963,1088,1521,1437
2025-06-24 14:47:42.717,1470,1631,1156,1462,1378,669,2219,1102,1520,1431
2025-06-24 14:47:42.816,1439,1672,1066,1422,1360,1510,2223,810,1535,1455
2025-06-24 14:47:42.916,1354,1655,1126,1461,1473,2297,2279,166,1530,1442
2025-06-24 14:47:43.016,1221,1589,1259,1522,1463,3010,2162,75,1520,1436
2025-06-24 14:47:43.116,1201,1535,1411,1472,1430,3895,1973,497,1527,1442
2025-06-24 14:47:43.216,1175,1520,1518,1493,1415,4095,1792,853,1531,1449
2025-06-24 14:47:43.316,1185,1515,1622,1525,1472,4095,1727,917,1535,1450
2025-06-24 14:47:43.420,1230,1545,1679,1501,1501,4095,1386,1043,1526,1457
2025-06-24 14:47:43.519,1286,1600,1520,1501,1531,4095,1174,1302,1529,1445
2025-06-24 14:47:43.618,1313,1545,1447,1558,1634,2925,938,1555,1521,1441
2025-06-24 14:47:43.717,1349,1456,1392,1585,1659,1558,774,1819,1525,1439
2025-06-24 14:47:43.816,1349,1424,1372,1570,1636,652,720,2140,1521,1438
2025-06-24 14:47:43.916,1357,1391,1381,1514,1610,461,825,2581,1531,1447
2025-06-24 14:47:44.015,1363,1390,1472,1520,1575,613,1101,2794,1530,1443
2025-06-24 14:47:44.115,1372,1407,1565,1598,1533,507,1335,2635,1531,1446
2025-06-24 14:47:44.215,1370,1475,1658,1551,1575,0,1671,2096,1535,1453
2025-06-24 14:47:44.315,1359,1543,1721,1570,1580,0,1962,1488,1526,1442
2025-06-24 14:47:44.416,1371,1598,1711,1517,1470,0,2081,1166,1520,1436
2025-06-24 14:47:44.511,1360,1631,1631,1488,1479,0,2193,1054,1527,1441
2025-06-24 14:47:44.611,1349,1699,1567,1520,1457,662,2143,1069,1532,1451
2025-06-24 14:47:44.710,1339,1748,1503,1472,1438,1473,1905,997,1535,1453
2025-06-24 14:47:44.810,1346,1743,1430,1488,1429,2272,1698,557,1534,1451
2025-06-24 14:47:44.910,1351,1673,1440,1456,1513,2983,1541,597,1526,1441
2025-06-24 14:47:45.010,1388,1630,1413,1490,1442,3856,1251,979,1525,1440
2025-06-24 14:47:45.109,1408,1604,1458,1590,1354,4095,1185,1307,1520,1440
2025-06-24 14:47:45.208,1419,1535,1550,1686,1391,4095,1089,1635,1519,1431
2025-06-24 14:47:45.307,1451,1488,1511,1653,1456,4095,990,1827,1521,1439
2025-06-24 14:47:45.407,1457,1455,1456,1648,1520,3985,911,1903,1522,1450
2025-06-24 14:47:45.506,1492,1455,1456,1619,1523,2928,976,1892,1527,1441
2025-06-24 14:47:45.606,1549,1485,1417,1655,1633,1616,1177,1819,1523,1446
2025-06-24 14:47:45.705,1591,1547,1283,1612,1649,621,1410,1792,1521,1435
2025-06-24 14:47:45.805,1595,1492,1105,1447,1616,405,1615,1755,1520,1431
2025-06-24 14:47:45.905,1635,1428,1001,1271,1663,569,1811,1777,1528,1440
2025-06-24 14:47:46.005,1643,1363,1078,1161,1657,464,1927,1762,1525,1440
2025-06-24 14:47:46.104,1648,1363,1295,1109,1543,0,2126,1471,1524,1443
2025-06-24 14:47:46.204,1653,1401,1611,1075,1519,0,2221,1125,1520,1424
2025-06-24 14:47:46.304,1653,1446,1862,974,1503,0,2139,969,1529,1447
2025-06-24 14:47:46.404,1654,1493,1951,957,1492,16,1839,1045,1526,1444
2025-06-24 14:47:46.504,1659,1600,1935,1009,1435,733,1701,1232,1534,1447
2025-06-24 14:47:46.604,1669,1655,1851,1134,1410,1513,1623,1442,1531,1455
2025-06-24 14:47:46.704,1622,1674,1712,1196,1383,2239,1425,1150,1531,1447
2025-06-24 14:47:46.804,1578,1708,1650,1267,1443,2941,1329,1093,1520,1440
2025-06-24 14:47:46.903,1534,1699,1616,1360,1557,3741,1237,1259,1518,1435
2025-06-24 14:47:47.003,1557,1664,1529,1599,1423,4095,1217,1429,1524,1442
2025-06-24 14:47:47.102,1579,1635,1421,1989,1293,4095,1199,1483,1520,1437
2025-06-24 14:47:47.201,1614,1619,1402,2170,1361,4095,1234,1399,1521,1437
2025-06-24 14:47:47.300,1639,1608,1331,2175,1456,4095,1294,1390,1529,1439
2025-06-24 14:47:47.400,1642,1534,1203,2128,1459,3101,1461,1328,1534,1445
2025-06-24 14:47:47.499,1627,1473,1263,2047,1482,1723,1680,1408,1527,1443
2025-06-24 14:47:47.599,1632,1455,1331,1994,1587,747,1775,1504,1529,1444
2025-06-24 14:47:47.699,1638,1454,1362,1930,1632,428,1854,1637,1531,1443
2025-06-24 14:47:47.799,1648,1503,1338,1809,1648,576,1973,1805,1523,1437
2025-06-24 14:47:47.899,1653,1510,1313,1671,1600,475,1901,2014,1523,1439
2025-06-24 14:47:47.999,1651,1424,1328,1504,1525,0,1767,1970,1535,1445
2025-06-24 14:47:48.098,1631,1360,1431,1473,1593,0,1649,1584,1530,1445
2025-06-24 14:47:48.197,1617,1360,1563,1393,1584,0,1573,1212,1530,1446
2025-06-24 14:47:48.296,1619,1361,1802,1374,1562,153,1356,1151,1531,1443
2025-06-24 14:47:48.396,1623,1437,1915,1341,1577,816,1296,1135,1533,1449
2025-06-24 14:47:48.495,1630,1482,1853,1349,1499,1487,1127,1082,1527,1440
2025-06-24 14:47:48.594,1603,1525,1719,1375,1392,2153,1104,960,1513,1421
2025-06-24 14:47:48.694,1626,1600,1628,1402,1412,2864,1215,739,1523,1436
2025-06-24 14:47:48.794,1615,1669,1619,1408,1431,3557,1142,868,1533,1445
2025-06-24 14:47:48.893,1582,1708,1589,1365,1520,4070,1147,1261,1532,1447
2025-06-24 14:47:48.993,1531,1712,1441,1355,1489,4095,1247,1719,1519,1435
2025-06-24 14:47:49.092,1509,1727,1533,1392,1363,3483,1506,2019,1523,1441
2025-06-24 14:47:49.191,1481,1707,1721,1410,1391,3634,1744,2246,1524,1440
2025-06-24 14:47:49.291,1478,1652,1767,1447,1452,2693,1761,2395,1522,1440
2025-06-24 14:47:49.391,1475,1609,1610,1483,1481,1337,1895,2413,1526,1438
2025-06-24 14:47:49.491,1481,1571,1456,1483,1491,445,2021,2427,1525,1442
2025-06-24 14:47:49.591,1474,1510,1348,1547,1555,287,1874,2304,1525,1440
2025-06-24 14:47:49.691,1445,1467,1315,1526,1609,505,1677,2275,1531,1442
2025-06-24 14:47:49.791,1429,1450,1185,1501,1631,397,1552,2346,1531,1447
2025-06-24 14:47:49.890,1424,1478,1057,1510,1629,0,1411,2274,1530,1447
2025-06-24 14:47:49.990,1431,1544,1104,1470,1578,0,1122,1901,1535,1434
2025-06-24 14:47:50.090,1446,1542,1287,1307,1547,0,1123,1377,1530,1443
2025-06-24 14:47:50.189,1456,1443,1392,1147,1558,363,932,1127,1531,1443
2025-06-24 14:47:50.288,1483,1393,1502,1002,1585,1094,849,931,1523,1439
2025-06-24 14:47:50.388,1473,1392,1604,1002,1566,1737,929,941,1525,1446
2025-06-24 14:47:50.488,1503,1394,1603,1071,1473,2307,993,1088,1525,1426
2025-06-24 14:47:50.587,1488,1486,1462,1134,1419,2866,1168,698,1522,1437
2025-06-24 14:47:50.687,1486,1519,1430,1255,1371,3390,1424,503,1526,1442
2025-06-24 14:47:50.787,1485,1563,1388,1419,1337,3810,1705,763,1520,1451
2025-06-24 14:47:50.887,1486,1616,1424,1520,1472,3716,1926,1106,1533,1452
2025-06-24 14:47:50.987,1491,1667,1515,1584,1514,3283,2167,1407,1519,1442
2025-06-24 14:47:51.086,1490,1714,1562,1697,1375,3501,2354,1518,1515,1428
2025-06-24 14:47:51.186,1485,1681,1706,1728,1321,2379,2282,1699,1520,1435
2025-06-24 14:47:51.285,1481,1719,1776,1821,1349,1057,2046,1872,1535,1445
2025-06-24 14:47:51.385,1473,1680,1765,1850,1495,293,1893,2066,1527,1442
2025-06-24 14:47:51.485,1459,1647,1760,1852,1562,241,1719,2333,1531,1444
2025-06-24 14:47:51.584,1468,1629,1696,1933,1623,502,1309,2469,1527,1446
2025-06-24 14:47:51.684,1472,1596,1634,2103,1682,395,1095,2644,1534,1447
2025-06-24 14:47:51.784,1473,1550,1547,2223,1616,0,972,2861,1525,1439
2025-06-24 14:47:51.884,1477,1472,1455,2213,1612,0,848,2727,1533,1445
2025-06-24 14:47:51.984,1460,1424,1414,2035,1642,0,816,2386,1529,1438
2025-06-24 14:47:52.083,1449,1443,1456,1895,1631,496,917,1840,1527,1445
2025-06-24 14:47:52.182,1437,1510,1524,1749,1600,1134,1046,1510,1521,1440
2025-06-24 14:47:52.282,1437,1472,1545,1590,1573,1751,1242,1253,1526,1446
2025-06-24 14:47:52.382,1443,1406,1492,1456,1598,2362,1610,1207,1521,1436
2025-06-24 14:47:52.482,1439,1359,1464,1411,1488,2941,1931,1251,1526,1443
2025-06-24 14:47:52.582,1423,1327,1367,1405,1407,3413,2128,628,1527,1445
2025-06-24 14:47:52.681,1424,1356,1373,1411,1409,3621,2320,480,1525,1443
2025-06-24 14:47:52.780,1421,1399,1298,1382,1408,3370,2385,656,1526,1442
2025-06-24 14:47:52.879,1406,1417,1079,1405,1477,3163,2301,865,1511,1424
2025-06-24 14:47:52.979,1427,1523,1066,1421,1474,3355,2096,1065,1520,1435
2025-06-24 14:47:53.079,1427,1621,1254,1463,1424,2101,1897,1225,1527,1441
2025-06-24 14:47:53.179,1429,1658,1456,1511,1360,807,1554,1343,1531,1443
2025-06-24 14:47:53.279,1437,1690,1731,1488,1392,180,1213,1434,1532,1443
2025-06-24 14:47:53.379,1445,1719,1922,1506,1428,260,945,1483,1533,1453
2025-06-24 14:47:53.483,1446,1690,1958,1427,1457,678,880,1635,1529,1447
2025-06-24 14:47:53.583,1442,1659,1917,1451,1529,443,836,1803,1533,1447
2025-06-24 14:47:53.683,1442,1603,1782,1442,1658,0,900,1901,1530,1442
2025-06-24 14:47:53.783,1439,1626,1665,1478,1713,0,946,2198,1531,1445
2025-06-24 14:47:53.883,1450,1600,1605,1487,1697,320,1182,2362,1523,1441
2025-06-24 14:47:53.983,1449,1525,1564,1531,1616,935,1488,2080,1520,1433
2025-06-24 14:47:54.083,1459,1478,1465,1483,1602,1521,1808,1624,1529,1446
2025-06-24 14:47:54.182,1485,1479,1402,1440,1601,2068,2064,1328,1526,1441
2025-06-24 14:47:54.282,1509,1479,1302,1454,1583,2545,2145,1216,1520,1434
2025-06-24 14:47:54.382,1488,1522,1312,1456,1587,3008,2225,1173,1520,1435
2025-06-24 14:47:54.483,1501,1520,1200,1421,1579,3397,2219,1079,1529,1443
2025-06-24 14:47:54.578,1515,1455,1125,1428,1500,3376,2053,577,1529,1444
2025-06-24 14:47:54.678,1531,1395,1118,1450,1398,3133,1875,651,1524,1435
2025-06-24 14:47:54.777,1534,1382,1141,1232,1347,3149,1767,880,1532,1441
2025-06-24 14:47:54.877,1535,1412,1101,992,1470,2854,1392,1109,1530,1445
2025-06-24 14:47:54.977,1535,1408,1161,866,1425,1490,1296,1296,1526,1442
2025-06-24 14:47:55.077,1547,1441,1238,933,1299,371,1200,1429,1526,1438
2025-06-24 14:47:55.177,1547,1510,1394,1014,1317,0,1145,1403,1527,1442
2025-06-24 14:47:55.277,1535,1581,1621,1125,1375,256,1136,1311,1535,1452
2025-06-24 14:47:55.377,1527,1627,1870,1230,1456,693,1100,1232,1526,1444
2025-06-24 14:47:55.477,1529,1648,2035,1361,1511,362,1267,1269,1520,1442
2025-06-24 14:47:55.577,1519,1641,2018,1501,1602,12,1443,1346,1516,1433
2025-06-24 14:47:55.676,1517,1651,1893,1587,1634,59,1584,1440,1521,1434
2025-06-24 14:47:55.776,1490,1630,1744,1736,1665,550,1681,1830,1521,1439
2025-06-24 14:47:55.876,1487,1580,1663,1767,1632,1104,1763,2195,1526,1444
2025-06-24 14:47:55.976,1456,1606,1558,1758,1586,1520,1904,1968,1533,1447
2025-06-24 14:47:56.076,1456,1606,1585,1847,1541,1927,1813,1578,1526,1445
2025-06-24 14:47:56.176,1450,1531,1723,1936,1494,2385,1686,1232,1527,1443
2025-06-24 14:47:56.275,1443,1511,1753,1988,1520,2789,1568,1136,1535,1455
2025-06-24 14:47:56.375,1392,1489,1600,2046,1522,2965,1506,1197,1531,1440
2025-06-24 14:47:56.475,1328,1487,1396,2033,1477,2905,1285,1045,1524,1438
2025-06-24 14:47:56.575,1231,1597,1269,2020,1416,2721,1189,1007,1525,1439
2025-06-24 14:47:56.675,1207,1520,1218,1995,1409,3056,1120,919,1526,1441
2025-06-24 14:47:56.774,1222,1458,1175,2014,1425,2282,1138,944,1526,1438
2025-06-24 14:47:56.874,1216,1421,1125,1920,1488,906,1062,1151,1533,1446
2025-06-24 14:47:56.974,1223,1429,1118,1737,1456,0,1171,1349,1533,1445
2025-06-24 14:47:57.074,1248,1443,1193,1535,1395,0,1194,1573,1534,1447
2025-06-24 14:47:57.174,1255,1482,1286,1373,1397,341,1220,1701,1523,1439
2025-06-24 14:47:57.274,1283,1530,1425,1350,1412,644,1427,1831,1533,1451
2025-06-24 14:47:57.374,1328,1563,1607,1280,1424,570,1682,1773,1520,1438
2025-06-24 14:47:57.474,1347,1605,1699,1360,1483,803,1735,1926,1517,1429
2025-06-24 14:47:57.574,1367,1643,1715,1363,1584,1019,1941,2082,1519,1433
2025-06-24 14:47:57.674,1378,1660,1683,1381,1654,1323,2022,2256,1527,1442
2025-06-24 14:47:57.774,1393,1683,1573,1424,1642,1660,1918,2402,1525,1443
2025-06-24 14:47:57.874,1399,1648,1575,1453,1631,1950,1773,2237,1523,1441
2025-06-24 14:47:57.974,1392,1600,1521,1467,1666,2230,1589,1908,1522,1438
2025-06-24 14:47:58.074,1414,1648,1531,1460,1601,2455,1520,1746,1526,1443
2025-06-24 14:47:58.174,1419,1627,1533,1467,1583,2558,1246,1644,1525,1439
2025-06-24 14:47:58.273,1405,1574,1455,1488,1515,2525,1078,1487,1521,1425
2025-06-24 14:47:58.373,1398,1467,1456,1470,1462,2383,944,1424,1519,1426
2025-06-24 14:47:58.473,1422,1463,1479,1482,1438,2645,780,864,1534,1449
2025-06-24 14:47:58.573,1412,1453,1493,1546,1393,2903,843,579,1543,1453
2025-06-24 14:47:58.673,1393,1469,1495,1503,1357,1607,851,577,1533,1443
2025-06-24 14:47:58.772,1398,1552,1655,1529,1414,462,919,811,1526,1434
2025-06-24 14:47:58.872,1368,1506,1666,1530,1552,0,1173,1132,1530,1446
2025-06-24 14:47:58.972,1331,1405,1475,1479,1442,145,1405,1408,1530,1449
2025-06-24 14:47:59.073,1339,1351,1344,1424,1433,700,1741,1616,1523,1443
2025-06-24 14:47:59.173,1377,1323,1344,1449,1361,550,1846,1690,1525,1440
2025-06-24 14:47:59.273,1408,1345,1360,1531,1408,626,2064,1735,1525,1442
2025-06-24 14:47:59.373,1424,1363,1441,1472,1503,1223,2237,1787,1531,1442
2025-06-24 14:47:59.473,1470,1440,1445,1467,1513,1838,2221,1885,1523,1440
2025-06-24 14:47:59.573,1521,1541,1328,1463,1630,2238,2001,2063,1527,1445
2025-06-24 14:47:59.673,1583,1618,1331,1298,1664,2323,1856,2437,1525,1441
2025-06-24 14:47:59.773,1636,1685,1307,1042,1648,2300,1648,2701,1522,1439
2025-06-24 14:47:59.873,1676,1733,1302,891,1597,2327,1317,2661,1520,1441
2025-06-24 14:47:59.973,1717,1776,1290,935,1597,2306,1063,2215,1525,1441
2025-06-24 14:48:00.072,1746,1757,1296,1008,1599,2128,879,1769,1542,1439
2025-06-24 14:48:00.178,1771,1703,1377,1072,1553,1917,735,1573,1533,1443
2025-06-24 14:48:00.272,1780,1632,1474,1232,1555,2003,870,1491,1520,1438
2025-06-24 14:48:00.372,1779,1598,1602,1351,1513,2747,1058,1441,1518,1429
2025-06-24 14:48:00.472,1759,1611,1690,1467,1447,1804,1277,1053,1522,1439
2025-06-24 14:48:00.572,1707,1553,1808,1477,1393,199,1500,529,1534,1446
2025-06-24 14:48:00.671,1683,1487,1756,1670,1408,0,1764,491,1549,1456
2025-06-24 14:48:00.770,1695,1465,1632,1722,1511,0,1966,627,1527,1439
2025-06-24 14:48:00.869,1702,1470,1531,1785,1601,227,2030,975,1527,1438
2025-06-24 14:48:00.969,1709,1551,1466,1805,1520,479,2234,1223,1534,1448
2025-06-24 14:48:01.069,1698,1517,1488,1879,1365,382,2274,1366,1526,1447
2025-06-24 14:48:01.169,1649,1446,1521,1933,1382,924,2232,1445,1526,1440
2025-06-24 14:48:01.268,1581,1383,1573,1967,1431,1782,2051,1457,1527,1440
2025-06-24 14:48:01.368,1530,1366,1559,2031,1463,2577,1868,1606,1528,1443
2025-06-24 14:48:01.468,1517,1403,1457,1970,1519,2930,1379,1746,1522,1439
2025-06-24 14:48:01.568,1507,1402,1391,1812,1634,2928,1073,1853,1518,1427
2025-06-24 14:48:01.668,1503,1461,1313,1755,1605,2818,975,1966,1527,1441
2025-06-24 14:48:01.767,1498,1507,1255,1747,1577,2597,915,2230,1527,1443
2025-06-24 14:48:01.867,1488,1580,1235,1729,1568,2182,1009,2171,1525,1440
2025-06-24 14:48:01.967,1498,1659,1315,1633,1520,1578,1091,1629,1534,1450
2025-06-24 14:48:02.067,1517,1680,1391,1612,1550,1572,1344,1275,1523,1441
2025-06-24 14:48:02.167,1548,1701,1526,1566,1547,2545,1636,1181,1525,1431
2025-06-24 14:48:02.266,1567,1710,1507,1464,1592,2609,1797,1502,1520,1440
2025-06-24 14:48:02.366,1578,1697,1507,1471,1574,912,2066,1867,1523,1441
2025-06-24 14:48:02.465,1580,1689,1552,1434,1504,0,2240,1837,1526,1440
2025-06-24 14:48:02.565,1563,1661,1591,1455,1521,0,2258,1233,1533,1445
2025-06-24 14:48:02.664,1542,1637,1582,1425,1456,1,2359,895,1528,1440
2025-06-24 14:48:02.763,1513,1566,1561,1452,1490,621,2294,790,1528,1427
2025-06-24 14:48:02.862,1472,1505,1554,1483,1525,454,2063,842,1530,1443
2025-06-24 14:48:02.962,1462,1472,1575,1455,1398,589,1877,799,1535,1453
2025-06-24 14:48:03.062,1456,1454,1647,1437,1433,1347,1674,1013,1524,1438
2025-06-24 14:48:03.162,1456,1505,1886,1469,1441,2131,1284,1436,1520,1434
2025-06-24 14:48:03.262,1457,1470,1896,1421,1434,2671,1008,1601,1522,1441
2025-06-24 14:48:03.362,1456,1411,1685,1475,1466,2717,918,1809,1527,1443
2025-06-24 14:48:03.462,1426,1397,1431,1476,1507,2494,816,2017,1523,1440
2025-06-24 14:48:03.566,1425,1377,1237,1415,1653,2299,830,2181,1531,1441
2025-06-24 14:48:03.666,1439,1378,1203,1408,1648,2141,1114,2432,1525,1440
2025-06-24 14:48:03.765,1451,1440,1203,1474,1618,1712,1297,2640,1522,1442
2025-06-24 14:48:03.865,1434,1495,1186,1457,1583,1200,1445,2497,1520,1429
2025-06-24 14:48:03.965,1477,1556,1279,1445,1534,1630,1677,1932,1535,1447
2025-06-24 14:48:04.064,1498,1616,1241,1529,1566,2700,1878,1375,1530,1449
2025-06-24 14:48:04.163,1514,1630,1270,1535,1531,1814,1980,959,1530,1449
2025-06-24 14:48:04.262,1530,1681,1383,1509,1555,356,2216,779,1531,1442
2025-06-24 14:48:04.362,1545,1678,1500,1479,1545,0,2189,769,1522,1440
2025-06-24 14:48:04.462,1535,1671,1605,1547,1513,0,2075,610,1533,1447
2025-06-24 14:48:04.563,1545,1649,1680,1535,1446,422,1918,166,1535,1446
2025-06-24 14:48:04.658,1535,1625,1699,1490,1431,523,1728,83,1522,1439
2025-06-24 14:48:04.758,1527,1607,1691,1506,1490,245,1438,437,1520,1435
2025-06-24 14:48:04.858,1510,1600,1691,1547,1494,362,1175,699,1527,1443
2025-06-24 14:48:04.957,1495,1567,1586,1522,1424,1168,897,1006,1531,1453
2025-06-24 14:48:05.056,1488,1500,1470,1499,1354,2149,791,1234,1531,1451
2025-06-24 14:48:05.156,1487,1465,1430,1405,1346,2786,880,1392,1527,1441
2025-06-24 14:48:05.256,1472,1485,1372,1163,1394,2821,850,1502,1533,1451
2025-06-24 14:48:05.355,1456,1600,1424,991,1445,2549,1023,1692,1543,1456
2025-06-24 14:48:05.454,1440,1559,1561,905,1474,2247,1290,1936,1529,1445
2025-06-24 14:48:05.553,1442,1426,1658,945,1600,2032,1530,2192,1515,1430
2025-06-24 14:48:05.653,1451,1345,1712,1071,1654,2109,1797,2524,1522,1429
2025-06-24 14:48:05.753,1424,1328,1723,1055,1610,2419,1934,2542,1520,1437
2025-06-24 14:48:05.852,1411,1345,1670,1264,1579,3603,2032,2287,1521,1431
2025-06-24 14:48:05.951,1424,1397,1711,1468,1609,3477,2193,1807,1522,1439
2025-06-24 14:48:06.050,1431,1442,1534,1599,1584,1419,2141,1421,1527,1443
2025-06-24 14:48:06.150,1453,1504,1341,1675,1586,0,1936,1341,1535,1452
2025-06-24 14:48:06.249,1467,1557,1281,1715,1607,0,1779,1279,1533,1443
2025-06-24 14:48:06.349,1483,1637,1293,1737,1566,113,1516,1142,1531,1446
2025-06-24 14:48:06.448,1502,1676,1360,1824,1474,656,1150,655,1527,1440
2025-06-24 14:48:06.547,1514,1701,1397,1855,1419,497,932,340,1518,1434
2025-06-24 14:48:06.646,1523,1683,1358,1815,1446,368,735,567,1532,1443
2025-06-24 14:48:06.745,1543,1643,1263,1866,1427,793,739,919,1529,1435
2025-06-24 14:48:06.844,1546,1616,1203,2015,1483,1691,800,1294,1520,1435
2025-06-24 14:48:06.944,1545,1607,1155,1971,1437,2473,932,1570,1521,1439
2025-06-24 14:48:07.044,1530,1616,1120,1858,1414,2866,1216,1699,1523,1434
2025-06-24 14:48:07.144,1504,1597,1051,1741,1424,2874,1555,1731,1517,1431
2025-06-24 14:48:07.243,1488,1551,1122,1732,1463,2660,1791,1904,1517,1434
2025-06-24 14:48:07.342,1483,1520,1271,1650,1477,2531,1995,2178,1523,1440
2025-06-24 14:48:07.441,1477,1488,1517,1632,1552,2533,2031,2546,1517,1430
2025-06-24 14:48:07.541,1456,1527,1850,1603,1666,2571,2163,2897,1522,1439
2025-06-24 14:48:07.640,1441,1513,2107,1517,1741,3070,2370,3174,1520,1433
2025-06-24 14:48:07.739,1422,1443,2191,1459,1648,4095,2207,2929,1522,1439
2025-06-24 14:48:07.838,1414,1371,2135,1518,1584,2813,2031,2512,1523,1437
2025-06-24 14:48:07.937,1395,1351,1982,1470,1513,944,1868,2034,1523,1435
2025-06-24 14:48:08.036,1363,1357,1897,1456,1525,0,1471,1659,1546,1451
2025-06-24 14:48:08.136,1362,1392,1775,1481,1513,0,1023,1630,1552,1460
2025-06-24 14:48:08.236,1394,1431,1639,1504,1547,4,847,1759,1546,1451
2025-06-24 14:48:08.335,1413,1482,1680,1502,1457,117,843,1823,1534,1445
2025-06-24 14:48:08.434,1419,1562,1897,1485,1483,48,847,1143,1535,1446
2025-06-24 14:48:08.533,1447,1673,1840,1459,1472,390,865,240,1527,1442
2025-06-24 14:48:08.632,1469,1742,1626,1469,1437,925,1009,54,1527,1441
2025-06-24 14:48:08.731,1473,1758,1497,1494,1422,1616,1258,277,1525,1429
2025-06-24 14:48:08.830,1472,1770,1383,1502,1535,2320,1535,609,1520,1435
2025-06-24 14:48:08.930,1473,1729,1243,1542,1438,2478,1813,732,1519,1440
2025-06-24 14:48:09.030,1482,1683,1168,1534,1360,2314,2074,791,1523,1440
2025-06-24 14:48:09.130,1476,1655,1152,1553,1376,2125,2147,821,1533,1447
2025-06-24 14:48:09.230,1481,1600,1168,1497,1441,2032,2229,1099,1527,1444
2025-06-24 14:48:09.330,1471,1584,1175,1456,1462,2064,2223,1572,1523,1444
2025-06-24 14:48:09.429,1450,1493,1264,1516,1462,1953,2113,2160,1520,1433
2025-06-24 14:48:09.529,1463,1426,1377,1506,1591,2922,1986,3205,1520,1443
2025-06-24 14:48:09.628,1456,1429,1547,1443,1685,3545,1709,3509,1519,1439
2025-06-24 14:48:09.728,1450,1465,1626,1501,1674,1664,1334,3216,1524,1439
2025-06-24 14:48:09.827,1428,1515,1651,1437,1648,89,1053,2704,1534,1445
2025-06-24 14:48:09.927,1415,1461,1614,1443,1631,0,895,2043,1543,1453
2025-06-24 14:48:10.026,1392,1408,1563,1453,1514,36,827,1521,1527,1446
2025-06-24 14:48:10.126,1421,1385,1455,1488,1469,701,778,1203,1522,1438
2025-06-24 14:48:10.225,1410,1365,1410,1489,1441,594,862,1193,1519,1432
2025-06-24 14:48:10.324,1413,1415,1358,1545,1457,349,1004,1178,1522,1434
2025-06-24 14:48:10.424,1421,1504,1328,1489,1470,743,1360,993,1523,1447
2025-06-24 14:48:10.524,1433,1600,1392,1475,1479,1321,1591,0,1534,1447
2025-06-24 14:48:10.624,1451,1659,1570,1456,1466,1891,1833,0,1523,1429
2025-06-24 14:48:10.724,1472,1662,1856,1491,1558,2282,1887,0,1520,1435
2025-06-24 14:48:10.823,1479,1680,1900,1550,1534,2458,1975,0,1521,1437
2025-06-24 14:48:10.923,1498,1715,1665,1571,1523,2457,2160,31,1529,1444
2025-06-24 14:48:11.022,1511,1701,1298,1570,1437,2393,2121,334,1530,1445
2025-06-24 14:48:11.122,1518,1647,1003,1499,1384,2375,1979,779,1527,1444
2025-06-24 14:48:11.222,1519,1595,1002,1549,1376,2574,1789,1355,1524,1442
2025-06-24 14:48:11.322,1518,1554,1215,1513,1392,2790,1503,1947,1525,1441
2025-06-24 14:48:11.422,1520,1561,1344,1494,1414,4095,1054,2762,1522,1445
2025-06-24 14:48:11.522,1520,1585,1430,1523,1433,3206,845,3401,1521,1438
2025-06-24 14:48:11.622,1531,1523,1486,1403,1547,1214,747,3235,1525,1436
2025-06-24 14:48:11.722,1514,1477,1348,1248,1631,0,694,2864,1526,1443
2025-06-24 14:48:11.821,1462,1462,1209,1037,1598,0,699,2486,1533,1444
2025-06-24 14:48:11.921,1427,1454,1136,978,1579,299,807,1861,1534,1447
2025-06-24 14:48:12.020,1411,1521,1116,994,1557,848,1014,1426,1534,1450
2025-06-24 14:48:12.120,1410,1472,1151,1073,1472,576,1371,1254,1529,1451
2025-06-24 14:48:12.220,1429,1438,1195,1158,1504,719,1774,1329,1531,1445
2025-06-24 14:48:12.319,1431,1423,1394,1264,1535,1280,2077,1443,1535,1449
2025-06-24 14:48:12.419,1404,1411,1642,1394,1485,1858,2110,1287,1530,1440
2025-06-24 14:48:12.519,1408,1431,1859,1513,1488,2304,2113,16,1524,1438
2025-06-24 14:48:12.619,1422,1439,1983,1577,1481,2445,2112,0,1521,1443
2025-06-24 14:48:12.719,1457,1479,2016,1623,1401,2438,2098,0,1520,1435
2025-06-24 14:48:12.818,1478,1520,1927,1666,1443,2418,1995,110,1525,1439
2025-06-24 14:48:12.918,1492,1565,1840,1794,1519,2483,1855,378,1522,1434
2025-06-24 14:48:13.017,1494,1657,1709,1872,1473,2682,1535,825,1520,1430
2025-06-24 14:48:13.117,1511,1683,1590,1819,1399,2846,1310,1473,1517,1431
2025-06-24 14:48:13.217,1520,1686,1520,1829,1381,2992,1008,2233,1531,1446
2025-06-24 14:48:13.317,1531,1649,1470,1925,1454,4095,842,3018,1530,1446
2025-06-24 14:48:13.417,1534,1621,1520,1847,1491,4095,749,3977,1529,1444
2025-06-24 14:48:13.517,1545,1552,1456,1792,1490,2320,845,3744,1520,1433
2025-06-24 14:48:13.620,1525,1591,1457,1792,1520,1077,1072,3221,1530,1441
2025-06-24 14:48:13.719,1520,1600,1444,1754,1635,464,1344,2811,1522,1440
2025-06-24 14:48:13.818,1517,1570,1351,1714,1626,518,1590,2419,1526,1442
2025-06-24 14:48:13.918,1514,1493,1268,1671,1600,671,1787,1916,1544,1452
2025-06-24 14:48:14.018,1490,1463,1198,1579,1524,272,1881,1590,1534,1447
2025-06-24 14:48:14.117,1465,1433,1148,1565,1502,0,2067,1569,1520,1441
2025-06-24 14:48:14.216,1450,1486,1161,1501,1488,0,2176,1555,1523,1437
2025-06-24 14:48:14.315,1426,1459,1230,1431,1471,308,2113,1659,1525,1446
2025-06-24 14:48:14.415,1426,1421,1347,1462,1468,762,1901,1040,1535,1449
2025-06-24 14:48:14.515,1431,1378,1549,1421,1556,1088,1686,262,1530,1433
2025-06-24 14:48:14.616,1393,1389,1703,1369,1562,1326,1563,117,1521,1439
2025-06-24 14:48:14.711,1389,1416,1842,1459,1557,1661,1271,372,1529,1446
2025-06-24 14:48:14.811,1406,1471,1876,1535,1535,1939,1005,586,1521,1440
2025-06-24 14:48:14.911,1403,1535,1744,1522,1504,2066,803,781,1519,1434
2025-06-24 14:48:15.010,1424,1622,1707,1503,1569,2003,815,1036,1526,1439
2025-06-24 14:48:15.110,1470,1647,1686,1628,1498,1741,943,1506,1517,1431
2025-06-24 14:48:15.210,1487,1681,1680,1584,1424,1571,1079,2113,1523,1446
2025-06-24 14:48:15.309,1501,1701,1773,1467,1429,1469,1242,2922,1529,1435
2025-06-24 14:48:15.409,1520,1721,1773,1431,1394,89,1408,3551,1523,1442
2025-06-24 14:48:15.508,1534,1681,1584,1501,1403,0,1609,3392,1523,1443
2025-06-24 14:48:15.607,1542,1642,1361,1502,1434,0,1813,2929,1527,1442
2025-06-24 14:48:15.706,1548,1617,1211,1520,1509,0,2007,2590,1527,1442
2025-06-24 14:48:15.806,1549,1598,1152,1568,1593,637,2265,2112,1531,1443
2025-06-24 14:48:15.906,1547,1573,1221,1552,1619,804,2339,1809,1533,1446
2025-06-24 14:48:16.006,1535,1525,1360,1511,1566,923,2198,1484,1535,1426
2025-06-24 14:48:16.105,1518,1447,1490,1491,1523,1423,2061,1337,1525,1445
2025-06-24 14:48:16.205,1479,1392,1642,1441,1520,2257,1874,1503,1530,1446
2025-06-24 14:48:16.304,1453,1385,1650,1522,1498,3123,1474,1413,1520,1434
2025-06-24 14:48:16.403,1427,1488,1616,1473,1521,3958,1133,506,1520,1437
2025-06-24 14:48:16.502,1440,1575,1648,1431,1574,4095,944,260,1527,1442
2025-06-24 14:48:16.602,1424,1535,1564,1437,1515,4095,839,301,1535,1451
2025-06-24 14:48:16.701,1325,1449,1520,1424,1502,3696,907,598,1535,1443
2025-06-24 14:48:16.801,1244,1392,1600,1351,1505,3149,969,837,1513,1431
2025-06-24 14:48:16.900,1180,1395,1584,1434,1517,2735,993,1103,1532,1446
2025-06-24 14:48:16.999,1168,1426,1573,1490,1554,2402,1275,1287,1521,1430
2025-06-24 14:48:17.099,1203,1453,1561,1517,1473,2137,1506,1486,1522,1424
2025-06-24 14:48:17.199,1231,1490,1555,1599,1379,1830,1667,1846,1527,1444
2025-06-24 14:48:17.298,1250,1559,1553,1615,1395,1553,1872,2265,1529,1447
2025-06-24 14:48:17.397,1271,1590,1507,1598,1389,682,1907,2853,1520,1434
2025-06-24 14:48:17.496,1283,1620,1835,1556,1417,74,2240,2896,1517,1434
2025-06-24 14:48:17.596,1296,1621,2023,1477,1553,122,2401,2576,1526,1443
2025-06-24 14:48:17.696,1312,1585,1904,1523,1494,657,2277,2267,1530,1443
2025-06-24 14:48:17.796,1328,1578,1665,1527,1578,1116,2064,1657,1529,1443
2025-06-24 14:48:17.895,1351,1565,1434,1521,1563,735,1925,1101,1527,1441
2025-06-24 14:48:17.995,1390,1543,1314,1494,1599,709,1489,697,1533,1450
2025-06-24 14:48:18.094,1424,1551,1207,1438,1606,1074,1158,615,1535,1452
2025-06-24 14:48:18.194,1453,1534,934,1452,1561,1463,935,755,1527,1441
2025-06-24 14:48:18.293,1444,1477,834,1535,1500,1833,850,489,1529,1443
2025-06-24 14:48:18.392,1426,1436,974,1561,1488,1977,778,0,1522,1438
2025-06-24 14:48:18.491,1406,1453,1234,1515,1506,2087,799,0,1517,1429
2025-06-24 14:48:18.590,1374,1515,1413,1501,1477,2133,982,286,1526,1441
2025-06-24 14:48:18.689,1407,1513,1558,1459,1503,1895,1118,754,1522,1438
2025-06-24 14:48:18.789,1457,1462,1583,1521,1584,1635,1405,1118,1522,1434
2025-06-24 14:48:18.888,1502,1404,1520,1505,1522,1760,1728,1437,1525,1442
2025-06-24 14:48:18.988,1509,1372,1505,1505,1509,1947,2000,1597,1523,1441
2025-06-24 14:48:19.087,1449,1385,1508,1499,1575,2144,2002,1633,1521,1439
2025-06-24 14:48:19.187,1373,1398,1551,1559,1547,2255,2221,1883,1525,1443
2025-06-24 14:48:19.286,1351,1469,1551,1602,1397,2358,2340,2112,1546,1455
2025-06-24 14:48:19.385,1354,1534,1606,1548,1392,1727,2311,2641,1535,1455
2025-06-24 14:48:19.485,1380,1644,1648,1617,1396,894,2111,2828,1523,1429
2025-06-24 14:48:19.585,1456,1701,1624,1550,1467,453,1872,2702,1526,1442
2025-06-24 14:48:19.684,1522,1722,1615,1555,1472,624,1397,2426,1535,1451
2025-06-24 14:48:19.784,1583,1753,1520,1485,1471,790,1057,2082,1535,1451
2025-06-24 14:48:19.883,1615,1744,1497,1418,1492,339,832,1701,1530,1443
2025-06-24 14:48:19.983,1627,1712,1488,1462,1502,407,711,1483,1529,1440
2025-06-24 14:48:20.082,1646,1655,1453,1470,1531,710,812,1398,1524,1437
2025-06-24 14:48:20.182,1670,1599,1470,1483,1558,1066,983,1296,1521,1434
2025-06-24 14:48:20.281,1642,1616,1495,1486,1535,1518,1203,537,1525,1439
2025-06-24 14:48:20.380,1602,1599,1506,1494,1503,1927,1375,0,1523,1442
2025-06-24 14:48:20.480,1582,1514,1505,1509,1461,2203,1587,0,1517,1431
2025-06-24 14:48:20.580,1582,1477,1554,1504,1483,2467,1872,192,1521,1437
2025-06-24 14:48:20.680,1593,1473,1575,1519,1507,2598,2010,557,1531,1451
2025-06-24 14:48:20.780,1638,1475,1488,1549,1502,2489,2113,757,1531,1446
2025-06-24 14:48:20.879,1663,1522,1446,1559,1473,2314,2339,870,1521,1436
2025-06-24 14:48:20.979,1671,1467,1594,1520,1495,2081,2354,1067,1520,1437
2025-06-24 14:48:21.079,1662,1387,1862,1520,1535,1899,2234,1267,1510,1423
2025-06-24 14:48:21.179,1674,1326,1941,1513,1519,1701,2073,1510,1529,1442
2025-06-24 14:48:21.279,1655,1326,1770,1524,1455,1584,1821,2241,1535,1449
2025-06-24 14:48:21.378,1648,1351,1595,1511,1418,960,1392,2468,1535,1447
2025-06-24 14:48:21.478,1641,1404,1403,1543,1469,138,1061,2395,1526,1440
2025-06-24 14:48:21.578,1610,1521,1222,1482,1425,0,915,2278,1527,1445
2025-06-24 14:48:21.678,1585,1616,1049,1442,1481,0,787,2293,1525,1439
2025-06-24 14:48:21.777,1552,1637,864,1520,1505,240,816,1952,1525,1440
2025-06-24 14:48:21.876,1535,1679,912,1555,1553,0,1006,1535,1534,1445
2025-06-24 14:48:21.975,1522,1691,1089,1524,1642,0,1198,1287,1535,1446
2025-06-24 14:48:22.075,1534,1693,1328,1515,1632,0,1440,1257,1533,1450
2025-06-24 14:48:22.175,1582,1662,1489,1486,1532,0,1697,1366,1534,1447
2025-06-24 14:48:22.275,1622,1628,1598,1521,1535,688,1918,882,1530,1447
2025-06-24 14:48:22.374,1653,1584,1633,1521,1521,1075,1985,271,1532,1447
2025-06-24 14:48:22.474,1667,1574,1613,1474,1477,1067,2127,113,1520,1436
2025-06-24 14:48:22.574,1680,1583,1578,1552,1454,1616,2160,320,1520,1439
2025-06-24 14:48:22.674,1667,1554,1565,1513,1433,2357,2015,717,1520,1440
2025-06-24 14:48:22.774,1638,1504,1513,1463,1472,2986,1901,940,1522,1435
2025-06-24 14:48:22.873,1603,1473,1442,1444,1543,3447,1825,1213,1524,1441
2025-06-24 14:48:22.973,1564,1475,1403,1477,1580,3550,1520,1382,1518,1437
2025-06-24 14:48:23.073,1549,1552,1456,1451,1592,3339,1164,1717,1530,1445
2025-06-24 14:48:23.173,1535,1506,1525,1498,1581,3066,891,2211,1519,1434
2025-06-24 14:48:23.273,1526,1443,1599,1462,1520,2675,763,2357,1523,1436
2025-06-24 14:48:23.373,1521,1376,1750,1438,1419,2498,809,2211,1535,1446
2025-06-24 14:48:23.473,1503,1344,1808,1497,1463,1681,793,1953,1530,1443
2025-06-24 14:48:23.573,1479,1392,1722,1490,1488,674,902,1710,1531,1429
2025-06-24 14:48:23.677,1463,1428,1625,1498,1475,258,1201,1333,1531,1441
2025-06-24 14:48:23.776,1478,1488,1605,1547,1491,464,1449,906,1526,1443
2025-06-24 14:48:23.875,1473,1558,1568,1573,1520,417,1711,604,1520,1414
2025-06-24 14:48:23.975,1472,1615,1568,1567,1552,0,1919,403,1520,1433
2025-06-24 14:48:24.075,1469,1665,1616,1552,1568,0,2036,354,1529,1438
2025-06-24 14:48:24.174,1472,1684,1493,1515,1461,0,2241,365,1531,1443
2025-06-24 14:48:24.273,1474,1649,1379,1535,1521,119,2194,6,1529,1445
2025-06-24 14:48:24.373,1488,1623,1297,1520,1522,717,1997,375,1526,1444
2025-06-24 14:48:24.473,1495,1583,1200,1507,1456,1249,1859,929,1534,1447
2025-06-24 14:48:24.573,1501,1555,1231,1492,1462,1829,1765,1547,1533,1447
2025-06-24 14:48:24.674,1493,1520,1328,1453,1463,2335,1350,1977,1535,1451
2025-06-24 14:48:24.769,1489,1547,1472,1462,1494,2643,1023,2239,1529,1441
2025-06-24 14:48:24.869,1489,1517,1571,1447,1520,2510,881,2416,1527,1444
2025-06-24 14:48:24.969,1474,1483,1617,1457,1520,2237,740,2411,1523,1428
2025-06-24 14:48:25.069,1460,1438,1662,1503,1549,2373,688,2569,1523,1434
2025-06-24 14:48:25.169,1447,1404,1626,1573,1515,2578,784,2802,1523,1438
2025-06-24 14:48:25.269,1438,1460,1571,1514,1533,2704,1009,2854,1524,1442
2025-06-24 14:48:25.369,1406,1465,1500,1559,1475,2966,1250,2544,1527,1442
2025-06-24 14:48:25.468,1425,1390,1436,1543,1424,2833,1616,1999,1521,1436
2025-06-24 14:48:25.568,1431,1331,1455,1474,1455,2005,1910,1670,1525,1440
2025-06-24 14:48:25.668,1446,1337,1504,1498,1430,1319,2169,1439,1533,1447
2025-06-24 14:48:25.768,1450,1328,1555,1584,1477,1198,2098,1029,1525,1438
2025-06-24 14:48:25.868,1409,1312,1600,1599,1519,1423,2100,932,1533,1446
2025-06-24 14:48:25.967,1399,1298,1581,1589,1535,593,2277,1085,1525,1444
2025-06-24 14:48:26.067,1395,1351,1596,1488,1569,0,2218,1393,1515,1429
2025-06-24 14:48:26.166,1431,1472,1511,1484,1555,0,2137,1241,1531,1444
2025-06-24 14:48:26.266,1451,1564,1377,1454,1498,0,1967,1313,1545,1454
2025-06-24 14:48:26.365,1451,1633,1194,1506,1505,32,1275,1629,1523,1445
2025-06-24 14:48:26.465,1469,1679,1067,1491,1570,723,867,1870,1520,1438
2025-06-24 14:48:26.565,1483,1709,1031,1485,1526,1279,619,1990,1529,1443
2025-06-24 14:48:26.664,1493,1712,1110,1453,1565,1445,629,1877,1531,1446
2025-06-24 14:48:26.764,1499,1668,1283,1479,1504,1967,704,1472,1526,1442
2025-06-24 14:48:26.864,1499,1691,1469,1554,1485,2807,875,1342,1533,1452
2025-06-24 14:48:26.964,1507,1712,1631,1520,1519,3632,1167,1483,1520,1437
2025-06-24 14:48:27.064,1515,1712,1712,1500,1469,4095,1439,1629,1518,1431
2025-06-24 14:48:27.164,1517,1647,1733,1520,1470,4095,1731,1862,1509,1421
2025-06-24 14:48:27.264,1501,1586,1725,1535,1573,3799,1947,1983,1520,1435
2025-06-24 14:48:27.364,1478,1593,1648,1534,1572,3511,2029,1971,1530,1445
2025-06-24 14:48:27.463,1459,1637,1616,1475,1475,3200,2082,1859,1534,1451
2025-06-24 14:48:27.563,1457,1648,1595,1514,1424,2245,2282,1808,1534,1450
2025-06-24 14:48:27.663,1433,1535,1603,1520,1461,1360,2364,1583,1522,1431
2025-06-24 14:48:27.763,1424,1491,1584,1569,1486,1127,2331,1535,1520,1438
2025-06-24 14:48:27.863,1409,1427,1625,1571,1552,1340,2058,2224,1523,1435
2025-06-24 14:48:27.962,1424,1414,1652,1566,1511,995,1917,2855,1529,1442
2025-06-24 14:48:28.061,1429,1464,1674,1480,1520,164,1447,2897,1530,1447
2025-06-24 14:48:28.161,1410,1497,1552,1501,1576,0,1162,2398,1535,1445
2025-06-24 14:48:28.260,1392,1556,1402,1456,1552,197,919,1866,1541,1446
2025-06-24 14:48:28.359,1392,1627,1216,1460,1548,898,798,1456,1535,1451
2025-06-24 14:48:28.459,1408,1654,1090,1478,1520,1612,806,916,1530,1439
2025-06-24 14:48:28.559,1415,1698,1108,1535,1491,2127,918,757,1524,1440
2025-06-24 14:48:28.659,1440,1699,1232,1507,1443,2515,1204,737,1519,1434
2025-06-24 14:48:28.759,1449,1680,1344,1514,1447,2786,1360,792,1529,1434
2025-06-24 14:48:28.859,1470,1663,1434,1458,1467,2857,1648,981,1520,1435
2025-06-24 14:48:28.958,1478,1659,1507,1493,1452,2816,1819,1137,1523,1428
2025-06-24 14:48:29.058,1488,1587,1569,1527,1488,2830,1969,1335,1532,1447
2025-06-24 14:48:29.158,1495,1603,1568,1535,1494,2741,1971,1479,1531,1451
2025-06-24 14:48:29.258,1499,1616,1495,1488,1446,2466,1965,1383,1520,1435
2025-06-24 14:48:29.358,1508,1582,1455,1535,1573,2275,1936,1454,1521,1438
2025-06-24 14:48:29.457,1490,1515,1376,1510,1506,1884,1809,1471,1520,1433
2025-06-24 14:48:29.557,1474,1488,1355,1515,1441,1035,1667,1391,1527,1441
2025-06-24 14:48:29.657,1471,1485,1390,1502,1456,803,1525,1443,1534,1455
2025-06-24 14:48:29.757,1475,1548,1395,1533,1472,1049,1289,1617,1532,1451
2025-06-24 14:48:29.857,1468,1499,1404,1534,1526,1392,1079,1647,1535,1449
2025-06-24 14:48:29.956,1469,1458,1422,1527,1495,1296,945,1707,1542,1455
2025-06-24 14:48:30.056,1461,1372,1423,1545,1520,368,935,1165,1526,1443
2025-06-24 14:48:30.156,1461,1370,1605,1552,1551,0,880,775,1528,1441
2025-06-24 14:48:30.256,1471,1429,1630,1519,1581,0,986,751,1534,1445
2025-06-24 14:48:30.355,1456,1462,1419,1549,1595,0,1117,943,1527,1443
2025-06-24 14:48:30.454,1439,1521,1282,1549,1520,429,1312,1246,1520,1444
2025-06-24 14:48:30.554,1457,1589,1190,1552,1485,1183,1487,1510,1520,1430
2025-06-24 14:48:30.654,1477,1628,1123,1517,1485,1837,1609,1757,1521,1433
2025-06-24 14:48:30.754,1493,1682,1147,1493,1555,2212,1602,1922,1517,1435
2025-06-24 14:48:30.854,1505,1690,1213,1483,1616,2517,2004,2128,1513,1429
2025-06-24 14:48:30.953,1513,1664,1222,1467,1535,2658,2070,2389,1525,1440
2025-06-24 14:48:31.053,1519,1600,1255,1442,1456,2992,2017,2761,1527,1445
2025-06-24 14:48:31.153,1514,1580,1356,1515,1473,3026,1853,3063,1527,1446
2025-06-24 14:48:31.253,1514,1526,1567,1500,1423,2106,1787,3137,1541,1453
2025-06-24 14:48:31.353,1509,1552,1638,1511,1577,2066,1457,3255,1527,1447
2025-06-24 14:48:31.453,1506,1594,1727,1520,1587,2448,1233,3107,1535,1439
2025-06-24 14:48:31.553,1488,1525,1778,1465,1490,2256,1091,2640,1517,1426
2025-06-24 14:48:31.653,1509,1501,1839,1446,1462,2031,994,2485,1520,1438
2025-06-24 14:48:31.752,1489,1488,1792,1488,1422,1838,827,2174,1523,1437
2025-06-24 14:48:31.852,1456,1488,1728,1535,1424,1840,858,1966,1530,1442
2025-06-24 14:48:31.951,1399,1573,1722,1566,1374,1999,981,1441,1531,1443
2025-06-24 14:48:32.051,1368,1561,1707,1501,1454,1399,1237,628,1524,1440
2025-06-24 14:48:32.151,1350,1488,1655,1522,1519,415,1431,287,1526,1439
2025-06-24 14:48:32.251,1350,1431,1664,1531,1570,0,1645,272,1523,1438
2025-06-24 14:48:32.351,1366,1395,1712,1507,1525,10,1667,371,1528,1445
2025-06-24 14:48:32.451,1397,1392,1691,1456,1505,767,1881,493,1524,1446
2025-06-24 14:48:32.551,1387,1417,1702,1518,1488,1627,2256,832,1530,1419
2025-06-24 14:48:32.651,1386,1437,1665,1520,1493,2191,2195,1280,1522,1441
2025-06-24 14:48:32.751,1411,1527,1582,1574,1520,2497,2014,1617,1523,1443
2025-06-24 14:48:32.851,1440,1581,1600,1498,1487,2939,1814,1984,1526,1443
2025-06-24 14:48:32.950,1469,1584,1599,1518,1469,3354,1712,2308,1529,1443
2025-06-24 14:48:33.050,1484,1606,1488,1494,1492,3280,1427,2581,1522,1437
2025-06-24 14:48:33.150,1505,1647,1440,1494,1422,3799,1151,2477,1527,1439
2025-06-24 14:48:33.250,1505,1669,1424,1553,1437,4095,903,2261,1525,1441
2025-06-24 14:48:33.350,1520,1629,1345,1521,1552,4095,727,2155,1519,1432
2025-06-24 14:48:33.450,1526,1583,1342,1573,1599,4095,773,1786,1523,1440
2025-06-24 14:48:33.550,1531,1561,1360,1516,1544,4095,897,1488,1531,1443
2025-06-24 14:48:33.650,1549,1585,1380,1472,1521,2778,1165,1386,1527,1441
2025-06-24 14:48:33.754,1549,1605,1297,1484,1509,1583,1423,1327,1541,1446
2025-06-24 14:48:33.854,1533,1569,1322,1475,1510,1187,1637,1297,1531,1447
2025-06-24 14:48:33.953,1525,1521,1283,1552,1506,1239,1889,443,1535,1450
2025-06-24 14:48:34.053,1527,1519,1235,1568,1524,1344,1920,62,1530,1445
2025-06-24 14:48:34.153,1510,1579,1229,1526,1531,5,2034,73,1529,1444
2025-06-24 14:48:34.252,1487,1584,1297,1488,1500,0,2333,256,1534,1449
2025-06-24 14:48:34.351,1466,1488,1467,1485,1511,0,2281,400,1525,1443
2025-06-24 14:48:34.450,1449,1392,1622,1497,1546,0,2111,597,1526,1439
2025-06-24 14:48:34.550,1450,1345,1834,1479,1520,0,2066,713,1527,1440
2025-06-24 14:48:34.650,1456,1355,2000,1520,1535,0,1837,903,1529,1438
2025-06-24 14:48:34.751,1465,1399,2037,1569,1567,330,1191,1239,1530,1442
2025-06-24 14:48:34.846,1419,1405,1954,1515,1552,1503,865,1701,1519,1433
2025-06-24 14:48:34.946,1406,1482,1808,1489,1520,2775,885,2378,1520,1437
2025-06-24 14:48:35.045,1429,1565,1613,1581,1505,4095,881,2724,1527,1443
2025-06-24 14:48:35.145,1456,1629,1575,1520,1482,4095,915,2578,1521,1437
2025-06-24 14:48:35.245,1472,1665,1556,1543,1456,4095,990,2370,1521,1439
2025-06-24 14:48:35.345,1485,1675,1442,1520,1507,4095,1183,2206,1526,1450
2025-06-24 14:48:35.445,1503,1667,1361,1502,1559,4095,1391,1777,1520,1439
2025-06-24 14:48:35.544,1519,1652,1383,1461,1505,4034,1735,1497,1525,1446
2025-06-24 14:48:35.644,1552,1633,1362,1463,1430,2454,2039,1365,1531,1448
2025-06-24 14:48:35.744,1530,1589,1391,1472,1443,1209,2151,1411,1535,1445
2025-06-24 14:48:35.844,1525,1600,1360,1429,1451,422,2077,1264,1525,1438
2025-06-24 14:48:35.944,1526,1602,1357,1513,1456,367,2161,201,1531,1443
2025-06-24 14:48:36.044,1524,1532,1391,1524,1518,679,2211,0,1529,1439
2025-06-24 14:48:36.144,1525,1480,1475,1561,1515,474,2146,320,1531,1435
2025-06-24 14:48:36.244,1522,1473,1573,1552,1561,0,1980,730,1529,1445
2025-06-24 14:48:36.344,1509,1514,1617,1345,1583,0,1781,1162,1520,1434
2025-06-24 14:48:36.444,1476,1531,1616,1214,1553,0,1314,1426,1521,1425
2025-06-24 14:48:36.543,1445,1488,1585,1063,1512,0,1073,1642,1527,1442
2025-06-24 14:48:36.643,1427,1423,1616,1038,1485,138,898,1881,1533,1448
2025-06-24 14:48:36.742,1427,1380,1617,1088,1520,580,865,2190,1529,1446
2025-06-24 14:48:36.842,1408,1369,1584,1213,1417,1200,881,2507,1526,1441
2025-06-24 14:48:36.942,1456,1401,1548,1324,1408,1921,1056,3026,1520,1431
2025-06-24 14:48:37.041,1447,1427,1503,1457,1552,2660,1248,3039,1513,1431
2025-06-24 14:48:37.141,1371,1507,1460,1665,1490,3159,1548,2609,1513,1427
2025-06-24 14:48:37.241,1377,1620,1462,1963,1520,3195,1806,2352,1531,1453
2025-06-24 14:48:37.341,1399,1680,1702,2266,1554,2935,2019,2559,1522,1439
2025-06-24 14:48:37.440,1415,1715,1921,2609,1582,2000,2122,2442,1521,1427
2025-06-24 14:48:37.539,1425,1706,1863,2718,1550,1174,2251,2404,1529,1449
2025-06-24 14:48:37.638,1441,1711,1713,2537,1472,559,2239,2482,1529,1443
2025-06-24 14:48:37.738,1465,1677,1546,2226,1425,483,2169,2467,1535,1449
2025-06-24 14:48:37.837,1475,1627,1406,1833,1424,768,1938,1935,1535,1450
2025-06-24 14:48:37.937,1503,1600,1323,1419,1458,775,1857,889,1535,1446
2025-06-24 14:48:38.036,1535,1566,1246,1095,1535,489,1552,429,1535,1444
2025-06-24 14:48:38.136,1559,1602,1230,863,1557,336,1179,357,1529,1438
2025-06-24 14:48:38.235,1566,1579,1162,779,1590,555,815,465,1534,1458
2025-06-24 14:48:38.335,1552,1503,1172,771,1600,816,733,452,1531,1443
2025-06-24 14:48:38.434,1527,1463,1288,803,1525,933,739,387,1526,1443
2025-06-24 14:48:38.533,1508,1447,1422,928,1521,1113,801,417,1527,1444
2025-06-24 14:48:38.632,1495,1542,1484,1073,1502,1381,980,546,1521,1440
2025-06-24 14:48:38.732,1463,1504,1557,1194,1515,1378,1226,974,1525,1439
2025-06-24 14:48:38.831,1453,1427,1587,1283,1475,880,1469,1463,1525,1440
2025-06-24 14:48:38.931,1437,1381,1619,1367,1513,859,1796,2327,1521,1437
2025-06-24 14:48:39.030,1438,1408,1488,1463,1498,1205,2142,2685,1531,1446
2025-06-24 14:48:39.130,1443,1457,1439,1525,1555,1569,2153,2722,1523,1441
2025-06-24 14:48:39.230,1456,1459,1362,1623,1520,1906,2266,2405,1522,1440
2025-06-24 14:48:39.330,1411,1475,1327,1629,1520,1701,2192,2051,1519,1431
2025-06-24 14:48:39.429,1392,1553,1392,1678,1520,1680,2160,1510,1519,1435
2025-06-24 14:48:39.528,1408,1611,1527,1694,1535,1455,1968,858,1529,1456
2025-06-24 14:48:39.627,1431,1664,1638,1676,1452,560,1805,469,1545,1446
2025-06-24 14:48:39.727,1456,1694,1703,1681,1511,46,1411,255,1526,1441
2025-06-24 14:48:39.826,1472,1743,1714,1733,1510,64,965,124,1520,1433
2025-06-24 14:48:39.925,1488,1674,1648,1649,1484,576,720,0,1519,1431
2025-06-24 14:48:40.024,1502,1606,1549,1605,1501,1574,743,0,1520,1427
2025-06-24 14:48:40.124,1502,1593,1526,1631,1460,1302,803,0,1527,1443
2025-06-24 14:48:40.224,1491,1573,1450,1632,1472,741,779,80,1535,1446
2025-06-24 14:48:40.324,1520,1587,1485,1600,1555,1126,964,518,1520,1441
2025-06-24 14:48:40.423,1519,1594,1452,1630,1507,949,1266,887,1530,1434
2025-06-24 14:48:40.523,1531,1503,1382,1614,1458,1053,1487,1169,1521,1442
2025-06-24 14:48:40.622,1569,1498,1362,1655,1477,1418,1697,1494,1523,1443
2025-06-24 14:48:40.722,1577,1449,1370,1584,1519,1694,1946,1999,1531,1448
2025-06-24 14:48:40.821,1551,1452,1410,1565,1523,1223,2113,2615,1527,1441
2025-06-24 14:48:40.921,1490,1498,1239,1582,1607,530,2251,2878,1524,1441
2025-06-24 14:48:41.020,1424,1456,1158,1588,1584,979,2274,2786,1525,1445
2025-06-24 14:48:41.120,1387,1390,1035,1458,1525,1657,2207,2626,1523,1446
2025-06-24 14:48:41.219,1362,1348,913,1494,1513,2283,2005,2432,1520,1437
2025-06-24 14:48:41.319,1370,1361,1021,1478,1428,2139,1859,2122,1520,1431
2025-06-24 14:48:41.418,1379,1404,1267,1501,1465,1727,1729,1559,1534,1450
2025-06-24 14:48:41.518,1360,1467,1476,1500,1530,973,1449,1195,1532,1442
2025-06-24 14:48:41.617,1330,1553,1765,1543,1484,929,1168,1070,1533,1446
2025-06-24 14:48:41.717,1339,1616,1945,1479,1433,1041,916,1154,1531,1441
2025-06-24 14:48:41.816,1357,1712,2045,1486,1382,1583,895,674,1534,1446
2025-06-24 14:48:41.916,1389,1731,2028,1478,1425,2191,880,976,1527,1447
2025-06-24 14:48:42.015,1409,1734,1899,1552,1498,2391,962,2057,1522,1444
2025-06-24 14:48:42.115,1441,1705,1794,1579,1472,1993,1173,2423,1518,1435
2025-06-24 14:48:42.215,1482,1665,1714,1520,1489,2064,1463,2395,1520,1435
2025-06-24 14:48:42.315,1518,1622,1622,1490,1583,2537,1642,2257,1526,1443
2025-06-24 14:48:42.414,1543,1552,1552,1505,1519,2826,1776,2106,1527,1441
2025-06-24 14:48:42.513,1553,1532,1487,1484,1508,2965,1969,2095,1526,1443
2025-06-24 14:48:42.613,1531,1556,1456,1501,1491,3338,2096,2064,1520,1436
2025-06-24 14:48:42.713,1580,1551,1489,1529,1475,2954,1938,2178,1525,1447
2025-06-24 14:48:42.813,1559,1478,1574,1593,1563,2662,1771,2399,1527,1436
2025-06-24 14:48:42.913,1559,1442,1595,1510,1548,2439,1729,2256,1531,1443
2025-06-24 14:48:43.013,1534,1427,1557,1530,1531,2002,1648,1864,1535,1447
2025-06-24 14:48:43.113,1501,1522,1481,1491,1557,1391,1341,1756,1543,1455
2025-06-24 14:48:43.213,1466,1494,1307,1516,1563,449,1233,1789,1534,1453
2025-06-24 14:48:43.313,1445,1401,1200,1518,1514,400,1146,1449,1527,1443
2025-06-24 14:48:43.412,1452,1390,1168,1535,1470,1264,1046,1140,1522,1437
2025-06-24 14:48:43.512,1457,1391,1232,1542,1546,1439,1040,1056,1530,1444
2025-06-24 14:48:43.612,1459,1403,1328,1482,1580,1105,981,1019,1522,1438
2025-06-24 14:48:43.712,1446,1454,1399,1513,1487,491,1016,592,1530,1443
2025-06-24 14:48:43.816,1456,1504,1483,1526,1451,18,1257,256,1533,1440
2025-06-24 14:48:43.915,1475,1521,1556,1535,1415,257,1475,346,1520,1434
2025-06-24 14:48:44.014,1491,1609,1585,1488,1437,998,1702,501,1520,1437
2025-06-24 14:48:44.113,1515,1678,1567,1470,1487,2187,1803,832,1521,1439
2025-06-24 14:48:44.212,1521,1680,1416,1437,1518,3141,1902,1009,1525,1440
2025-06-24 14:48:44.311,1515,1712,1365,1479,1567,3803,2129,1237,1543,1456
2025-06-24 14:48:44.410,1514,1671,1345,1511,1611,3824,2175,1559,1527,1444
2025-06-24 14:48:44.510,1507,1648,1346,1558,1605,3679,2065,1837,1523,1442
2025-06-24 14:48:44.610,1529,1575,1347,1578,1520,3441,2000,2064,1527,1443
2025-06-24 14:48:44.710,1498,1558,1362,1547,1461,3482,1810,2432,1525,1445
2025-06-24 14:48:44.811,1489,1555,1303,1524,1445,3568,1392,2480,1519,1432
2025-06-24 14:48:44.906,1491,1577,1297,1526,1469,3312,1109,2218,1527,1439
2025-06-24 14:48:45.006,1499,1515,1387,1511,1505,2933,937,1891,1523,1441
2025-06-24 14:48:45.106,1495,1484,1450,1461,1478,2688,795,1375,1535,1453
2025-06-24 14:48:45.206,1444,1477,1430,1499,1520,2505,759,979,1521,1440
2025-06-24 14:48:45.305,1398,1499,1497,1490,1514,2896,745,1127,1520,1435
2025-06-24 14:48:45.405,1386,1584,1561,1497,1488,2534,896,1424,1520,1440
2025-06-24 14:48:45.505,1390,1525,1662,1429,1499,1725,1162,1517,1533,1443
2025-06-24 14:48:45.605,1415,1465,1765,1455,1583,1175,1518,855,1525,1441
2025-06-24 14:48:45.705,1429,1392,1758,1469,1523,1185,1712,624,1533,1447
2025-06-24 14:48:45.805,1438,1404,1735,1469,1431,1637,1856,675,1523,1438
2025-06-24 14:48:45.904,1456,1424,1691,1472,1434,1648,2064,813,1530,1444
2025-06-24 14:48:46.004,1476,1458,1646,1499,1485,1541,2379,867,1523,1439
2025-06-24 14:48:46.103,1495,1491,1550,1562,1555,1376,2399,906,1529,1441
2025-06-24 14:48:46.203,1519,1552,1487,1554,1531,1284,2259,1053,1520,1446
2025-06-24 14:48:46.303,1547,1618,1469,1473,1534,1371,1968,1401,1531,1450
2025-06-24 14:48:46.403,1559,1650,1489,1520,1634,1515,1713,1787,1522,1439
2025-06-24 14:48:46.503,1559,1662,1543,1563,1559,1609,1235,2119,1531,1446
2025-06-24 14:48:46.603,1559,1666,1546,1584,1515,1585,900,2650,1527,1445
2025-06-24 14:48:46.703,1563,1648,1455,1565,1503,1255,719,2693,1526,1443
2025-06-24 14:48:46.803,1565,1605,1439,1549,1483,1273,709,2397,1529,1447
2025-06-24 14:48:46.903,1558,1565,1441,1477,1515,1471,720,2170,1520,1429
2025-06-24 14:48:47.003,1552,1565,1402,1504,1520,1634,858,1812,1520,1430
2025-06-24 14:48:47.102,1534,1573,1332,1496,1523,1859,1070,1330,1523,1439
2025-06-24 14:48:47.202,1530,1589,1328,1531,1479,2352,1330,1006,1520,1436
2025-06-24 14:48:47.302,1504,1493,1349,1435,1507,1886,1551,889,1521,1438
2025-06-24 14:48:47.402,1449,1453,1403,1462,1502,1083,1830,827,1527,1441
2025-06-24 14:48:47.501,1421,1465,1467,1563,1473,544,1962,260,1533,1431
2025-06-24 14:48:47.600,1390,1545,1593,1531,1511,544,2043,0,1534,1447
2025-06-24 14:48:47.699,1378,1503,1638,1526,1584,822,2193,127,1527,1441
2025-06-24 14:48:47.799,1382,1454,1619,1517,1526,720,2190,423,1521,1439
2025-06-24 14:48:47.899,1392,1413,1583,1477,1418,761,2082,774,1534,1454
2025-06-24 14:48:47.998,1362,1395,1550,1517,1355,914,1938,1118,1535,1453
2025-06-24 14:48:48.098,1358,1403,1503,1493,1401,1015,1669,1367,1518,1431
2025-06-24 14:48:48.197,1377,1451,1482,1490,1467,1209,1152,1649,1520,1438
2025-06-24 14:48:48.297,1386,1514,1515,1551,1507,1456,787,2000,1531,1445
2025-06-24 14:48:48.396,1401,1552,1505,1553,1518,1635,752,2289,1525,1440
2025-06-24 14:48:48.496,1424,1623,1450,1483,1520,1485,822,2735,1529,1443
2025-06-24 14:48:48.595,1441,1671,1443,1520,1488,1465,851,3024,1523,1440
2025-06-24 14:48:48.695,1470,1699,1424,1515,1505,1658,1031,2864,1525,1444
2025-06-24 14:48:48.795,1493,1681,1328,1543,1520,2185,1216,2686,1524,1443
2025-06-24 14:48:48.895,1521,1616,1320,1501,1535,2832,1427,2494,1521,1435
2025-06-24 14:48:48.995,1550,1621,1386,1491,1555,3628,1649,2090,1521,1439
2025-06-24 14:48:49.094,1552,1554,1429,1569,1543,3824,1814,1782,1529,1445
2025-06-24 14:48:49.194,1559,1562,1562,1551,1557,2283,2045,1600,1533,1446
2025-06-24 14:48:49.294,1558,1568,1621,1542,1580,997,2087,1686,1535,1445
2025-06-24 14:48:49.394,1567,1600,1639,1518,1507,544,2208,1712,1529,1433
2025-06-24 14:48:49.494,1567,1584,1727,1549,1509,662,2321,1281,1527,1437
2025-06-24 14:48:49.594,1522,1634,1757,1482,1488,758,2234,736,1531,1443
2025-06-24 14:48:49.693,1478,1702,1808,1493,1570,28,2102,0,1521,1437
2025-06-24 14:48:49.792,1457,1790,1851,1482,1545,0,1826,0,1523,1440
2025-06-24 14:48:49.891,1450,1795,1838,1476,1328,0,1394,0,1531,1446
2025-06-24 14:48:49.990,1447,1677,1851,1486,1149,0,1248,0,1527,1443
2025-06-24 14:48:50.090,1467,1417,1841,1488,1122,441,1108,0,1526,1444
2025-06-24 14:48:50.190,1439,1247,1787,1549,1176,1459,1008,0,1529,1445
2025-06-24 14:48:50.289,1407,1097,1786,1584,1201,2217,969,0,1523,1438
2025-06-24 14:48:50.388,1426,1108,1791,1564,1243,2603,1078,0,1520,1437
2025-06-24 14:48:50.487,1447,1190,1866,1571,1168,2362,1212,0,1522,1442
2025-06-24 14:48:50.586,1465,1325,1971,1617,1062,897,1552,0,1523,1435
2025-06-24 14:48:50.685,1472,1499,2020,1574,1040,373,1811,0,1521,1437
2025-06-24 14:48:50.784,1483,1558,1883,1520,1061,470,2061,0,1515,1427
2025-06-24 14:48:50.884,1488,1485,1584,1509,1158,880,1776,0,1520,1427
2025-06-24 14:48:50.983,1506,1391,1299,1446,1280,421,347,0,1525,1425
2025-06-24 14:48:51.082,1526,1296,1107,1442,1432,0,865,0,1543,1452
2025-06-24 14:48:51.182,1555,1275,912,1535,1399,0,1730,0,1531,1449
2025-06-24 14:48:51.281,1552,1273,852,1552,1274,0,2327,0,1525,1442
2025-06-24 14:48:51.380,1550,1298,959,1564,1193,0,2537,0,1530,1446
2025-06-24 14:48:51.480,1547,1348,1055,1552,1179,130,2539,95,1525,1439
2025-06-24 14:48:51.580,1552,1435,1097,1521,1260,0,1872,1338,1523,1439
2025-06-24 14:48:51.680,1547,1499,1167,1457,1326,0,1266,1817,1523,1440
2025-06-24 14:48:51.780,1522,1542,1280,1456,1334,0,1029,1410,1528,1442
2025-06-24 14:48:51.880,1488,1563,1341,1470,1280,0,1173,1755,1527,1441
2025-06-24 14:48:51.979,1456,1584,1349,1474,934,0,1525,2093,1520,1424
2025-06-24 14:48:52.078,1459,1645,1370,1504,689,110,1794,2415,1523,1434
2025-06-24 14:48:52.178,1454,1630,1370,1486,752,0,1997,4095,1521,1441
2025-06-24 14:48:52.278,1469,1558,1344,1488,1035,0,1965,4095,1533,1446
2025-06-24 14:48:52.378,1428,1503,1287,1456,1392,0,1354,4095,1527,1443
2025-06-24 14:48:52.477,1381,1449,1168,1510,1648,0,395,4095,1541,1451
2025-06-24 14:48:52.577,1367,1474,1054,1506,1883,263,377,4095,1521,1439
2025-06-24 14:48:52.676,1374,1495,912,1591,2085,532,901,4095,1527,1440
2025-06-24 14:48:52.776,1424,1544,851,1534,2235,1265,1162,4095,1529,1442
2025-06-24 14:48:52.876,1451,1620,907,1493,2229,2509,1501,3899,1530,1449
2025-06-24 14:48:52.976,1475,1681,823,1489,2282,3643,1971,4095,1526,1441
2025-06-24 14:48:53.075,1494,1706,703,1499,2213,4095,2447,4095,1520,1438
2025-06-24 14:48:53.175,1516,1727,785,1572,2127,4095,2480,4095,1521,1442
2025-06-24 14:48:53.275,1529,1733,925,1531,2041,4095,2235,4095,1521,1438
2025-06-24 14:48:53.375,1550,1739,1106,1407,1887,4095,2098,4095,1531,1445
2025-06-24 14:48:53.475,1563,1708,1329,1345,1808,4095,1531,4095,1520,1433
2025-06-24 14:48:53.574,1573,1661,1511,1233,1757,4095,1063,4095,1519,1437
2025-06-24 14:48:53.674,1581,1619,1683,1201,1707,4095,627,4095,1527,1444
2025-06-24 14:48:53.774,1573,1647,1803,1200,1681,4095,397,4095,1532,1446
2025-06-24 14:48:53.878,1535,1662,1801,1232,1786,3793,445,3562,1533,1451
2025-06-24 14:48:53.977,1531,1599,1817,1257,1863,4095,674,3209,1528,1442
2025-06-24 14:48:54.077,1520,1520,1819,1328,1757,4095,1072,3117,1530,1445
2025-06-24 14:48:54.176,1509,1525,1805,1381,1685,4095,1461,2995,1527,1443
2025-06-24 14:48:54.276,1487,1554,1851,1418,1675,4095,1744,2953,1520,1433
2025-06-24 14:48:54.375,1472,1600,1913,1422,1676,4095,2058,2944,1520,1438
2025-06-24 14:48:54.474,1462,1497,1920,1488,1666,4095,2210,2983,1520,1439
2025-06-24 14:48:54.573,1458,1392,1947,1615,1628,4095,2177,2912,1519,1430
2025-06-24 14:48:54.673,1437,1338,2028,2031,1667,4095,2093,2622,1532,1450
2025-06-24 14:48:54.773,1379,1327,2128,2352,1773,4095,2213,2381,1541,1451
2025-06-24 14:48:54.874,1375,1362,2240,2639,1760,3655,2259,2441,1533,1430
2025-06-24 14:48:54.969,1407,1420,2191,2554,1664,2599,2218,2532,1531,1452
2025-06-24 14:48:55.069,1424,1470,2042,2286,1573,2416,2128,2451,1535,1449
2025-06-24 14:48:55.168,1457,1562,1789,1883,1473,2637,1950,2583,1533,1447
2025-06-24 14:48:55.268,1496,1593,1485,1526,1435,2972,1651,2754,1522,1439
2025-06-24 14:48:55.368,1535,1661,1301,1247,1359,3011,1328,2597,1520,1439
2025-06-24 14:48:55.468,1566,1699,1297,1104,1274,2675,965,2338,1527,1445
2025-06-24 14:48:55.567,1579,1711,1381,965,1163,2391,893,2167,1529,1446
2025-06-24 14:48:55.666,1587,1696,1360,941,1162,2356,919,1650,1542,1451
2025-06-24 14:48:55.766,1594,1680,1392,949,1190,2406,1069,1456,1535,1449
2025-06-24 14:48:55.866,1581,1643,1422,1070,1237,2298,1271,1721,1529,1457
2025-06-24 14:48:55.966,1532,1636,1422,1107,1453,2086,1524,2333,1518,1430
2025-06-24 14:48:56.066,1489,1664,1488,1200,1567,1934,1653,2907,1526,1439
2025-06-24 14:48:56.165,1477,1655,1552,1298,1587,1932,1703,3242,1525,1447
2025-06-24 14:48:56.265,1456,1618,1520,1440,1600,1921,1633,3081,1518,1435
2025-06-24 14:48:56.365,1444,1543,1596,1514,1494,1754,1675,2727,1520,1434
2025-06-24 14:48:56.465,1438,1508,1663,1607,1520,1648,1718,2224,1522,1435
2025-06-24 14:48:56.565,1426,1562,1601,1630,1506,1850,1654,1829,1522,1437
2025-06-24 14:48:56.664,1427,1531,1483,1651,1498,613,1535,1996,1525,1444
2025-06-24 14:48:56.764,1431,1455,1274,1600,1691,0,1385,2335,1535,1450
2025-06-24 14:48:56.864,1449,1339,1182,1591,1744,0,1234,2384,1542,1450
2025-06-24 14:48:56.964,1411,1283,1191,1543,1674,0,1062,2328,1525,1439
2025-06-24 14:48:57.063,1407,1296,1296,1563,1642,0,1047,2314,1520,1440
2025-06-24 14:48:57.163,1407,1373,1418,1519,1525,52,1038,2129,1526,1441
2025-06-24 14:48:57.263,1421,1427,1655,1554,1449,273,1028,1837,1523,1440
2025-06-24 14:48:57.363,1456,1511,1845,1600,1368,899,1021,1755,1534,1451
2025-06-24 14:48:57.463,1470,1612,1923,1457,1332,1650,1153,1275,1524,1445
2025-06-24 14:48:57.563,1482,1680,1904,1227,1250,2214,1371,1075,1527,1443
2025-06-24 14:48:57.663,1505,1711,1846,1008,1227,2511,1570,1049,1520,1430
2025-06-24 14:48:57.763,1525,1735,1744,950,1315,2327,1648,1186,1519,1431
2025-06-24 14:48:57.863,1535,1728,1627,1008,1383,2112,1737,1365,1523,1441
2025-06-24 14:48:57.963,1551,1708,1583,1088,1468,2110,1886,1326,1525,1443
2025-06-24 14:48:58.063,1535,1650,1552,1198,1588,2171,1843,1369,1531,1446
2025-06-24 14:48:58.163,1519,1551,1590,1297,1565,2147,1769,1435,1520,1429
2025-06-24 14:48:58.263,1527,1535,1658,1481,1609,2064,1785,1442,1520,1437
2025-06-24 14:48:58.363,1507,1590,1643,1571,1581,2094,1678,1337,1521,1439
2025-06-24 14:48:58.463,1488,1581,1581,1727,1548,2718,1382,1267,1527,1441
2025-06-24 14:48:58.563,1487,1547,1552,1745,1583,2309,1247,1202,1541,1451
2025-06-24 14:48:58.663,1475,1481,1355,1695,1552,1346,1189,1088,1528,1442
2025-06-24 14:48:58.763,1459,1488,1143,1744,1679,658,1062,967,1543,1447
2025-06-24 14:48:58.863,1446,1563,944,1789,1747,564,999,962,1533,1445
2025-06-24 14:48:58.963,1429,1518,844,1903,1718,795,978,935,1530,1442
2025-06-24 14:48:59.064,1437,1415,985,2157,1651,882,1085,445,1522,1436
2025-06-24 14:48:59.164,1437,1362,1315,2242,1586,653,1238,304,1522,1441
2025-06-24 14:48:59.263,1392,1348,1565,2186,1583,598,1552,424,1530,1445
2025-06-24 14:48:59.363,1399,1359,1782,2067,1526,704,1683,448,1530,1451
2025-06-24 14:48:59.462,1411,1440,1855,1881,1424,986,1843,581,1520,1438
2025-06-24 14:48:59.562,1433,1499,1799,1712,1371,1263,2162,800,1520,1435
2025-06-24 14:48:59.662,1451,1567,1835,1520,1325,1547,2259,1104,1530,1450
2025-06-24 14:48:59.762,1466,1606,2062,1411,1332,1881,2150,1374,1533,1453
2025-06-24 14:48:59.862,1487,1651,1834,1376,1347,2143,2000,1654,1535,1447
2025-06-24 14:48:59.962,1511,1647,1498,1386,1388,2294,1842,1661,1523,1439
2025-06-24 14:49:00.061,1527,1658,1319,1408,1511,2336,1616,1393,1521,1446
2025-06-24 14:49:00.166,1548,1662,1218,1444,1552,2346,1326,1431,1521,1435
2025-06-24 14:49:00.260,1558,1655,1242,1460,1473,2384,1191,1487,1520,1436
2025-06-24 14:49:00.360,1578,1616,1306,1446,1461,2758,986,1565,1520,1435
2025-06-24 14:49:00.460,1568,1600,1340,1472,1493,1975,931,1558,1526,1440
2025-06-24 14:49:00.559,1548,1650,1304,1451,1495,850,880,1456,1526,1447
2025-06-24 14:49:00.658,1520,1654,1259,1440,1495,243,955,1546,1522,1438
2025-06-24 14:49:00.758,1505,1617,1271,1499,1663,292,1213,1872,1526,1438
2025-06-24 14:49:00.858,1489,1527,1264,1468,1769,653,1371,2000,1521,1437
2025-06-24 14:49:00.958,1470,1475,1219,1488,1827,655,1584,1846,1523,1440
2025-06-24 14:49:01.057,1463,1518,1198,1509,1766,55,1776,1799,1535,1449
2025-06-24 14:49:01.156,1456,1555,1177,1439,1732,0,1901,1546,1528,1456
2025-06-24 14:49:01.256,1447,1482,1209,1468,1587,0,2176,1321,1520,1438
2025-06-24 14:49:01.356,1438,1424,1300,1456,1487,16,2363,1348,1529,1431
2025-06-24 14:49:01.456,1442,1331,1386,1439,1450,493,2333,1234,1531,1447
2025-06-24 14:49:01.556,1423,1347,1521,1187,1437,1071,2131,1296,1531,1441
2025-06-24 14:49:01.655,1394,1388,1627,951,1373,1650,1942,1285,1527,1443
2025-06-24 14:49:01.755,1398,1439,1686,878,1345,2185,1441,1343,1527,1450
2025-06-24 14:49:01.855,1407,1470,1600,863,1342,2656,1033,1708,1525,1445
2025-06-24 14:49:01.955,1424,1558,1515,913,1357,2966,826,2162,1522,1456
2025-06-24 14:49:02.054,1446,1611,1472,1078,1486,3155,749,2429,1526,1438
2025-06-24 14:49:02.153,1472,1658,1414,1207,1559,3111,735,2422,1531,1448
2025-06-24 14:49:02.252,1488,1667,1482,1328,1507,2945,802,2308,1520,1439
2025-06-24 14:49:02.352,1519,1679,1654,1457,1478,2761,983,2192,1520,1447
2025-06-24 14:49:02.452,1535,1687,1811,1607,1478,1744,1200,1955,1518,1429
2025-06-24 14:49:02.552,1552,1660,1727,1693,1504,675,1574,1839,1527,1433
2025-06-24 14:49:02.651,1574,1627,1535,1763,1556,240,1792,1735,1525,1440
2025-06-24 14:49:02.751,1583,1574,1479,1840,1696,128,1979,1433,1530,1444
2025-06-24 14:49:02.851,1559,1589,1355,1850,1792,195,2145,1243,1523,1441
2025-06-24 14:49:02.951,1529,1593,1296,1922,1727,0,2343,1215,1527,1443
2025-06-24 14:49:03.050,1511,1530,1216,1968,1726,0,2352,940,1526,1439
2025-06-24 14:49:03.149,1489,1454,1184,2062,1663,0,2383,330,1526,1440
2025-06-24 14:49:03.248,1473,1422,1281,2126,1621,0,2288,71,1523,1445
2025-06-24 14:49:03.348,1456,1523,1392,2240,1505,17,2088,144,1523,1438
2025-06-24 14:49:03.447,1443,1529,1475,2176,1494,407,1597,299,1526,1446
2025-06-24 14:49:03.547,1433,1466,1520,2038,1439,929,1153,644,1529,1445
2025-06-24 14:49:03.647,1413,1392,1610,1822,1333,1610,789,1035,1520,1436
2025-06-24 14:49:03.747,1442,1360,1633,1579,1323,2169,727,1626,1530,1446
2025-06-24 14:49:03.847,1441,1373,1557,1456,1301,2546,735,2174,1530,1458
2025-06-24 14:49:03.951,1410,1447,1563,1286,1269,2785,810,2320,1529,1443
2025-06-24 14:49:04.051,1418,1520,1578,1271,1429,2631,1079,2407,1525,1442
2025-06-24 14:49:04.150,1420,1583,1570,1278,1493,2470,1315,2325,1531,1445
2025-06-24 14:49:04.250,1426,1638,1579,1236,1424,2441,1489,2198,1524,1441
2025-06-24 14:49:04.350,1445,1681,1589,1334,1401,2221,1794,2114,1518,1430
2025-06-24 14:49:04.449,1471,1695,1675,1408,1433,1286,2128,1861,1522,1437
2025-06-24 14:49:04.548,1479,1697,1743,1489,1502,397,2194,1581,1526,1439
2025-06-24 14:49:04.648,1520,1662,1759,1485,1507,272,2285,1456,1535,1451
2025-06-24 14:49:04.748,1545,1667,1713,1504,1565,288,2418,1351,1533,1446
2025-06-24 14:49:04.848,1555,1617,1648,1527,1766,266,2325,894,1526,1439
2025-06-24 14:49:04.949,1570,1557,1625,1492,1749,103,2160,612,1530,1445
2025-06-24 14:49:05.044,1584,1552,1568,1471,1707,0,1953,365,1532,1447
2025-06-24 14:49:05.144,1573,1562,1479,1464,1670,0,1659,349,1523,1441
2025-06-24 14:49:05.244,1549,1520,1385,1493,1609,47,1387,293,1522,1437
2025-06-24 14:49:05.344,1521,1505,1399,1511,1613,720,1142,253,1527,1443
2025-06-24 14:49:05.443,1501,1471,1443,1573,1509,1281,969,469,1524,1440
2025-06-24 14:49:05.543,1479,1491,1499,1569,1392,1574,899,880,1532,1442
2025-06-24 14:49:05.642,1454,1582,1621,1485,1335,1930,1013,1454,1541,1453
2025-06-24 14:49:05.741,1439,1584,1586,1442,1347,2147,1013,2162,1526,1454
2025-06-24 14:49:05.840,1434,1509,1595,1546,1370,2167,1203,2566,1520,1437
2025-06-24 14:49:05.939,1424,1427,1598,1525,1271,2167,1422,2603,1524,1441
2025-06-24 14:49:06.039,1426,1394,1451,1509,1375,2286,1625,2384,1521,1437
2025-06-24 14:49:06.139,1408,1395,1191,1373,1472,2347,1871,2211,1524,1441
2025-06-24 14:49:06.238,1381,1427,957,1158,1463,2386,1909,2127,1520,1433
2025-06-24 14:49:06.338,1392,1467,839,909,1456,1802,1926,2016,1534,1445
2025-06-24 14:49:06.438,1406,1494,923,848,1445,1079,1936,1639,1530,1446
2025-06-24 14:49:06.537,1423,1552,1226,885,1393,566,1900,1429,1520,1435
2025-06-24 14:49:06.636,1439,1590,1564,893,1466,576,1739,1408,1523,1431
2025-06-24 14:49:06.735,1463,1577,1859,1034,1552,779,1618,1297,1522,1438
2025-06-24 14:49:06.835,1491,1600,2013,1170,1722,760,1360,761,1519,1431
2025-06-24 14:49:06.935,1510,1616,2083,1363,1771,722,1194,378,1531,1442
2025-06-24 14:49:07.035,1531,1631,2047,1476,1777,897,1077,400,1542,1451
2025-06-24 14:49:07.135,1544,1602,1950,1585,1710,1488,885,678,1535,1451
2025-06-24 14:49:07.234,1552,1525,1953,1697,1600,2062,896,880,1520,1435
2025-06-24 14:49:07.334,1559,1558,1810,1809,1584,2366,959,1377,1520,1438
2025-06-24 14:49:07.434,1543,1617,1655,1884,1511,2505,949,2192,1522,1439
2025-06-24 14:49:07.534,1515,1607,1591,1872,1438,2355,1041,2832,1522,1440
2025-06-24 14:49:07.633,1491,1584,1510,1904,1359,1941,1271,3202,1523,1441
2025-06-24 14:49:07.732,1488,1523,1424,1977,1314,1819,1473,3297,1529,1445
2025-06-24 14:49:07.832,1471,1503,1264,2018,1249,1814,1673,2929,1522,1437
2025-06-24 14:49:07.932,1456,1572,1214,2000,1221,2123,1819,2479,1530,1439
2025-06-24 14:49:08.031,1447,1471,1200,1919,1334,2510,2067,1947,1520,1435
2025-06-24 14:49:08.131,1451,1375,1136,1794,1437,3179,2180,1643,1517,1433
2025-06-24 14:49:08.231,1456,1319,1091,1786,1438,2304,1979,1562,1529,1447
2025-06-24 14:49:08.330,1447,1338,1099,1759,1392,982,1802,1616,1531,1446
2025-06-24 14:49:08.429,1424,1357,1180,1697,1443,0,1680,1437,1533,1449
2025-06-24 14:49:08.528,1429,1449,1350,1635,1449,79,1479,1289,1535,1447
2025-06-24 14:49:08.628,1443,1529,1589,1516,1469,812,1252,1255,1532,1434
2025-06-24 14:49:08.727,1461,1610,1791,1461,1505,1213,1066,1015,1531,1444
2025-06-24 14:49:08.826,1488,1617,1923,1511,1738,1230,910,961,1535,1447
2025-06-24 14:49:08.925,1488,1658,1878,1486,1766,1673,849,845,1543,1456
2025-06-24 14:49:09.025,1511,1715,1751,1415,1733,2325,809,799,1543,1451
2025-06-24 14:49:09.125,1520,1695,1616,1410,1722,2928,937,1075,1526,1442
2025-06-24 14:49:09.225,1509,1679,1557,1436,1679,3206,1045,1380,1514,1426
2025-06-24 14:49:09.324,1531,1653,1519,1520,1645,3102,1317,1582,1518,1427
2025-06-24 14:49:09.424,1529,1601,1703,1535,1570,2955,1671,1759,1523,1439
2025-06-24 14:49:09.524,1551,1563,1989,1504,1435,2750,1824,2023,1526,1455
2025-06-24 14:49:09.624,1520,1565,1974,1482,1330,2698,1851,2303,1535,1448
2025-06-24 14:49:09.723,1533,1558,1728,1520,1303,2924,2058,2179,1526,1441
2025-06-24 14:49:09.823,1490,1516,1511,1507,1260,2881,2238,2014,1520,1439
2025-06-24 14:49:09.923,1470,1473,1328,1479,1268,2726,2223,1856,1530,1443
2025-06-24 14:49:10.023,1447,1431,1197,1499,1338,2789,2059,1472,1527,1443
2025-06-24 14:49:10.123,1422,1463,1140,1441,1557,1824,1924,1071,1525,1451
2025-06-24 14:49:10.222,1411,1516,1101,1445,1565,1052,1615,970,1523,1445
2025-06-24 14:49:10.322,1406,1456,938,1488,1488,810,1325,1102,1535,1447
2025-06-24 14:49:10.422,1409,1392,764,1506,1494,1234,994,1414,1531,1446
2025-06-24 14:49:10.522,1403,1344,866,1552,1529,1841,874,1592,1529,1444
2025-06-24 14:49:10.622,1372,1328,1088,1483,1552,1916,866,1244,1520,1435
2025-06-24 14:49:10.721,1379,1389,1321,1423,1523,1587,918,878,1520,1436
2025-06-24 14:49:10.821,1392,1465,1490,1383,1680,1600,993,830,1527,1447
2025-06-24 14:49:10.921,1407,1520,1587,1415,1781,1856,1136,949,1521,1439
2025-06-24 14:49:11.021,1425,1535,1604,1560,1801,2151,1319,1063,1520,1433
2025-06-24 14:49:11.121,1451,1583,1454,1525,1722,2377,1585,1201,1520,1431
2025-06-24 14:49:11.220,1472,1625,1358,1515,1665,2452,1809,1343,1519,1429
2025-06-24 14:49:11.320,1489,1669,1292,1456,1639,2512,1933,1562,1521,1438
2025-06-24 14:49:11.419,1509,1658,1233,1264,1601,2511,2141,1809,1531,1445
2025-06-24 14:49:11.519,1523,1664,1290,1003,1535,2485,2243,2171,1534,1450
2025-06-24 14:49:11.618,1550,1631,1339,880,1372,2457,2220,2137,1529,1435
2025-06-24 14:49:11.717,1569,1606,1489,927,1301,2244,2093,1925,1533,1443
2025-06-24 14:49:11.816,1573,1595,1675,995,1251,2415,1854,1712,1531,1443
2025-06-24 14:49:11.916,1547,1604,1806,1140,1258,2601,1663,1654,1519,1434
2025-06-24 14:49:12.015,1520,1627,1843,1254,1223,1451,1169,1486,1529,1441
2025-06-24 14:49:12.115,1505,1562,1808,1296,1410,383,870,1250,1529,1442
2025-06-24 14:49:12.215,1488,1515,1776,1465,1493,0,713,1185,1551,1456
2025-06-24 14:49:12.315,1443,1508,1646,1585,1441,13,753,1204,1535,1446
2025-06-24 14:49:12.414,1446,1534,1561,1680,1424,410,813,1213,1523,1438
2025-06-24 14:49:12.514,1442,1531,1566,1776,1442,427,919,957,1532,1443
2025-06-24 14:49:12.614,1435,1462,1680,1843,1413,352,1133,907,1523,1441
2025-06-24 14:49:12.713,1429,1370,1666,1837,1440,475,1362,853,1520,1433
2025-06-24 14:49:12.813,1393,1370,1552,1872,1586,721,1653,913,1524,1441
2025-06-24 14:49:12.913,1390,1348,1535,1899,1749,1069,1903,1119,1518,1434
2025-06-24 14:49:13.013,1398,1366,1550,1951,1799,1503,2067,1340,1527,1438
2025-06-24 14:49:13.113,1414,1446,1494,1978,1792,1879,2139,1483,1531,1451
2025-06-24 14:49:13.212,1442,1520,1370,1898,1755,2229,2271,1763,1526,1445
2025-06-24 14:49:13.312,1462,1571,1232,1822,1710,2496,2327,1909,1527,1445
2025-06-24 14:49:13.412,1491,1634,1123,1712,1651,2543,2066,2314,1523,1438
2025-06-24 14:49:13.512,1518,1715,963,1688,1567,2512,1871,2422,1527,1442
2025-06-24 14:49:13.611,1526,1721,861,1680,1443,2417,1568,2353,1535,1450
2025-06-24 14:49:13.710,1551,1733,889,1648,1389,2299,1103,2093,1527,1437
2025-06-24 14:49:13.810,1554,1695,1088,1648,1327,2536,886,1479,1527,1441
2025-06-24 14:49:13.910,1575,1657,1349,1498,1261,1779,669,1115,1520,1435
2025-06-24 14:49:14.014,1567,1610,1663,1456,1249,974,709,1067,1529,1438
2025-06-24 14:49:14.113,1542,1577,2031,1417,1358,571,770,1350,1535,1451
2025-06-24 14:49:14.212,1516,1547,2324,1391,1456,480,930,1568,1546,1454
2025-06-24 14:49:14.311,1473,1531,2422,1339,1448,773,1168,1478,1523,1445
2025-06-24 14:49:14.410,1504,1490,2279,1392,1438,560,1423,1082,1541,1450
2025-06-24 14:49:14.509,1461,1446,2055,1443,1393,178,1719,963,1526,1441
2025-06-24 14:49:14.608,1443,1423,1883,1472,1378,431,2092,947,1517,1431
2025-06-24 14:49:14.708,1388,1515,1722,1483,1366,909,2130,949,1501,1418
2025-06-24 14:49:14.808,1426,1520,1617,1494,1403,1333,2245,1142,1514,1425
2025-06-24 14:49:14.908,1426,1468,1600,1552,1635,1684,2339,1326,1519,1430
2025-06-24 14:49:15.009,1403,1422,1879,1549,1767,1893,2310,1523,1519,1436
2025-06-24 14:49:15.104,1407,1405,1989,1515,1796,2033,2145,1833,1532,1448
2025-06-24 14:49:15.204,1424,1418,1834,1543,1759,2267,1911,2264,1527,1442
2025-06-24 14:49:15.303,1427,1443,1601,1552,1675,2497,1761,2654,1526,1442
2025-06-24 14:49:15.403,1447,1472,1395,1567,1621,2621,1363,2681,1523,1438
2025-06-24 14:49:15.502,1471,1520,1264,1479,1533,2608,1010,2409,1529,1446
2025-06-24 14:49:15.601,1505,1579,1155,1513,1499,2797,752,2119,1527,1434
2025-06-24 14:49:15.700,1513,1611,1056,1506,1391,2969,639,1803,1525,1440
2025-06-24 14:49:15.800,1527,1631,863,1472,1312,1984,686,1360,1533,1443
2025-06-24 14:49:15.899,1518,1644,774,1403,1347,905,787,1115,1532,1445
2025-06-24 14:49:15.998,1523,1654,896,1367,1323,147,995,1141,1543,1451
2025-06-24 14:49:16.097,1520,1697,1099,1429,1269,122,1363,1379,1533,1445
2025-06-24 14:49:16.197,1515,1626,1361,1492,1461,381,1573,1309,1530,1445
2025-06-24 14:49:16.297,1503,1565,1553,1472,1542,113,1831,1141,1520,1440
2025-06-24 14:49:16.397,1500,1589,1634,1469,1479,0,2046,1174,1524,1441
2025-06-24 14:49:16.497,1473,1614,1547,1446,1473,275,2070,1289,1522,1439
2025-06-24 14:49:16.597,1452,1614,1489,1503,1497,829,2191,1187,1520,1435
2025-06-24 14:49:16.696,1426,1554,1466,1561,1446,1367,2221,1292,1525,1440
2025-06-24 14:49:16.795,1419,1518,1472,1553,1501,1904,2112,1365,1522,1443
2025-06-24 14:49:16.895,1414,1488,1440,1550,1616,2351,2013,1535,1524,1442
2025-06-24 14:49:16.995,1421,1552,1435,1511,1772,2640,1823,1712,1518,1427
2025-06-24 14:49:17.094,1403,1522,1473,1513,1795,2861,1296,1939,1520,1433
2025-06-24 14:49:17.194,1408,1457,1571,1495,1725,2978,1072,2096,1535,1445
2025-06-24 14:49:17.294,1426,1395,1683,1450,1709,2891,882,2165,1532,1445
2025-06-24 14:49:17.394,1438,1347,1695,1249,1682,2775,778,2178,1529,1441
2025-06-24 14:49:17.493,1447,1367,1698,998,1622,2873,752,1795,1527,1426
2025-06-24 14:49:17.593,1472,1408,1645,892,1555,2981,813,1253,1522,1438
2025-06-24 14:49:17.692,1497,1475,1605,929,1495,2061,1035,1039,1520,1429
2025-06-24 14:49:17.791,1504,1534,1517,1094,1433,1091,1300,1094,1535,1445
2025-06-24 14:49:17.890,1515,1614,1544,1270,1424,624,1571,1258,1525,1439
2025-06-24 14:49:17.990,1521,1639,1552,1290,1350,676,1886,1392,1527,1441
2025-06-24 14:49:18.089,1520,1649,1602,1402,1275,959,2016,1174,1530,1442
2025-06-24 14:49:18.189,1515,1688,1517,1459,1309,945,2138,1187,1526,1443
2025-06-24 14:49:18.289,1522,1682,1445,1612,1385,648,2224,1236,1526,1443
2025-06-24 14:49:18.389,1520,1682,1462,1637,1369,369,2289,1211,1526,1443
2025-06-24 14:49:18.488,1504,1647,1467,1744,1431,48,2320,1231,1521,1440
2025-06-24 14:49:18.588,1483,1595,1283,1849,1412,266,2130,1168,1519,1431
2025-06-24 14:49:18.687,1463,1600,1216,1881,1380,927,2007,1216,1525,1439
2025-06-24 14:49:18.786,1445,1600,1213,1949,1407,1552,1553,1227,1520,1444
2025-06-24 14:49:18.885,1424,1552,1187,1913,1424,2132,1086,1286,1520,1437
2025-06-24 14:49:18.985,1418,1492,1131,1892,1659,2672,799,1468,1529,1447
2025-06-24 14:49:19.085,1424,1472,1170,1893,1729,3049,595,1677,1535,1450
2025-06-24 14:49:19.185,1408,1447,1287,1798,1763,3199,656,1950,1535,1451
2025-06-24 14:49:19.284,1410,1493,1453,1726,1757,3012,784,1877,1531,1445
2025-06-24 14:49:19.384,1423,1517,1614,1713,1714,2679,1054,1783,1531,1445
2025-06-24 14:49:19.483,1439,1430,1775,1651,1669,2681,1408,1750,1521,1438
2025-06-24 14:49:19.582,1456,1367,1971,1635,1627,1914,1643,1500,1530,1443
2025-06-24 14:49:19.681,1467,1331,2064,1616,1585,935,1834,1200,1535,1448
2025-06-24 14:49:19.781,1491,1354,1909,1494,1408,269,2042,1157,1535,1450
2025-06-24 14:49:19.880,1508,1439,1763,1443,1379,181,2154,1143,1544,1456
2025-06-24 14:49:19.979,1525,1526,1650,1411,1317,609,2179,915,1542,1456
2025-06-24 14:49:20.078,1532,1594,1567,1423,1277,957,2317,368,1535,1439
2025-06-24 14:49:20.178,1515,1631,1561,1445,1200,928,2271,192,1520,1437
2025-06-24 14:49:20.278,1547,1677,1712,1479,1350,771,2122,137,1521,1437
2025-06-24 14:49:20.378,1531,1668,1828,1456,1428,811,1961,331,1525,1439
2025-06-24 14:49:20.478,1535,1650,1751,1494,1456,816,1617,535,1525,1438
2025-06-24 14:49:20.578,1519,1641,1584,1535,1503,653,1235,645,1521,1438
2025-06-24 14:49:20.678,1498,1620,1410,1568,1533,1168,946,726,1517,1425
2025-06-24 14:49:20.777,1479,1579,1198,1526,1534,1898,805,1035,1523,1437
2025-06-24 14:49:20.877,1461,1520,465,1579,1591,2521,880,1564,1518,1435
2025-06-24 14:49:20.976,1443,1546,206,1563,1586,2955,930,2243,1521,1439
2025-06-24 14:49:21.076,1393,1573,1418,1547,1728,3029,1103,2931,1510,1428
2025-06-24 14:49:21.176,1421,1554,2087,1502,1774,2881,1355,2986,1523,1441
2025-06-24 14:49:21.275,1429,1505,2305,1454,1780,2623,1551,2597,1522,1437
2025-06-24 14:49:21.375,1407,1490,2073,1483,1767,2240,1728,1909,1534,1447
2025-06-24 14:49:21.475,1398,1519,1745,1505,1718,1402,1938,1391,1547,1457
2025-06-24 14:49:21.575,1416,1609,1507,1545,1647,720,2032,1303,1546,1456
2025-06-24 14:49:21.675,1434,1574,1334,1510,1585,613,2070,1299,1533,1445
2025-06-24 14:49:21.774,1455,1491,1239,1503,1443,868,2117,1356,1525,1434
2025-06-24 14:49:21.874,1472,1389,1196,1472,1409,1296,2134,1298,1523,1438
2025-06-24 14:49:21.974,1488,1361,1183,1501,1296,1633,2047,747,1527,1441
2025-06-24 14:49:22.074,1507,1373,1136,1462,1282,1461,1843,720,1525,1440
2025-06-24 14:49:22.174,1520,1427,1101,1469,1216,1073,1642,906,1524,1439
2025-06-24 14:49:22.274,1530,1486,1397,1506,1273,813,1341,1105,1528,1443
2025-06-24 14:49:22.374,1543,1535,1531,1532,1383,889,1072,1364,1520,1435
2025-06-24 14:49:22.474,1552,1591,1494,1486,1399,1337,898,1520,1526,1441
2025-06-24 14:49:22.574,1552,1654,1379,1469,1426,1787,815,1857,1522,1435
2025-06-24 14:49:22.674,1549,1678,1277,1456,1442,2207,789,2224,1520,1435
2025-06-24 14:49:22.774,1542,1670,1185,1553,1459,2595,944,2493,1532,1447
2025-06-24 14:49:22.874,1518,1664,1104,1527,1473,2826,1155,2672,1529,1444
2025-06-24 14:49:22.974,1488,1630,1136,1543,1494,2843,1360,2640,1526,1440
2025-06-24 14:49:23.074,1466,1583,1178,1591,1582,2831,1675,2569,1525,1441
2025-06-24 14:49:23.174,1456,1535,1186,1584,1735,2544,1805,2512,1527,1446
2025-06-24 14:49:23.274,1456,1571,1153,1522,1758,2416,1921,2209,1520,1439
2025-06-24 14:49:23.374,1478,1594,1199,1438,1724,1878,2112,1698,1525,1442
2025-06-24 14:49:23.474,1441,1583,1318,1473,1695,932,2127,1441,1533,1450
2025-06-24 14:49:23.573,1422,1535,1487,1426,1703,365,2020,1319,1534,1447
2025-06-24 14:49:23.673,1438,1485,1638,1552,1531,351,1801,1214,1526,1439
2025-06-24 14:49:23.772,1466,1527,1789,1535,1459,489,1621,917,1521,1433
2025-06-24 14:49:23.872,1469,1577,1834,1582,1411,369,1551,931,1523,1437
2025-06-24 14:49:23.972,1487,1487,1899,1597,1421,0,1255,1012,1527,1442
2025-06-24 14:49:24.076,1497,1403,1682,1601,1399,0,1023,1151,1530,1445
2025-06-24 14:49:24.176,1505,1383,1491,1599,1323,26,864,1327,1528,1443
2025-06-24 14:49:24.275,1515,1343,1472,1518,1333,498,800,1417,1522,1438
2025-06-24 14:49:24.375,1522,1364,1530,1454,1408,1132,895,1671,1520,1436
2025-06-24 14:49:24.474,1520,1426,1570,1483,1458,1648,1069,1670,1531,1443
2025-06-24 14:49:24.573,1520,1484,1603,1498,1424,2064,1137,1651,1520,1438
2025-06-24 14:49:24.673,1503,1559,1690,1345,1425,2502,1342,1741,1520,1437
2025-06-24 14:49:24.772,1502,1633,1769,1127,1459,2795,1661,2003,1520,1437
2025-06-24 14:49:24.872,1497,1675,1812,1070,1466,2910,1921,2256,1522,1441
2025-06-24 14:49:24.972,1477,1701,1790,949,1514,2898,1995,2320,1526,1442
2025-06-24 14:49:25.073,1453,1715,1756,1008,1563,2698,2131,1983,1521,1447
2025-06-24 14:49:25.168,1418,1709,1744,1099,1759,2686,2188,1597,1526,1441
2025-06-24 14:49:25.268,1402,1665,1776,1184,1838,2475,2166,1467,1529,1443
2025-06-24 14:49:25.367,1392,1621,1587,1311,1793,1630,2064,1439,1527,1443
2025-06-24 14:49:25.467,1417,1575,1490,1447,1680,817,2214,1328,1534,1447
2025-06-24 14:49:25.566,1408,1552,1472,1553,1657,614,2178,1361,1531,1449
2025-06-24 14:49:25.666,1402,1562,1520,1573,1669,752,1909,1043,1543,1447
2025-06-24 14:49:25.766,1407,1470,1559,1679,1565,942,1587,979,1520,1437
2025-06-24 14:49:25.865,1455,1462,1571,1747,1473,711,1360,1086,1531,1445
2025-06-24 14:49:25.965,1477,1444,1345,1801,1417,518,1138,1102,1530,1445
2025-06-24 14:49:26.065,1488,1501,1115,1891,1312,490,1031,1253,1530,1446
2025-06-24 14:49:26.165,1498,1568,1007,1919,1254,805,979,1374,1525,1442
2025-06-24 14:49:26.265,1518,1505,1088,1901,1311,1277,1031,1392,1531,1447
2025-06-24 14:49:26.364,1521,1439,1242,1843,1329,1695,1165,1491,1527,1447
2025-06-24 14:49:26.464,1547,1382,1361,1772,1390,1751,1297,1526,1525,1443
2025-06-24 14:49:26.564,1547,1363,1456,1738,1407,1870,1427,1493,1523,1439
2025-06-24 14:49:26.664,1535,1392,1609,1747,1471,2133,1483,1524,1521,1439
2025-06-24 14:49:26.764,1520,1473,1712,1712,1433,2322,1699,1648,1518,1431
2025-06-24 14:49:26.863,1514,1573,1748,1584,1466,2343,1886,1627,1520,1440
2025-06-24 14:49:26.963,1520,1600,1760,1519,1437,2323,1831,1581,1520,1441
2025-06-24 14:49:27.063,1505,1631,1759,1522,1472,2341,1682,1357,1524,1441
2025-06-24 14:49:27.163,1471,1678,1615,1456,1589,2035,1529,1118,1529,1440
2025-06-24 14:49:27.262,1434,1636,1514,1424,1765,1098,1431,868,1533,1447
2025-06-24 14:49:27.361,1411,1638,1553,1426,1853,479,1290,816,1543,1454
2025-06-24 14:49:27.461,1406,1613,1648,1471,1839,477,1174,993,1533,1445
2025-06-24 14:49:27.561,1418,1584,1785,1511,1798,816,1104,983,1525,1439
2025-06-24 14:49:27.661,1418,1523,1851,1520,1705,1169,1051,1157,1518,1426
2025-06-24 14:49:27.761,1404,1521,1910,1550,1621,975,1006,1412,1523,1431
2025-06-24 14:49:27.860,1414,1558,1739,1524,1521,670,1008,1555,1530,1442
2025-06-24 14:49:27.960,1429,1564,1497,1501,1482,495,1095,1650,1523,1439
2025-06-24 14:49:28.060,1459,1515,1271,1488,1459,661,1264,1717,1520,1434
2025-06-24 14:49:28.160,1465,1478,1052,1488,1376,1183,1430,1696,1520,1431
2025-06-24 14:49:28.260,1487,1502,942,1471,1309,1790,1584,1667,1520,1442
2025-06-24 14:49:28.359,1499,1574,847,1513,1354,2311,1994,1710,1521,1442
2025-06-24 14:49:28.459,1513,1582,831,1474,1423,2742,2626,1783,1527,1445
2025-06-24 14:49:28.559,1522,1510,850,1447,1403,3091,3041,1918,1532,1448
2025-06-24 14:49:28.659,1535,1435,946,1426,1392,3275,2901,2043,1527,1445
2025-06-24 14:49:28.759,1562,1392,1104,1431,1386,3196,2489,2124,1527,1443
2025-06-24 14:49:28.858,1563,1389,1312,1481,1378,3062,2160,1753,1522,1437
2025-06-24 14:49:28.958,1544,1424,1411,1520,1443,3106,1763,1323,1529,1442
2025-06-24 14:49:29.058,1531,1424,1401,1461,1458,2640,1265,1153,1520,1434
2025-06-24 14:49:29.158,1515,1469,1436,1467,1568,1529,1033,1263,1534,1447
2025-06-24 14:49:29.257,1487,1579,1465,1472,1715,674,724,1334,1542,1453
2025-06-24 14:49:29.356,1425,1646,1641,1504,1771,461,545,1368,1535,1449
2025-06-24 14:49:29.456,1343,1680,1806,1504,1739,642,407,1279,1531,1447
2025-06-24 14:49:29.556,1263,1680,1719,1462,1717,783,452,997,1520,1432
2025-06-24 14:49:29.656,1230,1673,1585,1511,1673,354,637,944,1529,1443
2025-06-24 14:49:29.755,1242,1654,1411,1488,1591,126,841,1049,1526,1429
2025-06-24 14:49:29.854,1226,1629,1296,1456,1552,182,1075,1171,1526,1439
2025-06-24 14:49:29.953,1251,1600,1248,1521,1456,483,1298,1229,1526,1442
2025-06-24 14:49:30.053,1266,1586,1274,1600,1377,1091,1467,1221,1525,1435
2025-06-24 14:49:30.153,1282,1601,1328,1587,1317,1726,1650,1223,1525,1443
2025-06-24 14:49:30.252,1317,1586,1385,1573,1318,2258,2062,1329,1527,1439
2025-06-24 14:49:30.351,1341,1545,1436,1591,1295,2640,2177,1506,1519,1433
2025-06-24 14:49:30.451,1366,1451,1411,1520,1353,2846,2019,1843,1520,1438
2025-06-24 14:49:30.551,1413,1439,1515,1488,1381,2959,1902,2206,1520,1425
2025-06-24 14:49:30.650,1443,1493,1617,1497,1364,2868,1862,2433,1534,1446
2025-06-24 14:49:30.750,1452,1499,1721,1504,1393,2828,1505,2354,1534,1450
2025-06-24 14:49:30.850,1469,1446,1771,1563,1391,3059,1186,2115,1531,1449
2025-06-24 14:49:30.950,1463,1392,1805,1584,1468,2524,893,1813,1535,1454
2025-06-24 14:49:31.050,1477,1360,1857,1541,1507,1023,780,1360,1535,1433
2025-06-24 14:49:31.150,1498,1383,1924,1463,1506,0,832,1204,1551,1456
2025-06-24 14:49:31.250,1488,1405,1951,1492,1680,0,1095,1235,1511,1441
2025-06-24 14:49:31.349,1522,1482,1957,1515,1815,486,1456,1219,1520,1435
2025-06-24 14:49:31.449,1488,1584,1865,1518,1845,930,1840,730,1527,1439
2025-06-24 14:49:31.548,1457,1666,1792,1514,1825,772,2098,669,1526,1445
2025-06-24 14:49:31.648,1451,1683,1973,1535,1696,748,2305,797,1524,1439
2025-06-24 14:49:31.747,1460,1706,2158,1574,1623,720,2320,1014,1520,1437
2025-06-24 14:49:31.846,1494,1701,2147,1519,1568,596,2191,1145,1521,1435
2025-06-24 14:49:31.945,1520,1687,1902,1482,1517,960,2244,1360,1524,1444
2025-06-24 14:49:32.045,1543,1629,1695,1477,1468,1485,2185,1590,1520,1435
2025-06-24 14:49:32.145,1549,1574,1467,1492,1425,1898,2105,1744,1523,1438
2025-06-24 14:49:32.245,1566,1510,1312,1491,1347,2287,1840,1987,1523,1445
2025-06-24 14:49:32.344,1558,1520,1264,1485,1261,2530,1651,2265,1520,1438
2025-06-24 14:49:32.444,1554,1566,1236,1408,1311,2617,1312,2687,1521,1438
2025-06-24 14:49:32.544,1547,1549,1189,1415,1328,2611,1117,2982,1526,1443
2025-06-24 14:49:32.644,1545,1519,1228,1462,1328,2928,906,2755,1530,1446
2025-06-24 14:49:32.744,1543,1487,1370,1518,1380,3337,816,2542,1520,1441
2025-06-24 14:49:32.844,1534,1482,1546,1524,1407,2167,763,2227,1526,1440
2025-06-24 14:49:32.944,1552,1506,1691,1584,1473,939,784,1776,1526,1439
2025-06-24 14:49:33.044,1564,1507,1822,1571,1520,334,880,1572,1551,1456
2025-06-24 14:49:33.144,1584,1485,1872,1579,1485,439,1142,1607,1535,1454
2025-06-24 14:49:33.244,1600,1426,1640,1509,1616,658,1373,1714,1526,1441
2025-06-24 14:49:33.343,1618,1395,1459,1483,1760,445,1569,1331,1535,1450
2025-06-24 14:49:33.443,1628,1449,1471,1521,1791,0,1698,517,1535,1451
2025-06-24 14:49:33.543,1643,1492,1488,1525,1784,195,1872,272,1532,1445
2025-06-24 14:49:33.643,1636,1520,1504,1563,1771,869,2032,245,1523,1440
2025-06-24 14:49:33.743,1605,1575,1519,1551,1693,1563,1959,368,1525,1440
2025-06-24 14:49:33.842,1586,1598,1533,1520,1647,1986,1872,506,1523,1441
2025-06-24 14:49:33.942,1586,1618,1541,1550,1585,2293,1666,735,1519,1435
2025-06-24 14:49:34.042,1603,1651,1606,1552,1490,2576,1598,1068,1520,1436
2025-06-24 14:49:34.146,1620,1661,1631,1520,1415,2665,1284,1555,1522,1442
2025-06-24 14:49:34.245,1648,1616,1613,1443,1360,2722,1122,2065,1519,1431
2025-06-24 14:49:34.344,1646,1602,1552,1488,1245,2656,1053,2646,1523,1434
2025-06-24 14:49:34.444,1619,1562,1451,1566,1275,2608,987,3015,1520,1435
2025-06-24 14:49:34.543,1610,1533,1342,1511,1346,3204,880,2806,1526,1440
2025-06-24 14:49:34.643,1601,1559,1334,1500,1322,3069,890,2421,1530,1445
2025-06-24 14:49:34.742,1586,1568,1344,1480,1329,1691,1050,2099,1526,1442
2025-06-24 14:49:34.841,1577,1589,1382,1489,1295,603,1107,1651,1535,1463
2025-06-24 14:49:34.941,1563,1562,1483,1392,1389,267,1378,1254,1544,1454
2025-06-24 14:49:35.041,1551,1552,1574,1488,1494,413,1552,980,1535,1447
2025-06-24 14:49:35.142,1547,1474,1377,1557,1472,649,1757,855,1521,1437
2025-06-24 14:49:35.237,1557,1547,1120,1553,1583,418,1843,637,1518,1430
2025-06-24 14:49:35.337,1561,1573,994,1519,1741,378,1978,337,1521,1434
2025-06-24 14:49:35.437,1565,1492,1037,1473,1776,549,2065,320,1527,1445
2025-06-24 14:49:35.537,1563,1385,1095,1504,1770,734,2055,463,1533,1449
2025-06-24 14:49:35.637,1570,1344,1194,1486,1744,1033,1938,654,1526,1440
2025-06-24 14:49:35.737,1568,1360,1340,1503,1660,1353,1812,782,1520,1440
2025-06-24 14:49:35.837,1556,1390,1463,1487,1635,1731,1465,908,1547,1454
2025-06-24 14:49:35.937,1549,1442,1575,1517,1551,1797,1207,965,1532,1449
2025-06-24 14:49:36.037,1520,1511,1635,1472,1498,2086,901,1157,1529,1447
2025-06-24 14:49:36.137,1493,1609,1707,1543,1462,2250,802,1488,1522,1439
2025-06-24 14:49:36.237,1459,1633,1712,1554,1418,2342,834,1733,1520,1437
2025-06-24 14:49:36.336,1439,1666,1653,1525,1371,2233,847,1986,1518,1433
2025-06-24 14:49:36.435,1434,1664,1633,1506,1339,2701,1030,2304,1520,1439
2025-06-24 14:49:36.535,1439,1670,1546,1520,1414,2432,1208,2354,1515,1427
2025-06-24 14:49:36.635,1411,1639,1581,1522,1386,1296,1428,2044,1527,1440
2025-06-24 14:49:36.735,1344,1606,1552,1502,1260,291,1697,1805,1524,1431
2025-06-24 14:49:36.835,1361,1580,1488,1493,1301,0,1788,1744,1531,1442
2025-06-24 14:49:36.934,1386,1574,1472,1488,1360,346,2021,1739,1535,1449
2025-06-24 14:49:37.034,1408,1598,1485,1430,1379,862,2222,1766,1526,1443
2025-06-24 14:49:37.134,1440,1605,1279,1436,1376,675,2278,1615,1535,1450
2025-06-24 14:49:37.234,1468,1562,1081,1493,1478,709,2273,1265,1535,1457
2025-06-24 14:49:37.334,1519,1517,1065,1504,1733,846,2235,1139,1527,1442
2025-06-24 14:49:37.433,1513,1463,1118,1514,1856,1091,2220,1153,1522,1437
2025-06-24 14:49:37.533,1519,1585,1217,1478,1813,1503,1904,1195,1523,1442
2025-06-24 14:49:37.633,1520,1582,1383,1450,1723,1839,1701,1273,1523,1438
2025-06-24 14:49:37.733,1518,1520,1573,1495,1678,2244,1406,1281,1527,1445
2025-06-24 14:49:37.833,1504,1452,1701,1567,1616,2601,1042,1281,1531,1442
2025-06-24 14:49:37.933,1476,1392,1823,1552,1535,2879,997,1370,1529,1441
2025-06-24 14:49:38.033,1445,1383,1904,1535,1445,3029,1038,1486,1524,1441
2025-06-24 14:49:38.133,1407,1390,1936,1554,1379,2982,1072,1542,1520,1433
2025-06-24 14:49:38.233,1392,1426,1922,1583,1383,2878,1191,1583,1517,1434
2025-06-24 14:49:38.333,1375,1522,1858,1599,1347,3674,1415,1917,1529,1443
2025-06-24 14:49:38.432,1355,1573,1810,1565,1317,2751,1669,2129,1529,1443
2025-06-24 14:49:38.532,1360,1613,1771,1531,1319,1200,1904,2172,1533,1450
2025-06-24 14:49:38.632,1361,1652,1741,1528,1342,186,1935,1920,1530,1445
2025-06-24 14:49:38.732,1375,1651,1740,1479,1335,66,2002,1392,1533,1443
2025-06-24 14:49:38.831,1387,1618,1683,1514,1390,500,2119,1079,1523,1434
2025-06-24 14:49:38.930,1366,1616,1613,1546,1374,241,2160,896,1520,1434
2025-06-24 14:49:39.029,1367,1567,1555,1489,1370,0,2093,913,1519,1432
2025-06-24 14:49:39.129,1387,1522,1334,1467,1465,0,1941,752,1523,1438
2025-06-24 14:49:39.229,1410,1524,1055,1530,1534,0,1721,596,1527,1441
2025-06-24 14:49:39.328,1440,1561,958,1552,1777,336,1351,600,1521,1437
2025-06-24 14:49:39.427,1465,1606,981,1552,1859,1043,1009,918,1530,1446
2025-06-24 14:49:39.526,1485,1585,1053,1523,1855,1760,757,1292,1530,1449
2025-06-24 14:49:39.626,1491,1535,1199,1488,1791,2118,730,1545,1535,1450
2025-06-24 14:49:39.726,1502,1483,1297,1573,1671,1915,794,1678,1542,1449
2025-06-24 14:49:39.826,1506,1526,1331,1559,1600,1548,924,1755,1524,1439
2025-06-24 14:49:39.925,1507,1579,1373,1488,1550,1727,1089,1949,1520,1434
2025-06-24 14:49:40.025,1510,1532,1410,1501,1543,1801,1377,2031,1515,1429
2025-06-24 14:49:40.125,1488,1430,1423,1493,1474,2181,1645,2096,1525,1442
2025-06-24 14:49:40.224,1488,1360,1426,1457,1413,3362,1903,2207,1525,1445
2025-06-24 14:49:40.324,1472,1354,1367,1388,1374,2463,2019,2261,1525,1444
2025-06-24 14:49:40.423,1467,1377,1305,1493,1324,993,2094,1954,1521,1439
2025-06-24 14:49:40.523,1459,1422,1251,1501,1351,253,2107,1433,1523,1425
2025-06-24 14:49:40.623,1442,1489,1183,1477,1394,162,2104,1266,1529,1443
2025-06-24 14:49:40.723,1424,1584,1280,1566,1389,672,2025,1232,1533,1434
2025-06-24 14:49:40.822,1414,1655,1420,1552,1344,0,1878,1359,1535,1450
2025-06-24 14:49:40.921,1421,1683,1573,1533,1333,0,1776,1718,1530,1445
2025-06-24 14:49:41.020,1430,1690,1599,1552,1419,0,1430,1753,1529,1442
2025-06-24 14:49:41.120,1429,1685,1596,1520,1460,111,1072,1773,1526,1445
2025-06-24 14:49:41.220,1393,1639,1404,1518,1424,1023,845,1710,1521,1437
2025-06-24 14:49:41.320,1413,1602,1255,1520,1602,2090,763,1693,1535,1449
2025-06-24 14:49:41.419,1427,1513,1287,1489,1791,2394,723,1710,1520,1439
2025-06-24 14:49:41.519,1461,1521,1385,1476,1841,2736,874,1665,1520,1434
2025-06-24 14:49:41.619,1495,1558,1495,1490,1714,2823,1121,1600,1529,1430
2025-06-24 14:49:41.719,1487,1590,1665,1519,1629,2723,1334,1520,1533,1447
2025-06-24 14:49:41.819,1502,1574,1776,1559,1615,2239,1617,1503,1533,1446
2025-06-24 14:49:41.919,1515,1543,1799,1547,1556,1543,1872,1633,1531,1443
2025-06-24 14:49:42.019,1529,1515,1808,1498,1505,2334,2096,1665,1531,1452
2025-06-24 14:49:42.119,1535,1535,1785,1439,1469,2617,2310,1680,1522,1440
2025-06-24 14:49:42.219,1549,1589,1762,1456,1425,1709,2487,1706,1520,1438
2025-06-24 14:49:42.319,1520,1502,1669,1497,1383,761,2465,1552,1514,1426
2025-06-24 14:49:42.419,1552,1431,1633,1552,1392,133,2363,1511,1524,1441
2025-06-24 14:49:42.519,1563,1361,1575,1579,1424,352,2220,1110,1529,1443
2025-06-24 14:49:42.619,1526,1370,1478,1532,1477,882,1947,720,1542,1453
2025-06-24 14:49:42.718,1523,1405,1422,1518,1417,444,1663,579,1529,1446
2025-06-24 14:49:42.818,1501,1462,1399,1519,1395,181,1403,599,1546,1455
2025-06-24 14:49:42.917,1469,1633,1333,1513,1361,376,1168,794,1531,1443
2025-06-24 14:49:43.017,1440,1840,1297,1467,1373,1179,1072,608,1523,1439
2025-06-24 14:49:43.117,1416,1839,1259,1472,1462,1787,1253,611,1523,1442
2025-06-24 14:49:43.217,1407,1799,1168,1505,1484,1860,1441,730,1526,1443
2025-06-24 14:49:43.317,1408,1715,958,1552,1551,1919,1609,911,1526,1441
2025-06-24 14:49:43.417,1399,1681,946,1522,1679,2131,1674,1149,1529,1440
2025-06-24 14:49:43.517,1371,1661,1054,1531,1712,2454,1742,1372,1532,1450
2025-06-24 14:49:43.617,1387,1523,1158,1517,1705,2730,1792,1807,1526,1443
2025-06-24 14:49:43.717,1419,1426,1249,1488,1584,3024,1813,2051,1526,1446
2025-06-24 14:49:43.816,1456,1370,1377,1481,1499,2929,1774,2243,1520,1434
2025-06-24 14:49:43.915,1477,1409,1485,1504,1476,2867,1819,2384,1521,1435
2025-06-24 14:49:44.015,1489,1463,1517,1520,1451,2736,1823,2459,1519,1431
2025-06-24 14:49:44.115,1503,1456,1555,1522,1455,1817,1738,2667,1526,1437
2025-06-24 14:49:44.219,1517,1424,1578,1478,1367,629,1555,3056,1522,1440
2025-06-24 14:49:44.318,1504,1392,1559,1477,1393,313,1353,2666,1534,1451
2025-06-24 14:49:44.418,1501,1431,1600,1501,1386,481,1230,1910,1541,1450
2025-06-24 14:49:44.517,1511,1497,1557,1511,1372,700,1010,1415,1525,1439
2025-06-24 14:49:44.616,1518,1482,1555,1456,1387,618,976,1451,1525,1440
2025-06-24 14:49:44.716,1517,1399,1526,1461,1411,634,848,1574,1547,1456
2025-06-24 14:49:44.816,1527,1370,1527,1552,1360,1335,690,1765,1533,1445
2025-06-24 14:49:44.915,1520,1309,1488,1543,1379,2240,704,1779,1520,1438
2025-06-24 14:49:45.015,1513,1355,1526,1563,1398,2960,741,891,1525,1443
2025-06-24 14:49:45.115,1493,1427,1559,1571,1445,3945,858,349,1520,1437
2025-06-24 14:49:45.216,1467,1517,1415,1559,1510,3892,1095,339,1525,1440
2025-06-24 14:49:45.311,1430,1585,1296,1513,1510,1386,1332,560,1525,1438
2025-06-24 14:49:45.411,1415,1646,1232,1522,1654,0,1602,669,1520,1435
2025-06-24 14:49:45.510,1424,1690,1243,1550,1775,0,1723,882,1527,1440
2025-06-24 14:49:45.610,1428,1715,1322,1535,1793,0,1898,1111,1535,1450
2025-06-24 14:49:45.710,1442,1707,1371,1488,1738,0,2034,1334,1533,1445
2025-06-24 14:49:45.810,1407,1663,1362,1434,1618,238,2059,1578,1535,1449
2025-06-24 14:49:45.909,1394,1627,1357,1494,1533,1520,1945,1851,1524,1441
2025-06-24 14:49:46.008,1417,1629,1415,1535,1485,1202,1824,2225,1518,1431
2025-06-24 14:49:46.107,1445,1600,1481,1550,1445,854,1746,2946,1527,1445
2025-06-24 14:49:46.207,1457,1584,1555,1504,1481,991,1411,3182,1524,1441
2025-06-24 14:49:46.306,1472,1586,1552,1566,1442,1305,1167,2789,1518,1430
2025-06-24 14:49:46.406,1488,1555,1504,1552,1391,1920,963,2422,1519,1433
2025-06-24 14:49:46.505,1488,1520,1552,1534,1384,2289,769,1920,1527,1441
2025-06-24 14:49:46.605,1507,1467,1552,1491,1391,2293,737,1378,1521,1438
2025-06-24 14:49:46.705,1506,1488,1515,1412,1439,2105,821,1102,1530,1446
2025-06-24 14:49:46.805,1520,1574,1552,1442,1431,2214,1012,1113,1533,1445
2025-06-24 14:49:46.905,1529,1529,1593,1504,1415,2586,1291,1040,1519,1434
2025-06-24 14:49:47.004,1525,1447,1680,1559,1407,2971,1504,847,1526,1453
2025-06-24 14:49:47.104,1526,1373,1683,1565,1449,3458,1786,78,1534,1447
2025-06-24 14:49:47.204,1543,1341,1663,1584,1487,4095,1877,80,1531,1443
2025-06-24 14:49:47.304,1531,1347,1568,1603,1553,4095,1907,407,1527,1443
2025-06-24 14:49:47.403,1518,1457,1424,1566,1589,4095,2046,752,1527,1444
2025-06-24 14:49:47.502,1489,1524,1359,1552,1712,4095,2256,1040,1526,1444
2025-06-24 14:49:47.602,1474,1593,1339,1559,1766,4095,2084,1209,1530,1456
2025-06-24 14:49:47.702,1450,1616,1373,1566,1767,4095,1869,1407,1535,1453
2025-06-24 14:49:47.802,1410,1633,1369,1545,1689,4095,1671,1472,1520,1425
2025-06-24 14:49:47.902,1427,1658,1456,1485,1608,2639,1497,1601,1525,1441
2025-06-24 14:49:47.999,1440,1648,1534,1475,1488,1302,1310,1553,1529,1442
2025-06-24 14:49:48.101,1446,1634,1589,1423,1406,656,1078,1551,1529,1449
2025-06-24 14:49:48.201,1383,1603,1629,1345,1417,626,1010,1840,1528,1442
2025-06-24 14:49:48.301,1380,1562,1619,1205,1395,880,1004,2120,1527,1440
2025-06-24 14:49:48.401,1417,1555,1602,1100,1413,609,996,2057,1522,1441
2025-06-24 14:49:48.500,1409,1553,1578,1139,1373,0,1072,1818,1524,1440
2025-06-24 14:49:48.600,1463,1569,1584,1101,1343,0,1255,1629,1520,1435
2025-06-24 14:49:48.700,1481,1587,1597,1153,1424,0,1450,1587,1535,1451
2025-06-24 14:49:48.800,1500,1571,1585,1315,1455,0,1637,1776,1527,1449
2025-06-24 14:49:48.899,1521,1519,1509,1414,1393,437,1867,2219,1530,1444
2025-06-24 14:49:48.998,1544,1487,1520,1447,1409,1327,1971,2395,1523,1442
2025-06-24 14:49:49.098,1558,1551,1628,1524,1427,2240,2183,2319,1529,1443
2025-06-24 14:49:49.198,1565,1579,1563,1783,1426,3186,2267,2367,1535,1450
2025-06-24 14:49:49.298,1575,1520,1563,2103,1465,4095,2096,2352,1524,1443
2025-06-24 14:49:49.397,1599,1418,1562,2229,1475,4095,1941,2212,1529,1441
2025-06-24 14:49:49.496,1608,1351,1463,2205,1581,4095,1872,1984,1522,1437
2025-06-24 14:49:49.596,1584,1360,1377,2167,1694,4095,1809,1790,1519,1431
2025-06-24 14:49:49.696,1552,1412,1373,2143,1729,4081,1438,1607,1520,1434
2025-06-24 14:49:49.796,1533,1470,1345,1981,1759,2652,1230,1370,1523,1431
2025-06-24 14:49:49.896,1501,1530,1335,1680,1677,1443,1041,1285,1522,1435
2025-06-24 14:49:49.995,1470,1577,1434,1520,1586,730,1003,1335,1531,1442
2025-06-24 14:49:50.094,1442,1618,1521,1317,1509,624,961,1415,1547,1455
2025-06-24 14:49:50.194,1440,1663,1598,1152,1471,794,949,1578,1543,1453
2025-06-24 14:49:50.294,1442,1658,1657,1038,1433,468,1090,1712,1524,1438
2025-06-24 14:49:50.394,1441,1648,1702,1054,1413,0,1260,1747,1520,1439
2025-06-24 14:49:50.494,1410,1655,1663,1072,1374,0,1654,1589,1522,1438
2025-06-24 14:49:50.593,1374,1614,1605,1136,1417,0,1984,1186,1523,1440
2025-06-24 14:49:50.692,1404,1584,1582,1200,1395,16,2182,1104,1531,1447
2025-06-24 14:49:50.792,1407,1570,1507,1293,1491,640,2319,1315,1529,1440
2025-06-24 14:49:50.892,1440,1567,1493,1326,1522,1440,2303,1411,1530,1445
2025-06-24 14:49:50.991,1471,1585,1507,1468,1392,2233,2219,1227,1530,1441
2025-06-24 14:49:51.091,1489,1557,1552,1520,1325,3024,2263,659,1525,1447
2025-06-24 14:49:51.191,1494,1456,1570,1571,1365,3696,2083,589,1525,1443
2025-06-24 14:49:51.291,1513,1433,1580,1549,1472,4058,1946,737,1529,1456
2025-06-24 14:49:51.391,1525,1521,1671,1600,1506,4095,1526,1159,1522,1438
2025-06-24 14:49:51.490,1523,1458,1777,1615,1571,3486,1164,1629,1527,1439
2025-06-24 14:49:51.590,1505,1427,1786,1632,1667,3429,903,1887,1522,1437
2025-06-24 14:49:51.690,1516,1359,1756,1563,1740,3010,871,1953,1531,1440
2025-06-24 14:49:51.790,1531,1299,1791,1520,1767,1938,903,1958,1530,1441
2025-06-24 14:49:51.889,1526,1328,1721,1559,1665,1055,829,2004,1533,1453
2025-06-24 14:49:51.989,1505,1391,1600,1527,1546,698,918,2078,1541,1445
2025-06-24 14:49:52.089,1483,1435,1584,1525,1494,704,1086,2091,1531,1444
2025-06-24 14:49:52.189,1454,1520,1554,1555,1489,650,1213,2275,1523,1439
2025-06-24 14:49:52.289,1435,1575,1557,1561,1451,0,1474,2459,1525,1437
2025-06-24 14:49:52.388,1408,1642,1559,1568,1444,0,1713,2498,1520,1415
2025-06-24 14:49:52.488,1389,1663,1519,1584,1392,0,1830,2009,1507,1424
2025-06-24 14:49:52.588,1413,1700,1584,1630,1398,65,1831,1616,1529,1447
2025-06-24 14:49:52.688,1431,1690,1616,1648,1435,618,1877,1382,1532,1443
2025-06-24 14:49:52.788,1414,1667,1651,1561,1483,1281,1886,1293,1527,1442
2025-06-24 14:49:52.888,1360,1613,1653,1552,1521,1917,1819,1247,1517,1431
2025-06-24 14:49:52.987,1360,1571,1607,1564,1482,2448,1743,1328,1520,1440
2025-06-24 14:49:53.087,1375,1559,1595,1604,1377,2883,1723,752,1531,1445
2025-06-24 14:49:53.187,1395,1581,1584,1616,1327,3162,1449,326,1546,1456
2025-06-24 14:49:53.287,1406,1565,1545,1579,1410,3323,1229,323,1530,1444
2025-06-24 14:49:53.387,1438,1510,1501,1456,1466,3214,1065,534,1522,1436
2025-06-24 14:49:53.486,1461,1489,1472,1225,1561,2975,943,1167,1522,1435
2025-06-24 14:49:53.586,1485,1452,1475,1034,1595,3095,890,1792,1526,1439
2025-06-24 14:49:53.686,1511,1452,1402,1001,1661,2426,912,2032,1532,1443
2025-06-24 14:49:53.786,1520,1436,1393,1003,1681,1375,1121,2242,1519,1427
2025-06-24 14:49:53.886,1546,1347,1387,1082,1663,659,1296,2358,1530,1439
2025-06-24 14:49:53.985,1555,1277,1458,1154,1616,407,1447,2354,1523,1441
2025-06-24 14:49:54.085,1582,1282,1573,1289,1549,471,1664,2310,1520,1424
2025-06-24 14:49:54.185,1575,1338,1710,1405,1535,0,1851,2306,1521,1442
2025-06-24 14:49:54.289,1558,1397,1728,1478,1489,0,1795,2579,1529,1442
2025-06-24 14:49:54.388,1531,1457,1790,1579,1470,0,1730,2448,1525,1441
2025-06-24 14:49:54.487,1511,1552,1843,1637,1473,0,1675,1849,1531,1445
2025-06-24 14:49:54.586,1488,1648,1855,1680,1477,0,1626,1191,1525,1437
2025-06-24 14:49:54.685,1469,1713,1737,1722,1362,354,1541,770,1527,1440
2025-06-24 14:49:54.784,1472,1758,1677,1771,1341,1137,1580,573,1530,1439
2025-06-24 14:49:54.883,1505,1777,1609,1991,1411,2086,1329,389,1533,1443
2025-06-24 14:49:54.982,1516,1776,1609,2114,1498,2889,1247,365,1527,1440
2025-06-24 14:49:55.082,1501,1739,1675,2128,1458,3666,1136,0,1530,1447
2025-06-24 14:49:55.182,1415,1631,1783,2075,1408,4095,985,0,1535,1453
2025-06-24 14:49:55.283,1376,1525,1825,1988,1456,4095,956,0,1530,1446
2025-06-24 14:49:55.378,1386,1482,1823,1778,1472,4095,976,0,1535,1448
2025-06-24 14:49:55.478,1407,1535,1867,1596,1507,3682,1034,0,1521,1439
2025-06-24 14:49:55.577,1423,1563,1649,1534,1543,3379,1215,193,1525,1441
2025-06-24 14:49:55.677,1457,1529,1573,1468,1622,2591,1337,631,1529,1450
2025-06-24 14:49:55.777,1493,1503,1581,1377,1744,1684,1651,967,1523,1439
2025-06-24 14:49:55.877,1515,1491,1616,1391,1710,1067,1771,1288,1531,1446
2025-06-24 14:49:55.977,1527,1569,1646,1395,1672,799,1899,1742,1524,1441
2025-06-24 14:49:56.076,1530,1572,1708,1383,1584,687,2004,2263,1521,1441
2025-06-24 14:49:56.176,1557,1549,1789,1445,1499,0,1970,2751,1525,1441
2025-06-24 14:49:56.276,1552,1475,1847,1454,1456,0,1913,3101,1521,1437
2025-06-24 14:49:56.376,1564,1421,1965,1446,1475,0,1853,2966,1520,1436
2025-06-24 14:49:56.475,1563,1442,2006,1430,1481,0,1767,2334,1530,1449
2025-06-24 14:49:56.575,1535,1450,2018,1463,1454,0,1554,1806,1531,1445
2025-06-24 14:49:56.674,1519,1515,1949,1488,1430,642,1331,1618,1527,1445
2025-06-24 14:49:56.774,1503,1551,1840,1494,1362,1744,1237,1623,1527,1445
2025-06-24 14:49:56.874,1491,1605,1763,1490,1394,2810,979,1743,1534,1448
2025-06-24 14:49:56.974,1485,1638,1669,1520,1524,3995,931,1755,1523,1440
2025-06-24 14:49:57.073,1458,1679,1647,1568,1533,4095,933,1108,1520,1433
2025-06-24 14:49:57.173,1442,1695,1674,1490,1513,4095,1002,517,1526,1442
2025-06-24 14:49:57.273,1434,1658,1600,1372,1525,4095,1163,617,1530,1442
2025-06-24 14:49:57.373,1427,1674,1456,1411,1558,3743,1366,910,1521,1438
2025-06-24 14:49:57.473,1427,1660,1345,1471,1598,2997,1659,1209,1535,1451
2025-06-24 14:49:57.573,1434,1605,1181,1490,1574,2663,1715,1418,1526,1443
2025-06-24 14:49:57.673,1399,1567,1088,1513,1516,2229,1851,1584,1524,1437
2025-06-24 14:49:57.773,1377,1603,1040,1546,1637,1655,2028,1770,1530,1445
2025-06-24 14:49:57.873,1401,1595,1056,1568,1701,1077,2157,1970,1529,1438
2025-06-24 14:49:57.973,1395,1553,1058,1597,1621,710,2107,2164,1516,1434
2025-06-24 14:49:58.073,1433,1500,998,1642,1584,534,1997,2353,1525,1441
2025-06-24 14:49:58.173,1461,1463,1090,1394,1558,0,1913,2679,1524,1441
2025-06-24 14:49:58.273,1488,1491,1195,1106,1455,0,1653,2807,1531,1441
2025-06-24 14:49:58.373,1502,1526,1294,928,1391,0,1588,2601,1526,1441
2025-06-24 14:49:58.473,1531,1506,1391,865,1379,0,2079,2298,1527,1445
2025-06-24 14:49:58.572,1550,1445,1418,949,1453,190,1286,1815,1530,1443
2025-06-24 14:49:58.672,1548,1365,1419,1072,1477,878,785,1456,1530,1443
2025-06-24 14:49:58.772,1523,1360,1387,1187,1502,1703,739,1363,1527,1443
2025-06-24 14:49:58.872,1557,1365,1341,1316,1469,2495,1008,1387,1521,1431
2025-06-24 14:49:58.972,1561,1461,1295,1442,1424,3004,1168,1311,1527,1444
2025-06-24 14:49:59.073,1527,1517,1283,1513,1513,3376,1351,582,1523,1440
2025-06-24 14:49:59.173,1515,1609,1315,1611,1485,3631,1684,324,1520,1434
2025-06-24 14:49:59.273,1503,1665,1327,1729,1424,3311,1828,489,1520,1442
2025-06-24 14:49:59.373,1498,1654,1197,1769,1363,2961,1923,880,1523,1443
2025-06-24 14:49:59.472,1485,1667,1115,1845,1378,2720,2033,1301,1531,1445
2025-06-24 14:49:59.572,1463,1675,1011,1883,1488,2395,2135,1580,1535,1450
2025-06-24 14:49:59.672,1463,1653,945,1947,1561,1577,2028,1721,1535,1454
2025-06-24 14:49:59.771,1457,1622,1036,1968,1566,957,1999,1777,1526,1443
2025-06-24 14:49:59.870,1459,1598,1074,2021,1622,671,1904,1912,1525,1440
2025-06-24 14:49:59.969,1457,1582,1142,1995,1613,735,1532,2065,1520,1429
2025-06-24 14:50:00.067,1445,1526,1183,1967,1610,547,1258,2241,1527,1445
2025-06-24 14:50:00.173,1449,1557,1247,1890,1587,0,1065,2582,1535,1444
2025-06-24 14:50:00.267,1456,1574,1346,1766,1552,0,937,2611,1535,1445
2025-06-24 14:50:00.367,1479,1553,1430,1574,1529,0,829,2349,1533,1437
2025-06-24 14:50:00.466,1487,1490,1520,1511,1463,64,887,1950,1527,1441
2025-06-24 14:50:00.565,1488,1473,1602,1439,1454,596,987,1677,1524,1453
2025-06-24 14:50:00.665,1481,1535,1645,1391,1415,1185,1223,1535,1527,1441
2025-06-24 14:50:00.765,1474,1505,1690,1367,1488,1840,1488,1556,1520,1435
2025-06-24 14:50:00.865,1482,1454,1702,1408,1461,2480,1749,1565,1517,1430
2025-06-24 14:50:00.965,1469,1406,1627,1483,1460,2994,1904,1216,1519,1434
2025-06-24 14:50:01.064,1459,1366,1564,1454,1578,3399,2098,741,1526,1452
2025-06-24 14:50:01.164,1456,1375,1399,1392,1597,3648,2189,749,1520,1437
2025-06-24 14:50:01.264,1446,1413,1283,1424,1423,3456,2064,896,1519,1435
2025-06-24 14:50:01.364,1422,1472,1331,1481,1360,3265,2107,1197,1526,1441
2025-06-24 14:50:01.464,1395,1573,1419,1467,1411,3002,1987,1542,1526,1441
2025-06-24 14:50:01.563,1375,1606,1344,1488,1398,2033,1857,2068,1527,1445
2025-06-24 14:50:01.663,1379,1649,1293,1584,1446,1073,1477,2575,1527,1442
2025-06-24 14:50:01.763,1385,1684,1302,1600,1495,609,1206,2765,1527,1448
2025-06-24 14:50:01.863,1402,1675,1343,1555,1507,521,985,3008,1530,1446
2025-06-24 14:50:01.962,1413,1667,1359,1513,1624,558,852,3313,1521,1437
2025-06-24 14:50:02.062,1421,1635,1441,1520,1685,0,829,3264,1535,1449
2025-06-24 14:50:02.162,1426,1579,1532,1494,1677,0,870,3053,1534,1447
2025-06-24 14:50:02.262,1441,1563,1593,1485,1611,0,1018,2848,1534,1447
2025-06-24 14:50:02.362,1456,1563,1631,1483,1500,0,1254,2270,1535,1450
2025-06-24 14:50:02.461,1477,1616,1631,1475,1472,0,1503,1571,1535,1454
2025-06-24 14:50:02.560,1490,1643,1613,1451,1443,144,1794,1129,1535,1453
2025-06-24 14:50:02.659,1510,1586,1648,1450,1425,1239,2064,864,1533,1445
2025-06-24 14:50:02.759,1520,1506,1678,1454,1456,2506,2102,663,1520,1438
2025-06-24 14:50:02.859,1547,1459,1761,1469,1503,4091,2138,524,1520,1434
2025-06-24 14:50:02.959,1525,1534,1697,1534,1491,4095,2160,0,1520,1435
2025-06-24 14:50:03.058,1547,1522,1680,1544,1461,4095,2176,0,1516,1434
2025-06-24 14:50:03.158,1552,1447,1634,1506,1509,4095,2177,0,1519,1433
2025-06-24 14:50:03.258,1552,1372,1505,1441,1556,4095,2007,0,1521,1431
2025-06-24 14:50:03.358,1555,1365,1477,1481,1477,4095,1683,0,1523,1435
2025-06-24 14:50:03.458,1532,1354,1532,1354,1436,4095,1275,19,1526,1440
2025-06-24 14:50:03.558,1455,1357,1462,1199,1426,2854,1079,337,1520,1436
2025-06-24 14:50:03.658,1424,1426,1413,1053,1533,1251,1031,618,1533,1445
2025-06-24 14:50:03.758,1413,1499,1376,960,1575,227,849,1057,1543,1456
2025-06-24 14:50:03.858,1417,1572,1301,923,1571,0,794,1335,1534,1451
2025-06-24 14:50:03.958,1439,1648,1341,1029,1601,0,956,1531,1527,1430
2025-06-24 14:50:04.057,1434,1674,1360,1152,1562,0,1168,1872,1521,1437
2025-06-24 14:50:04.157,1411,1681,1440,1322,1570,0,1399,2226,1522,1435
2025-06-24 14:50:04.257,1426,1698,1472,1398,1533,0,1616,2355,1527,1447
2025-06-24 14:50:04.360,1453,1665,1526,1518,1460,0,1872,2064,1534,1445
2025-06-24 14:50:04.459,1488,1584,1602,1655,1424,99,1923,1586,1530,1445
2025-06-24 14:50:04.558,1511,1547,1647,1687,1455,1239,1888,1567,1524,1441
2025-06-24 14:50:04.657,1522,1562,1718,1745,1547,2567,1870,1559,1525,1440
2025-06-24 14:50:04.756,1523,1579,1728,1797,1489,4095,1841,1637,1519,1431
2025-06-24 14:50:04.856,1520,1596,1697,1899,1515,4095,1846,1521,1514,1431
2025-06-24 14:50:04.955,1550,1602,1694,1936,1459,4095,1683,727,1520,1434
2025-06-24 14:50:05.054,1555,1551,1647,1953,1475,4095,1535,185,1529,1442
2025-06-24 14:50:05.154,1549,1520,1658,1926,1493,4095,1277,219,1549,1451
2025-06-24 14:50:05.254,1527,1523,1706,1913,1545,4095,1165,492,1525,1439
2025-06-24 14:50:05.355,1517,1561,1580,1829,1519,3712,956,832,1519,1434
2025-06-24 14:50:05.450,1504,1552,1443,1802,1433,2474,853,1246,1543,1456
2025-06-24 14:50:05.550,1509,1456,1425,1779,1457,1531,753,1575,1529,1442
2025-06-24 14:50:05.650,1488,1374,1361,1712,1510,986,918,1748,1530,1442
2025-06-24 14:50:05.749,1468,1360,1266,1613,1553,827,1164,2035,1525,1441
2025-06-24 14:50:05.848,1447,1381,1232,1507,1568,123,1541,2548,1535,1449
2025-06-24 14:50:05.947,1423,1444,1197,1459,1598,0,1750,2928,1533,1446
2025-06-24 14:50:06.046,1445,1535,1199,1408,1631,0,1951,3359,1523,1440
2025-06-24 14:50:06.145,1435,1587,1233,1456,1649,0,2102,3361,1520,1441
2025-06-24 14:50:06.244,1422,1616,1347,1424,1592,0,2241,2849,1525,1449
2025-06-24 14:50:06.344,1391,1655,1418,1552,1551,113,2299,2209,1535,1446
2025-06-24 14:50:06.443,1397,1664,1562,1590,1558,1115,2282,1989,1533,1445
2025-06-24 14:50:06.543,1424,1647,1697,1523,1440,2240,2144,2325,1522,1436
2025-06-24 14:50:06.642,1438,1639,1782,1535,1429,3291,1927,2602,1515,1431
2025-06-24 14:50:06.741,1442,1595,1754,1492,1429,4095,1716,2907,1521,1439
2025-06-24 14:50:06.841,1478,1550,1741,1474,1420,4095,1296,2747,1535,1461
2025-06-24 14:50:06.940,1490,1549,1738,1422,1481,4095,1054,1799,1526,1438
2025-06-24 14:50:07.040,1505,1578,1659,1466,1459,4095,870,1222,1523,1439
2025-06-24 14:50:07.139,1521,1616,1497,1465,1441,4095,753,1011,1534,1446
2025-06-24 14:50:07.238,1543,1623,1498,1479,1476,3154,866,1008,1532,1446
2025-06-24 14:50:07.337,1555,1570,1558,1481,1563,2131,945,966,1526,1443
2025-06-24 14:50:07.436,1558,1519,1453,1473,1509,1310,1126,1013,1529,1445
2025-06-24 14:50:07.536,1555,1526,1326,1514,1471,887,1359,1070,1533,1424
2025-06-24 14:50:07.636,1558,1597,1296,1517,1460,768,1607,1117,1523,1439
2025-06-24 14:50:07.736,1551,1545,1178,1445,1399,368,1792,1420,1526,1445
2025-06-24 14:50:07.836,1510,1467,1114,1416,1478,0,1946,1805,1529,1439
2025-06-24 14:50:07.935,1459,1395,1019,1478,1509,0,2013,2150,1535,1447
2025-06-24 14:50:08.034,1434,1353,991,1505,1545,0,2039,2378,1533,1443
2025-06-24 14:50:08.133,1424,1348,1095,1520,1587,0,2112,2224,1522,1439
2025-06-24 14:50:08.233,1433,1380,1194,1520,1607,197,2067,1905,1526,1438
2025-06-24 14:50:08.333,1443,1453,1359,1547,1604,1011,1934,1405,1520,1438
2025-06-24 14:50:08.433,1431,1535,1455,1499,1520,1971,1819,976,1514,1427
2025-06-24 14:50:08.532,1392,1586,1622,1512,1456,2898,1517,750,1520,1442
2025-06-24 14:50:08.631,1392,1642,1803,1509,1447,3878,1296,673,1525,1442
2025-06-24 14:50:08.731,1423,1673,2010,1467,1431,4095,1077,686,1525,1441
2025-06-24 14:50:08.830,1456,1662,2096,1509,1484,4095,800,378,1520,1434
2025-06-24 14:50:08.929,1473,1653,2000,1495,1515,4095,691,32,1520,1435
2025-06-24 14:50:09.028,1491,1613,1951,1492,1479,4095,816,64,1531,1442
2025-06-24 14:50:09.128,1485,1545,1836,1494,1476,2908,1071,331,1529,1445
2025-06-24 14:50:09.228,1523,1523,1733,1498,1501,1861,1363,752,1534,1445
2025-06-24 14:50:09.328,1531,1551,1699,1558,1585,1113,1616,1131,1535,1451
2025-06-24 14:50:09.428,1541,1595,1706,1579,1575,786,1776,1373,1531,1447
2025-06-24 14:50:09.528,1543,1632,1606,1431,1460,694,1924,1543,1535,1451
2025-06-24 14:50:09.628,1545,1621,1458,1209,1473,103,1987,1643,1542,1450
2025-06-24 14:50:09.728,1530,1535,1414,1019,1498,0,2064,1697,1530,1445
2025-06-24 14:50:09.828,1520,1486,1296,942,1487,0,2146,1834,1521,1438
2025-06-24 14:50:09.928,1508,1586,1232,947,1472,0,2073,2042,1535,1447
2025-06-24 14:50:10.028,1489,1566,1184,1072,1501,0,1891,2269,1532,1441
2025-06-24 14:50:10.127,1467,1505,1153,1168,1552,238,1766,2294,1532,1443
2025-06-24 14:50:10.226,1435,1407,1157,1295,1598,1214,1479,2086,1527,1442
2025-06-24 14:50:10.326,1424,1354,1232,1392,1529,2269,1267,1686,1530,1442
2025-06-24 14:50:10.426,1424,1313,1283,1485,1485,3273,1050,1369,1523,1438
2025-06-24 14:50:10.526,1433,1331,1502,1584,1403,4095,896,1265,1520,1435
2025-06-24 14:50:10.626,1408,1383,1712,1666,1393,4095,850,1447,1524,1441
2025-06-24 14:50:10.726,1390,1440,1835,1770,1415,4095,834,1589,1525,1439
2025-06-24 14:50:10.825,1399,1513,1914,1805,1383,4095,923,1170,1529,1442
2025-06-24 14:50:10.925,1422,1586,1872,1874,1381,3857,1037,475,1531,1445
2025-06-24 14:50:11.024,1447,1614,1815,1945,1408,2608,1321,333,1523,1439
2025-06-24 14:50:11.123,1471,1639,1710,1968,1450,1718,1531,496,1520,1433
2025-06-24 14:50:11.223,1481,1610,1602,1904,1456,1085,1781,755,1519,1435
2025-06-24 14:50:11.323,1488,1629,1506,1810,1456,844,1899,1035,1521,1434
2025-06-24 14:50:11.422,1517,1589,1551,1728,1591,951,1981,1197,1520,1435
2025-06-24 14:50:11.521,1554,1557,1547,1678,1530,160,2097,1411,1521,1434
2025-06-24 14:50:11.620,1535,1566,1391,1743,1429,0,2000,1703,1523,1439
2025-06-24 14:50:11.720,1552,1584,1319,1723,1423,0,1906,1950,1528,1439
2025-06-24 14:50:11.820,1563,1606,1295,1717,1407,0,1770,2245,1530,1446
2025-06-24 14:50:11.920,1566,1638,1200,1607,1488,43,1639,2609,1527,1441
2025-06-24 14:50:12.020,1547,1600,1125,1568,1530,720,1403,3059,1532,1449
2025-06-24 14:50:12.119,1527,1535,1084,1550,1527,1600,1103,2944,1523,1441
2025-06-24 14:50:12.219,1499,1509,1153,1488,1580,2615,848,2618,1533,1430
2025-06-24 14:50:12.319,1472,1600,1267,1487,1607,3632,756,1995,1533,1456
2025-06-24 14:50:12.418,1449,1562,1359,1472,1567,4095,813,1521,1535,1451
2025-06-24 14:50:12.518,1438,1450,1383,1461,1607,4095,979,1247,1521,1439
2025-06-24 14:50:12.618,1440,1369,1471,1524,1569,4095,1241,1194,1534,1449
2025-06-24 14:50:12.718,1456,1331,1589,1573,1534,4095,1525,1227,1524,1439
2025-06-24 14:50:12.818,1424,1347,1710,1582,1494,3456,1826,930,1531,1446
2025-06-24 14:50:12.918,1374,1395,1833,1559,1518,2212,2006,80,1529,1442
2025-06-24 14:50:13.017,1375,1478,1871,1470,1472,1241,2014,0,1532,1433
2025-06-24 14:50:13.117,1411,1561,1833,1535,1525,720,2085,330,1525,1443
2025-06-24 14:50:13.216,1431,1638,1778,1514,1556,684,2123,657,1531,1445
2025-06-24 14:50:13.316,1456,1664,1669,1458,1547,787,2132,1011,1529,1442
2025-06-24 14:50:13.416,1481,1677,1614,1414,1520,0,2038,1326,1520,1435
2025-06-24 14:50:13.515,1501,1667,1647,1429,1567,0,1842,1502,1520,1437
2025-06-24 14:50:13.614,1523,1633,1642,1459,1595,0,1728,1812,1529,1442
2025-06-24 14:50:13.714,1535,1600,1520,1456,1511,63,1467,2116,1535,1454
2025-06-24 14:50:13.814,1552,1578,1408,1467,1520,702,1209,2485,1529,1445
2025-06-24 14:50:13.914,1571,1551,1351,1454,1432,1360,999,2837,1519,1427
2025-06-24 14:50:14.013,1578,1535,1195,1488,1443,2001,811,3402,1520,1435
2025-06-24 14:50:14.112,1556,1566,1040,1446,1487,2574,720,3190,1518,1432
2025-06-24 14:50:14.212,1525,1619,993,1477,1509,3055,891,2767,1531,1443
2025-06-24 14:50:14.312,1487,1583,1067,1557,1552,3488,1054,2160,1522,1437
2025-06-24 14:50:14.416,1466,1546,1072,1570,1583,3668,1245,1680,1523,1440
2025-06-24 14:50:14.515,1458,1467,982,1603,1579,3683,1505,1460,1529,1445
2025-06-24 14:50:14.614,1432,1535,987,1616,1552,3776,1719,1410,1521,1435
2025-06-24 14:50:14.714,1441,1563,1118,1638,1569,3041,1874,1429,1521,1437
2025-06-24 14:50:14.813,1443,1506,1361,1635,1483,1968,1940,1248,1533,1439
2025-06-24 14:50:14.913,1445,1435,1635,1600,1405,1084,2061,16,1530,1442
2025-06-24 14:50:15.013,1458,1360,1861,1565,1500,671,2011,0,1526,1440
2025-06-24 14:50:15.112,1428,1332,1946,1545,1491,711,1941,0,1530,1442
2025-06-24 14:50:15.212,1403,1377,2007,1617,1490,735,1853,154,1535,1452
2025-06-24 14:50:15.312,1419,1449,1974,1617,1531,0,1690,451,1541,1449
2025-06-24 14:50:15.413,1438,1485,1942,1486,1571,0,1505,759,1527,1441
2025-06-24 14:50:15.508,1460,1570,1914,1463,1551,0,1383,1051,1524,1438
2025-06-24 14:50:15.608,1467,1627,1905,1578,1561,331,1183,1351,1523,1439
2025-06-24 14:50:15.708,1495,1653,1797,1617,1519,1217,1040,1681,1526,1441
2025-06-24 14:50:15.808,1517,1675,1648,1587,1436,1833,1002,2239,1531,1449
2025-06-24 14:50:15.907,1549,1648,1468,1604,1467,2109,1104,3009,1522,1440
2025-06-24 14:50:16.007,1552,1617,1347,1446,1470,2421,1149,3828,1518,1436
2025-06-24 14:50:16.107,1552,1578,1154,1397,1422,2752,1342,3349,1515,1430
2025-06-24 14:50:16.207,1552,1555,1070,1438,1457,2908,1531,2672,1529,1446
2025-06-24 14:50:16.307,1535,1535,1090,1520,1421,2928,1712,1943,1521,1441
2025-06-24 14:50:16.407,1511,1568,1083,1654,1486,2942,1952,1423,1522,1437
2025-06-24 14:50:16.506,1501,1589,1123,1583,1559,3131,2011,1244,1531,1453
2025-06-24 14:50:16.605,1488,1616,1157,1518,1614,2544,1969,1204,1526,1438
2025-06-24 14:50:16.705,1473,1602,1274,1507,1654,1707,2000,1216,1531,1443
2025-06-24 14:50:16.805,1457,1550,1414,1456,1584,778,1927,1227,1541,1452
2025-06-24 14:50:16.904,1455,1491,1581,1521,1519,215,1844,0,1547,1455
2025-06-24 14:50:17.004,1455,1607,1707,1557,1471,266,1760,0,1542,1449
2025-06-24 14:50:17.104,1438,1607,1787,1504,1511,0,1654,0,1535,1452
2025-06-24 14:50:17.203,1433,1481,1813,1462,1490,0,1475,98,1533,1442
2025-06-24 14:50:17.302,1381,1334,1744,1367,1502,0,1203,720,1531,1446
2025-06-24 14:50:17.402,1391,1282,1649,1137,1488,0,1104,1184,1534,1447
2025-06-24 14:50:17.501,1415,1302,1615,1005,1483,383,1004,1635,1525,1439
2025-06-24 14:50:17.600,1439,1363,1664,999,1506,1018,957,2064,1519,1433
2025-06-24 14:50:17.699,1452,1435,1637,1047,1581,1565,965,2573,1513,1429
2025-06-24 14:50:17.799,1469,1545,1742,1104,1479,2017,1165,3213,1515,1430
2025-06-24 14:50:17.898,1473,1629,1716,1138,1443,2471,1370,4095,1510,1426
2025-06-24 14:50:17.997,1488,1663,1570,1287,1392,2839,1680,4095,1515,1407
2025-06-24 14:50:18.096,1519,1696,1524,1347,1386,3067,1834,3318,1519,1438
2025-06-24 14:50:18.195,1514,1718,1307,1472,1425,3133,1777,2384,1526,1441
2025-06-24 14:50:18.295,1520,1705,1191,1583,1489,3861,1751,1619,1533,1451
2025-06-24 14:50:18.395,1555,1674,1173,1651,1531,3791,1791,1298,1529,1456
2025-06-24 14:50:18.494,1527,1647,1152,1694,1593,2047,1890,1262,1535,1451
2025-06-24 14:50:18.594,1516,1594,1145,1748,1547,695,1925,1275,1533,1444
2025-06-24 14:50:18.693,1501,1565,1145,1808,1550,58,1840,1325,1533,1445
2025-06-24 14:50:18.792,1488,1584,1188,1837,1575,143,1794,1153,1534,1446
2025-06-24 14:50:18.892,1488,1601,1338,1863,1542,525,1604,55,1527,1441
2025-06-24 14:50:18.992,1479,1599,1559,1767,1511,0,1352,0,1535,1453
2025-06-24 14:50:19.091,1463,1518,1680,1809,1495,0,1174,239,1543,1453
2025-06-24 14:50:19.190,1451,1415,1822,1776,1467,0,1085,496,1535,1450
2025-06-24 14:50:19.289,1444,1463,1971,1742,1484,0,947,910,1531,1442
2025-06-24 14:50:19.389,1447,1551,2013,1664,1503,445,947,1312,1522,1439
2025-06-24 14:50:19.489,1429,1530,1958,1570,1542,1003,1104,1631,1526,1443
2025-06-24 14:50:19.588,1392,1473,1935,1449,1459,1602,1244,2032,1520,1435
2025-06-24 14:50:19.687,1392,1387,1942,1438,1526,2318,1406,2341,1520,1437
2025-06-24 14:50:19.787,1422,1319,1911,1452,1548,2949,1634,2827,1520,1439
2025-06-24 14:50:19.886,1449,1408,1808,1449,1449,3616,1723,3267,1523,1443
2025-06-24 14:50:19.985,1470,1488,1649,1373,1408,4095,1857,2971,1520,1437
2025-06-24 14:50:20.084,1489,1489,1573,1362,1470,4095,1812,2513,1521,1430
2025-06-24 14:50:20.184,1491,1559,1465,1360,1423,4095,1799,1778,1509,1424
2025-06-24 14:50:20.283,1525,1621,1232,1430,1433,3329,1846,1267,1530,1441
2025-06-24 14:50:20.383,1535,1637,1094,1467,1481,1777,1731,1158,1543,1453
2025-06-24 14:50:20.483,1545,1626,1129,1463,1557,682,1618,1197,1531,1446
2025-06-24 14:50:20.583,1550,1638,1202,1541,1637,326,1552,1297,1529,1442
2025-06-24 14:50:20.683,1545,1630,1254,1553,1621,453,1346,1408,1535,1451
2025-06-24 14:50:20.783,1551,1568,1270,1523,1575,32,1095,370,1530,1439
2025-06-24 14:50:20.883,1525,1542,1301,1534,1574,0,1047,0,1531,1440
2025-06-24 14:50:20.983,1518,1513,1477,1523,1531,0,1033,0,1530,1441
2025-06-24 14:50:21.082,1502,1525,1677,1511,1519,0,1051,255,1522,1442
2025-06-24 14:50:21.181,1495,1594,1835,1520,1502,0,1147,679,1521,1436
2025-06-24 14:50:21.281,1483,1563,1906,1502,1471,485,1215,1083,1525,1442
2025-06-24 14:50:21.381,1461,1547,1953,1478,1492,1327,1441,1411,1530,1444
2025-06-24 14:50:21.481,1451,1477,1967,1506,1518,2193,1635,1712,1520,1437
2025-06-24 14:50:21.581,1443,1471,2026,1475,1494,3078,1827,2112,1520,1433
2025-06-24 14:50:21.681,1417,1568,1936,1472,1544,4095,1906,2834,1519,1456
2025-06-24 14:50:21.781,1427,1553,1797,1520,1566,4095,1971,3695,1517,1433
2025-06-24 14:50:21.881,1393,1478,1742,1542,1456,4095,1951,3374,1520,1438
2025-06-24 14:50:21.981,1392,1418,1701,1552,1398,4095,1840,2998,1532,1445
2025-06-24 14:50:22.081,1416,1377,1616,1533,1410,4095,1789,2373,1523,1437
2025-06-24 14:50:22.180,1431,1380,1410,1535,1393,3077,1729,1792,1529,1441
2025-06-24 14:50:22.280,1447,1441,1280,1554,1419,1674,1739,1535,1535,1451
2025-06-24 14:50:22.380,1469,1507,1040,1591,1471,757,1411,1504,1552,1457
2025-06-24 14:50:22.480,1493,1594,944,1582,1488,517,1264,1542,1550,1447
2025-06-24 14:50:22.579,1499,1616,925,1597,1603,374,1120,1495,1529,1443
2025-06-24 14:50:22.679,1522,1620,875,1511,1622,0,1072,1247,1521,1434
2025-06-24 14:50:22.779,1521,1633,923,1518,1586,0,1103,112,1520,1427
2025-06-24 14:50:22.879,1523,1616,1047,1483,1584,0,1296,0,1520,1424
2025-06-24 14:50:22.979,1535,1619,1155,1460,1561,0,1438,205,1526,1440
2025-06-24 14:50:23.079,1545,1613,1351,1455,1529,0,1791,626,1525,1441
2025-06-24 14:50:23.178,1535,1552,1487,1441,1505,687,1968,1007,1525,1442
2025-06-24 14:50:23.278,1529,1514,1674,1527,1502,1636,2167,1302,1533,1450
2025-06-24 14:50:23.378,1511,1493,1792,1552,1491,2710,2399,1663,1523,1439
2025-06-24 14:50:23.478,1499,1557,1777,1471,1508,4095,2625,1904,1517,1434
2025-06-24 14:50:23.578,1483,1607,1711,1503,1470,4095,2656,2194,1507,1430
2025-06-24 14:50:23.677,1456,1622,1633,1507,1520,4095,2624,2559,1519,1435
2025-06-24 14:50:23.777,1439,1583,1585,1518,1525,4095,2493,2903,1526,1441
2025-06-24 14:50:23.877,1426,1548,1584,1572,1574,4095,2222,2722,1524,1441
2025-06-24 14:50:23.977,1424,1551,1584,1550,1456,3662,1870,2406,1531,1449
2025-06-24 14:50:24.077,1425,1609,1517,1549,1415,2177,1646,1909,1532,1442
2025-06-24 14:50:24.177,1405,1559,1408,1488,1425,1182,1275,1547,1535,1446
2025-06-24 14:50:24.277,1411,1485,1317,1283,1420,809,976,1661,1534,1447
2025-06-24 14:50:24.377,1431,1415,1258,1104,1456,684,842,1837,1526,1440
2025-06-24 14:50:24.481,1452,1382,1053,1049,1459,0,886,1856,1526,1439
2025-06-24 14:50:24.580,1479,1416,992,1047,1520,0,915,1712,1523,1437
2025-06-24 14:50:24.679,1522,1482,981,1038,1615,0,976,663,1530,1437
2025-06-24 14:50:24.778,1531,1528,1086,1084,1571,0,1220,57,1531,1443
2025-06-24 14:50:24.878,1562,1579,1114,1183,1547,0,1423,70,1523,1440
2025-06-24 14:50:24.977,1569,1594,1183,1422,1534,483,1810,304,1520,1424
2025-06-24 14:50:25.077,1575,1601,1370,1541,1503,1525,1995,615,1520,1434
2025-06-24 14:50:25.176,1563,1615,1543,1606,1475,2614,2112,827,1526,1439
2025-06-24 14:50:25.276,1558,1615,1730,1657,1456,4037,1990,1063,1521,1437
2025-06-24 14:50:25.376,1546,1599,1904,1662,1423,4095,1872,1309,1518,1434
2025-06-24 14:50:25.477,1522,1578,1985,1765,1519,4095,1846,1655,1526,1443
2025-06-24 14:50:25.572,1507,1507,2023,1827,1552,4095,1785,1947,1525,1441
2025-06-24 14:50:25.672,1519,1519,1926,1843,1527,4095,1631,2289,1524,1441
2025-06-24 14:50:25.771,1491,1535,1809,1898,1491,4095,1555,2527,1520,1434
2025-06-24 14:50:25.871,1488,1589,1751,1924,1566,2746,1490,2459,1526,1442
2025-06-24 14:50:25.971,1459,1616,1734,1968,1500,1859,1238,2076,1526,1440
2025-06-24 14:50:26.071,1438,1612,1744,1955,1433,1235,991,1524,1547,1450
2025-06-24 14:50:26.171,1424,1533,1770,1959,1424,860,841,1363,1543,1454
2025-06-24 14:50:26.270,1421,1488,1708,1870,1501,0,795,1366,1533,1441
2025-06-24 14:50:26.370,1404,1565,1562,1756,1485,0,869,1506,1542,1449
2025-06-24 14:50:26.469,1415,1578,1454,1600,1515,0,1034,1605,1530,1440
2025-06-24 14:50:26.569,1429,1510,1228,1440,1447,0,1249,1043,1523,1440
2025-06-24 14:50:26.668,1427,1419,1090,1421,1574,0,1472,91,1519,1431
2025-06-24 14:50:26.768,1445,1355,1088,1448,1575,318,1619,87,1518,1428
2025-06-24 14:50:26.867,1461,1334,1106,1461,1552,1296,1643,534,1529,1444
2025-06-24 14:50:26.967,1485,1338,1154,1488,1521,2346,1504,961,1527,1441
2025-06-24 14:50:27.066,1509,1395,1198,1452,1445,3347,1547,1345,1521,1438
2025-06-24 14:50:27.166,1518,1479,1252,1403,1466,4095,1601,1648,1521,1440
2025-06-24 14:50:27.266,1509,1542,1360,1456,1486,4095,1552,1862,1520,1446
2025-06-24 14:50:27.366,1504,1584,1574,1405,1535,4095,1376,2112,1525,1447
2025-06-24 14:50:27.466,1494,1607,1772,1483,1557,4095,1234,2335,1526,1443
2025-06-24 14:50:27.566,1487,1655,1968,1477,1566,4095,1050,2538,1522,1427
2025-06-24 14:50:27.666,1471,1648,2039,1415,1519,2671,912,2706,1520,1432
2025-06-24 14:50:27.765,1456,1638,2009,1473,1489,1428,737,2629,1525,1437
2025-06-24 14:50:27.864,1443,1617,1869,1423,1523,672,673,2321,1533,1445
2025-06-24 14:50:27.964,1421,1584,1682,1520,1535,494,642,1741,1543,1458
2025-06-24 14:50:28.063,1418,1587,1575,1471,1439,377,753,1360,1530,1442
2025-06-24 14:50:28.163,1410,1584,1462,1447,1443,0,1046,1369,1535,1443
2025-06-24 14:50:28.262,1422,1616,1357,1424,1450,0,1210,1526,1525,1438
2025-06-24 14:50:28.361,1425,1613,1242,1524,1475,0,1411,1567,1525,1442
2025-06-24 14:50:28.461,1404,1520,1194,1559,1503,0,1469,1535,1527,1447
2025-06-24 14:50:28.561,1393,1497,1153,1497,1491,553,1630,738,1534,1456
2025-06-24 14:50:28.660,1424,1488,929,1438,1525,1284,1563,189,1535,1450
2025-06-24 14:50:28.759,1446,1569,825,1424,1597,1941,1599,163,1527,1439
2025-06-24 14:50:28.858,1469,1543,866,1466,1583,2594,1670,369,1527,1445
2025-06-24 14:50:28.958,1487,1487,928,1475,1552,3159,1676,735,1522,1442
2025-06-24 14:50:29.057,1509,1426,975,1503,1498,3729,1702,1141,1530,1440
2025-06-24 14:50:29.157,1526,1367,1038,1503,1441,4095,1812,1471,1523,1438
2025-06-24 14:50:29.256,1545,1363,1169,1517,1392,3846,1723,1737,1522,1439
2025-06-24 14:50:29.356,1547,1427,1399,1469,1473,3866,1510,2090,1529,1446
2025-06-24 14:50:29.456,1543,1457,1733,1463,1563,2928,1278,2383,1527,1443
2025-06-24 14:50:29.556,1547,1508,2021,1481,1594,1708,1121,2717,1521,1445
2025-06-24 14:50:29.656,1534,1584,2209,1526,1523,725,976,3006,1520,1435
2025-06-24 14:50:29.755,1521,1637,2192,1533,1552,421,928,2717,1519,1434
2025-06-24 14:50:29.855,1507,1667,2055,1478,1551,574,1047,2043,1520,1437
2025-06-24 14:50:29.955,1491,1645,1835,1477,1574,354,1328,1429,1520,1437
2025-06-24 14:50:30.054,1472,1650,1667,1422,1573,0,1520,1266,1530,1438
2025-06-24 14:50:30.154,1456,1650,1563,1392,1504,0,1735,1254,1527,1441
2025-06-24 14:50:30.253,1427,1600,1523,1418,1472,0,1857,1389,1525,1439
2025-06-24 14:50:30.353,1423,1552,1549,1493,1479,482,1673,1482,1534,1447
2025-06-24 14:50:30.453,1433,1532,1377,1553,1505,1104,1519,1121,1523,1439
2025-06-24 14:50:30.553,1435,1563,1273,1472,1493,1643,1591,16,1520,1437
2025-06-24 14:50:30.653,1421,1585,1175,1462,1456,2169,1634,0,1525,1437
2025-06-24 14:50:30.753,1419,1609,958,1550,1508,2626,1610,0,1523,1439
2025-06-24 14:50:30.853,1431,1581,907,1585,1507,3042,1741,334,1526,1441
2025-06-24 14:50:30.953,1450,1503,929,1653,1527,3308,1675,638,1533,1447
2025-06-24 14:50:31.052,1462,1558,1065,1641,1511,3285,1488,947,1531,1446
2025-06-24 14:50:31.152,1473,1615,1175,1574,1459,3101,1298,1365,1531,1446
2025-06-24 14:50:31.251,1487,1548,1285,1508,1431,3233,1233,1862,1535,1450
2025-06-24 14:50:31.351,1485,1437,1361,1552,1449,2274,1207,2444,1520,1442
2025-06-24 14:50:31.451,1517,1374,1520,1588,1484,1054,1387,3136,1531,1447
2025-06-24 14:50:31.551,1535,1309,1708,1487,1478,0,1472,4095,1527,1446
2025-06-24 14:50:31.651,1535,1310,1823,1506,1566,0,1668,4095,1528,1439
2025-06-24 14:50:31.751,1524,1360,1890,1510,1555,0,1729,4095,1525,1440
2025-06-24 14:50:31.851,1514,1456,1842,1523,1606,0,1774,3932,1535,1449
2025-06-24 14:50:31.951,1506,1547,1793,1545,1626,0,1805,2473,1521,1439
2025-06-24 14:50:32.051,1490,1633,1681,1478,1584,0,1791,804,1530,1440
2025-06-24 14:50:32.151,1478,1658,1659,1451,1469,8,1843,0,1525,1442
2025-06-24 14:50:32.250,1456,1662,1683,1473,1399,541,1882,0,1545,1453
2025-06-24 14:50:32.350,1439,1627,1649,1469,1445,1119,1801,0,1525,1424
2025-06-24 14:50:32.450,1426,1628,1525,1424,1461,1653,1726,0,1524,1439
2025-06-24 14:50:32.549,1424,1603,1426,1389,1462,2205,1684,0,1534,1444
2025-06-24 14:50:32.649,1436,1570,1452,1451,1499,2734,1513,0,1530,1444
2025-06-24 14:50:32.748,1431,1507,1375,1292,1514,3077,1401,0,1522,1437
2025-06-24 14:50:32.848,1424,1527,1249,1136,1532,3152,1265,0,1522,1437
2025-06-24 14:50:32.948,1430,1530,1243,1008,1521,3040,1211,0,1513,1427
2025-06-24 14:50:33.048,1437,1552,1232,816,1518,3435,1331,0,1509,1424
2025-06-24 14:50:33.148,1456,1552,1255,138,1507,3239,1489,882,1514,1428
2025-06-24 14:50:33.247,1472,1522,1331,0,1447,1922,1703,2785,1527,1443
2025-06-24 14:50:33.346,1493,1500,1392,0,1456,841,1815,4095,1519,1431
2025-06-24 14:50:33.446,1526,1648,1490,0,1439,316,1933,4095,1527,1453
2025-06-24 14:50:33.545,1533,1674,1545,0,1457,521,1921,3065,1535,1450
2025-06-24 14:50:33.645,1544,1603,1676,0,1533,1030,1846,2849,1533,1450
2025-06-24 14:50:33.744,1549,1472,1694,0,1587,755,1776,3152,1519,1439
2025-06-24 14:50:33.844,1541,1377,1729,504,1597,398,1775,3477,1520,1433
2025-06-24 14:50:33.944,1526,1360,1650,1204,1607,336,1690,4095,1534,1451
2025-06-24 14:50:34.044,1511,1412,1591,1872,1616,699,1584,4095,1533,1456
2025-06-24 14:50:34.144,1502,1421,1543,2343,1533,1281,1513,4095,1542,1456
2025-06-24 14:50:34.243,1483,1488,1578,2726,1427,1735,1423,4095,1522,1438
2025-06-24 14:50:34.343,1455,1535,1630,2948,1421,2231,1191,4095,1525,1443
2025-06-24 14:50:34.443,1424,1531,1700,3127,1437,2705,1023,3051,1533,1447
2025-06-24 14:50:34.547,1403,1552,1647,3227,1452,3239,1057,1597,1528,1443
2025-06-24 14:50:34.646,1414,1579,1606,3253,1459,3845,1200,503,1534,1428
2025-06-24 14:50:34.746,1424,1552,1552,3113,1481,3927,1362,0,1532,1447
2025-06-24 14:50:34.845,1423,1519,1383,2928,1571,3567,1429,0,1526,1440
2025-06-24 14:50:34.945,1456,1463,1349,2719,1573,3558,1574,163,1526,1442
2025-06-24 14:50:35.044,1440,1435,1322,2575,1584,3024,1742,1104,1525,1437
2025-06-24 14:50:35.143,1456,1441,1370,2475,1543,1618,1872,2195,1542,1447
2025-06-24 14:50:35.242,1483,1488,1429,2383,1514,374,1911,3194,1533,1445
2025-06-24 14:50:35.342,1510,1520,1520,2322,1458,0,1886,4095,1524,1438
2025-06-24 14:50:35.442,1531,1567,1575,2251,1429,3,1695,4095,1520,1434
2025-06-24 14:50:35.543,1546,1579,1673,2085,1476,330,1687,4095,1521,1441
2025-06-24 14:50:35.638,1549,1520,1729,2001,1515,0,1747,3425,1521,1437
2025-06-24 14:50:35.738,1553,1561,1786,2055,1569,0,1748,3013,1519,1433
2025-06-24 14:50:35.838,1561,1629,1744,2046,1616,0,1706,2559,1533,1445
2025-06-24 14:50:35.938,1557,1584,1695,1987,1579,76,1488,2227,1521,1433
2025-06-24 14:50:36.038,1551,1486,1648,1904,1520,676,1087,1999,1533,1443
2025-06-24 14:50:36.138,1542,1404,1584,1904,1473,1314,805,1577,1527,1439
2025-06-24 14:50:36.238,1535,1369,1582,1824,1451,1831,641,1283,1531,1438
2025-06-24 14:50:36.337,1545,1347,1622,1711,1374,2355,733,1323,1534,1452
2025-06-24 14:50:36.437,1520,1379,1559,1603,1423,2897,911,929,1531,1450
2025-06-24 14:50:36.537,1481,1446,1413,1409,1406,3389,1211,208,1535,1449
2025-06-24 14:50:36.637,1454,1490,1375,437,1441,3645,1592,182,1525,1443
2025-06-24 14:50:36.736,1446,1588,1357,0,1506,3524,1822,475,1521,1434
2025-06-24 14:50:36.835,1461,1682,1209,0,1484,3501,1917,775,1523,1440
2025-06-24 14:50:36.935,1456,1699,1127,188,1570,3091,2011,1125,1509,1424
2025-06-24 14:50:37.034,1456,1689,1184,528,1574,1779,2089,1547,1532,1446
2025-06-24 14:50:37.134,1421,1679,1246,930,1593,653,2013,2126,1535,1449
2025-06-24 14:50:37.234,1422,1660,1344,1354,1581,133,1948,3024,1533,1449
2025-06-24 14:50:37.334,1434,1583,1405,1642,1487,255,1927,3377,1523,1429
2025-06-24 14:50:37.434,1440,1569,1414,1904,1483,445,1865,3088,1525,1441
2025-06-24 14:50:37.534,1461,1531,1492,2119,1488,0,1905,2246,1526,1441
2025-06-24 14:50:37.633,1457,1535,1634,2192,1507,0,1755,1170,1526,1438
2025-06-24 14:50:37.733,1457,1574,1773,2235,1508,0,1462,936,1532,1443
2025-06-24 14:50:37.833,1462,1614,1879,2214,1499,383,1265,1101,1543,1455
2025-06-24 14:50:37.933,1470,1596,1886,2194,1520,976,1153,1655,1525,1441
2025-06-24 14:50:38.032,1474,1534,1872,2139,1498,1606,1021,2246,1513,1425
2025-06-24 14:50:38.132,1484,1580,1753,1987,1514,2320,989,2653,1519,1437
2025-06-24 14:50:38.232,1475,1612,1710,1872,1503,2926,1215,2762,1522,1440
2025-06-24 14:50:38.332,1489,1561,1667,1716,1410,3437,1440,2559,1532,1447
2025-06-24 14:50:38.431,1519,1503,1712,1680,1393,3469,1650,1098,1533,1447
2025-06-24 14:50:38.531,1476,1367,1693,1602,1430,2805,1701,93,1533,1446
2025-06-24 14:50:38.630,1424,1286,1566,1645,1506,2172,1641,0,1533,1444
2025-06-24 14:50:38.729,1377,1291,1456,1607,1520,1886,1121,0,1534,1442
2025-06-24 14:50:38.828,1359,1243,1435,1639,1616,1406,0,438,1527,1442
2025-06-24 14:50:38.927,1328,1298,1328,1696,1533,437,0,944,1526,1443
2025-06-24 14:50:39.026,1242,1378,1200,1712,1423,0,123,1632,1535,1450
2025-06-24 14:50:39.126,1186,1467,1271,1641,1321,0,0,2624,1520,1438
2025-06-24 14:50:39.225,1181,1584,1314,1685,1212,0,0,3251,1518,1430
2025-06-24 14:50:39.325,1214,1680,1358,1652,1153,0,0,3094,1520,1430
2025-06-24 14:50:39.424,1259,1712,1354,1664,1143,0,0,2607,1526,1441
2025-06-24 14:50:39.523,1290,1629,1381,1631,1247,215,0,2365,1529,1445
2025-06-24 14:50:39.622,1322,1598,1382,1609,1163,826,183,2413,1533,1450
2025-06-24 14:50:39.722,1371,1523,1389,1634,1104,1059,15,2369,1531,1448
2025-06-24 14:50:39.821,1443,1489,1454,1607,978,1370,215,1950,1527,1443
2025-06-24 14:50:39.921,1520,1459,1503,1662,1005,1889,803,1584,1520,1437
2025-06-24 14:50:40.020,1573,1428,1435,1638,1061,2373,1582,1379,1523,1439
2025-06-24 14:50:40.120,1535,1439,1425,1629,1159,2589,2294,1386,1523,1440
2025-06-24 14:50:40.219,1557,1520,1419,1548,1351,2724,2547,1454,1521,1441
2025-06-24 14:50:40.318,1524,1535,1397,1549,1479,2890,1957,1351,1519,1429
2025-06-24 14:50:40.417,1491,1462,1323,1619,1455,3059,1002,285,1531,1443
2025-06-24 14:50:40.517,1456,1557,1259,1523,1408,2974,912,0,1552,1456
2025-06-24 14:50:40.616,1454,1575,1406,1495,1382,2944,1865,0,1543,1454
2025-06-24 14:50:40.716,1453,1552,1507,1502,1359,2393,2722,0,1527,1446
2025-06-24 14:50:40.816,1498,1465,1444,1505,1280,789,2464,0,1533,1449
2025-06-24 14:50:40.915,1506,1295,1295,1458,1124,0,1494,829,1535,1449
2025-06-24 14:50:41.014,1505,1189,1184,1497,1162,0,1158,2311,1534,1446
2025-06-24 14:50:41.114,1456,1311,1062,1530,1314,0,1507,3278,1522,1438
2025-06-24 14:50:41.214,1427,1501,1042,1505,1488,127,2075,3540,1520,1438
2025-06-24 14:50:41.313,1439,1621,1087,1577,1687,311,2509,3905,1506,1419
2025-06-24 14:50:41.412,1438,1719,1188,1584,1759,866,2768,3478,1507,1424
2025-06-24 14:50:41.512,1447,1831,1295,1582,1883,1237,2768,2843,1521,1435
2025-06-24 14:50:41.612,1435,1878,1425,1591,1974,433,2747,2541,1533,1447
2025-06-24 14:50:41.712,1456,1907,1525,1488,2043,0,2805,2468,1529,1441
2025-06-24 14:50:41.811,1501,1894,1581,1242,1978,0,2950,2181,1534,1447
2025-06-24 14:50:41.911,1560,1778,1608,890,1866,344,3106,1787,1527,1440
2025-06-24 14:50:42.010,1605,1734,1663,672,1825,946,3157,1283,1531,1442
2025-06-24 14:50:42.110,1625,1704,1670,707,1776,1749,3099,864,1533,1447
2025-06-24 14:50:42.210,1600,1651,1572,896,1808,2437,2928,703,1529,1445
2025-06-24 14:50:42.309,1508,1685,1422,1055,1931,3081,2688,0,1535,1451
2025-06-24 14:50:42.408,1424,1697,1440,1220,1873,4095,2415,0,1542,1450
2025-06-24 14:50:42.508,1360,1693,1545,1402,1714,4095,2134,0,1521,1434
2025-06-24 14:50:42.608,1383,1673,1600,1603,1680,4095,2027,0,1529,1442
2025-06-24 14:50:42.707,1405,1674,1418,1776,1645,2582,2017,260,1522,1441
2025-06-24 14:50:42.806,1429,1613,1419,1796,1607,1751,1974,1395,1525,1442
2025-06-24 14:50:42.906,1471,1655,1968,1840,1508,1586,1843,2658,1527,1445
2025-06-24 14:50:43.006,1506,1661,2366,1885,1557,2057,1955,3011,1524,1441
2025-06-24 14:50:43.105,1535,1600,2669,1815,1686,2432,1984,3522,1528,1445
2025-06-24 14:50:43.205,1562,1451,2534,1755,1705,2576,1969,4080,1521,1444
2025-06-24 14:50:43.304,1575,1316,2096,1803,1729,2621,1932,3766,1527,1445
2025-06-24 14:50:43.404,1582,1263,1570,1838,1735,2599,1662,3746,1542,1453
2025-06-24 14:50:43.504,1579,1255,1175,1723,1626,2626,1430,3381,1530,1443
2025-06-24 14:50:43.604,1561,1311,960,1709,1567,2530,1262,2746,1525,1439
2025-06-24 14:50:43.704,1548,1323,892,1721,1511,2463,1263,2415,1530,1443
2025-06-24 14:50:43.803,1527,1395,1005,1734,1506,2598,1292,2242,1528,1445
2025-06-24 14:50:43.903,1510,1462,1090,1718,1457,2742,1229,2007,1527,1435
2025-06-24 14:50:44.003,1514,1521,1203,1675,1381,2780,1232,1910,1527,1443
2025-06-24 14:50:44.103,1514,1552,1298,1648,1296,2602,1265,1185,1522,1436
2025-06-24 14:50:44.203,1506,1599,1334,1581,1322,2519,1391,49,1522,1435
2025-06-24 14:50:44.303,1490,1652,1376,1450,1431,3287,1415,0,1527,1444
2025-06-24 14:50:44.403,1489,1643,1498,1407,1530,2325,1437,0,1530,1445
2025-06-24 14:50:44.503,1502,1610,1571,1457,1501,927,1515,0,1526,1438
2025-06-24 14:50:44.607,1513,1600,1473,1472,1424,31,1490,119,1531,1445
2025-06-24 14:50:44.706,1504,1616,1395,1550,1405,0,1660,1290,1526,1444
2025-06-24 14:50:44.806,1467,1680,1280,1551,1411,361,1771,2774,1520,1437
2025-06-24 14:50:44.905,1433,1731,1152,1578,1435,841,1630,3984,1523,1442
2025-06-24 14:50:45.004,1439,1738,1117,1610,1516,921,1556,4095,1522,1437
2025-06-24 14:50:45.103,1443,1718,1013,1623,1649,609,1508,4095,1526,1441
2025-06-24 14:50:45.203,1463,1680,774,1520,1684,314,1403,4095,1527,1449
2025-06-24 14:50:45.302,1488,1760,470,1491,1696,529,1425,4095,1525,1439
2025-06-24 14:50:45.402,1513,1796,557,1628,1680,947,1558,4095,1531,1447
2025-06-24 14:50:45.502,1547,1758,749,1585,1616,1378,1710,4095,1526,1441
2025-06-24 14:50:45.603,1562,1583,1159,1546,1563,1822,1616,3333,1521,1439
2025-06-24 14:50:45.698,1568,1377,1621,1460,1567,2455,1568,2547,1523,1438
2025-06-24 14:50:45.798,1586,1262,2061,1517,1507,3014,1524,1981,1524,1442
2025-06-24 14:50:45.897,1599,1231,2542,1467,1398,3342,1583,1625,1523,1438
2025-06-24 14:50:45.997,1600,1262,2789,1445,1321,3409,1517,1327,1525,1440
2025-06-24 14:50:46.097,1611,1335,2883,1558,1274,3552,1600,1205,1524,1450
2025-06-24 14:50:46.197,1613,1420,2859,1595,1281,3927,1687,1331,1521,1438
2025-06-24 14:50:46.297,1616,1520,2787,1426,1473,2399,1645,1906,1523,1437
2025-06-24 14:50:46.397,1611,1554,2752,903,1593,1040,1606,2176,1523,1439
2025-06-24 14:50:46.497,1615,1594,2598,720,1462,211,1519,2266,1535,1450
2025-06-24 14:50:46.597,1610,1625,2478,742,1410,41,1419,2249,1535,1451
2025-06-24 14:50:46.697,1596,1599,2199,913,1386,390,1313,2180,1535,1446
2025-06-24 14:50:46.797,1584,1535,1917,1101,1408,316,1337,2018,1531,1445
2025-06-24 14:50:46.896,1574,1509,1758,1321,1456,0,1424,1645,1546,1456
2025-06-24 14:50:46.996,1559,1465,1327,1534,1493,0,1575,1329,1535,1447
2025-06-24 14:50:47.096,1555,1489,763,1693,1646,0,1667,1242,1533,1435
2025-06-24 14:50:47.196,1550,1502,117,1712,1717,152,1680,935,1532,1422
2025-06-24 14:50:47.295,1527,1526,0,1797,1744,691,1762,768,1529,1441
2025-06-24 14:50:47.394,1502,1583,0,1783,1699,1372,1746,450,1523,1439
2025-06-24 14:50:47.494,1487,1590,407,1790,1648,2192,1625,0,1521,1438
2025-06-24 14:50:47.594,1468,1555,912,1857,1627,3013,1630,0,1520,1431
2025-06-24 14:50:47.694,1456,1616,1443,1737,1551,3874,1798,21,1521,1438
2025-06-24 14:50:47.794,1468,1696,1866,1663,1507,4095,1808,465,1520,1437
2025-06-24 14:50:47.894,1472,1726,2258,1674,1419,4095,1723,973,1520,1435
2025-06-24 14:50:47.994,1472,1614,2510,1652,1393,4095,1645,1418,1522,1439
2025-06-24 14:50:48.094,1455,1440,2513,1675,1339,4095,1488,1683,1520,1435
2025-06-24 14:50:48.194,1486,1340,2448,1629,1355,2733,1280,1808,1521,1438
2025-06-24 14:50:48.294,1490,1329,2353,1637,1514,1647,1146,1852,1527,1442
2025-06-24 14:50:48.393,1471,1376,2263,1437,1531,976,935,1689,1532,1441
2025-06-24 14:50:48.492,1450,1382,2223,1037,1434,902,949,1565,1531,1443
2025-06-24 14:50:48.591,1423,1452,2183,735,1408,1075,1031,1441,1525,1442
2025-06-24 14:50:48.691,1413,1552,2133,715,1395,576,1183,1442,1535,1450
2025-06-24 14:50:48.790,1414,1602,1916,854,1477,0,1289,1388,1535,1444
2025-06-24 14:50:48.890,1427,1645,1793,1041,1523,0,1607,1165,1527,1438
2025-06-24 14:50:48.989,1451,1648,1861,1266,1631,0,1776,931,1522,1438
2025-06-24 14:50:49.088,1478,1628,1849,1423,1756,231,1853,688,1525,1441
2025-06-24 14:50:49.188,1490,1598,1613,1627,1819,738,1903,477,1535,1451
2025-06-24 14:50:49.287,1488,1549,1362,1781,1801,1449,1936,107,1529,1447
2025-06-24 14:50:49.387,1483,1549,1237,1838,1723,2250,1851,0,1521,1434
2025-06-24 14:50:49.487,1471,1573,1068,1776,1691,2998,1792,230,1518,1431
2025-06-24 14:50:49.587,1491,1600,891,1742,1680,3603,1727,656,1521,1434
2025-06-24 14:50:49.687,1481,1629,913,1697,1634,4095,1660,995,1523,1437
2025-06-24 14:50:49.786,1455,1610,1008,1642,1499,4095,1622,1454,1527,1447
2025-06-24 14:50:49.885,1459,1552,1015,1728,1491,3837,1901,1808,1523,1441
2025-06-24 14:50:49.985,1467,1625,995,1659,1427,3554,2000,1917,1520,1434
2025-06-24 14:50:50.085,1469,1650,1068,1647,1321,2711,1793,1766,1531,1445
2025-06-24 14:50:50.185,1472,1648,1079,1642,1294,1659,1568,1569,1534,1451
2025-06-24 14:50:50.285,1472,1599,1214,1658,1474,909,1280,1392,1531,1440
2025-06-24 14:50:50.385,1473,1501,1390,1637,1461,758,991,1526,1520,1435
2025-06-24 14:50:50.485,1471,1395,1473,1682,1370,870,923,1739,1530,1440
2025-06-24 14:50:50.585,1481,1370,1535,1603,1318,487,1104,1811,1531,1447
2025-06-24 14:50:50.685,1489,1375,1523,1681,1326,0,1217,1520,1520,1437
2025-06-24 14:50:50.784,1518,1405,1461,1743,1353,0,1349,1140,1529,1443
2025-06-24 14:50:50.883,1519,1465,1398,1750,1453,0,1435,900,1530,1444
2025-06-24 14:50:50.983,1523,1514,1361,1722,1632,32,1408,901,1523,1441
2025-06-24 14:50:51.083,1535,1565,1207,1690,1765,560,1467,873,1522,1442
2025-06-24 14:50:51.183,1527,1607,1142,1745,1777,1319,1532,614,1525,1443
2025-06-24 14:50:51.283,1520,1600,1002,1759,1779,2069,1584,546,1521,1445
2025-06-24 14:50:51.382,1511,1535,896,1790,1764,2739,1637,545,1520,1439
2025-06-24 14:50:51.482,1496,1486,970,1706,1733,3287,1666,747,1523,1441
2025-06-24 14:50:51.581,1482,1434,1209,1669,1702,3657,1826,1114,1529,1443
2025-06-24 14:50:51.681,1475,1415,1879,1646,1629,3688,1779,1648,1529,1446
2025-06-24 14:50:51.781,1469,1422,2247,1632,1520,3296,1520,2147,1520,1437
2025-06-24 14:50:51.880,1421,1456,1779,1675,1385,3120,1254,2465,1526,1441
2025-06-24 14:50:51.980,1430,1510,1195,1650,1257,2443,1203,2591,1531,1456
2025-06-24 14:50:52.080,1421,1520,942,1626,1245,1482,1199,2595,1529,1441
2025-06-24 14:50:52.180,1424,1488,1107,1638,1232,725,1214,2383,1534,1448
2025-06-24 14:50:52.279,1424,1482,1376,1501,1381,432,1191,1978,1521,1437
2025-06-24 14:50:52.379,1466,1600,1573,1567,1344,550,1397,1523,1531,1443
2025-06-24 14:50:52.479,1466,1661,1391,1469,1291,400,1463,1383,1545,1453
2025-06-24 14:50:52.579,1449,1632,1363,1383,1306,0,1468,1231,1535,1445
2025-06-24 14:50:52.679,1461,1557,1326,1345,1361,0,1451,1173,1533,1445
2025-06-24 14:50:52.779,1473,1493,1296,1318,1424,0,1563,1264,1522,1449
2025-06-24 14:50:52.878,1494,1451,1212,1302,1478,0,1711,1249,1520,1425
2025-06-24 14:50:52.978,1505,1441,1103,1356,1683,414,1766,829,1527,1443
2025-06-24 14:50:53.078,1504,1491,1113,1395,1842,1147,1734,333,1523,1438
2025-06-24 14:50:53.178,1514,1563,1253,1370,1842,1989,1767,16,1520,1433
2025-06-24 14:50:53.278,1541,1623,1518,1381,1830,2768,1633,0,1520,1439
2025-06-24 14:50:53.377,1542,1667,1774,1439,1831,3344,1473,233,1531,1454
2025-06-24 14:50:53.477,1531,1686,1867,1420,1729,3840,1359,819,1524,1444
2025-06-24 14:50:53.577,1521,1685,1807,1470,1657,4039,1213,1523,1521,1438
2025-06-24 14:50:53.677,1510,1701,1807,1526,1579,3456,1137,2134,1529,1446
2025-06-24 14:50:53.777,1509,1705,1777,1520,1475,3086,1205,2801,1530,1445
2025-06-24 14:50:53.877,1495,1657,1754,1517,1355,2706,1164,3021,1526,1439
2025-06-24 14:50:53.977,1479,1606,1727,1499,1314,1821,1286,3034,1533,1449
2025-06-24 14:50:54.077,1454,1555,1653,1543,1232,932,1531,2938,1545,1453
2025-06-24 14:50:54.177,1439,1535,1552,1562,1303,511,1718,2761,1526,1441
2025-06-24 14:50:54.277,1415,1554,1425,1551,1379,492,1760,2595,1522,1438
2025-06-24 14:50:54.376,1407,1552,1260,1575,1346,611,1728,2224,1526,1441
2025-06-24 14:50:54.476,1410,1525,1312,1568,1287,117,1623,1712,1526,1439
2025-06-24 14:50:54.576,1425,1513,1534,1534,1274,0,1521,1425,1520,1437
2025-06-24 14:50:54.680,1424,1474,1801,1522,1357,0,1610,1494,1522,1434
2025-06-24 14:50:54.780,1415,1493,1863,1552,1423,0,1567,1362,1524,1437
2025-06-24 14:50:54.879,1424,1571,1713,1586,1520,466,1621,561,1525,1439
2025-06-24 14:50:54.978,1424,1552,1501,1599,1740,1088,1456,0,1527,1439
2025-06-24 14:50:55.078,1443,1481,1278,1581,1815,1808,1191,0,1526,1439
2025-06-24 14:50:55.177,1460,1408,1110,1451,1811,2439,1175,103,1529,1445
2025-06-24 14:50:55.276,1474,1360,896,1445,1857,2959,939,825,1530,1445
2025-06-24 14:50:55.375,1489,1375,769,1472,1743,3222,804,1673,1525,1441
2025-06-24 14:50:55.475,1510,1407,787,1495,1694,3261,1104,2331,1525,1436
2025-06-24 14:50:55.575,1520,1479,983,1489,1583,3118,1326,3194,1527,1440
2025-06-24 14:50:55.676,1531,1504,1187,1457,1487,2766,1621,3831,1525,1440
2025-06-24 14:50:55.771,1532,1535,1403,1488,1438,2610,1761,3728,1525,1438
2025-06-24 14:50:55.871,1546,1562,1491,1519,1423,2090,1885,3394,1525,1440
2025-06-24 14:50:55.970,1551,1616,1681,1579,1314,1280,1857,2961,1525,1442
2025-06-24 14:50:56.070,1551,1632,1691,1552,1281,637,1867,2626,1523,1439
2025-06-24 14:50:56.170,1499,1663,1615,1531,1303,533,1865,2349,1533,1446
2025-06-24 14:50:56.270,1455,1617,1485,1508,1305,735,1838,2094,1523,1440
2025-06-24 14:50:56.369,1429,1531,1307,1494,1231,677,1824,1665,1522,1435
2025-06-24 14:50:56.468,1435,1491,1244,1535,1251,367,1794,1303,1527,1442
2025-06-24 14:50:56.568,1461,1507,1363,1598,1307,302,1871,1203,1533,1444
2025-06-24 14:50:56.668,1463,1545,1654,1589,1328,517,1764,1003,1534,1447
2025-06-24 14:50:56.768,1455,1594,1990,1545,1391,935,1551,689,1535,1451
2025-06-24 14:50:56.868,1455,1580,2293,1488,1495,1377,1244,593,1531,1442
2025-06-24 14:50:56.968,1488,1579,2379,1469,1734,1758,1040,595,1520,1434
2025-06-24 14:50:57.068,1489,1529,2274,1502,1887,2177,1006,656,1520,1439
2025-06-24 14:50:57.168,1504,1534,2111,1447,1943,2545,1043,747,1524,1441
2025-06-24 14:50:57.268,1519,1623,1999,1465,1886,2781,1235,1154,1522,1439
2025-06-24 14:50:57.368,1535,1639,1817,1492,1786,2773,1527,1586,1526,1441
2025-06-24 14:50:57.467,1522,1605,1727,1529,1689,2715,1753,2038,1520,1439
2025-06-24 14:50:57.567,1521,1511,1524,1531,1579,2544,1895,2544,1533,1441
2025-06-24 14:50:57.667,1520,1413,1309,1561,1502,2529,1851,2671,1521,1437
2025-06-24 14:50:57.767,1502,1326,1226,1499,1453,2160,1742,2618,1520,1438
2025-06-24 14:50:57.867,1514,1378,1271,1525,1435,1282,1733,2454,1525,1442
2025-06-24 14:50:57.966,1517,1397,1175,1518,1374,538,1767,1953,1542,1453
2025-06-24 14:50:58.066,1498,1467,994,1530,1241,293,1715,1511,1542,1449
2025-06-24 14:50:58.166,1520,1546,1031,1563,1179,495,1680,1194,1523,1441
2025-06-24 14:50:58.266,1488,1621,1044,1553,1227,738,1759,1115,1530,1439
2025-06-24 14:50:58.366,1441,1677,1125,1571,1291,510,1533,1262,1527,1442
2025-06-24 14:50:58.465,1403,1665,1200,1491,1297,402,1195,1457,1523,1440
2025-06-24 14:50:58.565,1389,1614,1213,1467,1265,574,1007,853,1520,1441
2025-06-24 14:50:58.665,1408,1584,1196,1471,1397,984,926,464,1526,1445
2025-06-24 14:50:58.765,1426,1563,1292,1488,1436,1437,885,528,1535,1450
2025-06-24 14:50:58.865,1408,1533,1495,1556,1431,1764,1063,753,1533,1444
2025-06-24 14:50:58.964,1393,1575,1630,1555,1634,2041,1328,886,1525,1444
2025-06-24 14:50:59.065,1403,1610,1681,1520,1819,2351,1552,951,1525,1443
2025-06-24 14:50:59.165,1413,1636,1638,1526,1879,2602,1702,1233,1523,1441
2025-06-24 14:50:59.264,1440,1655,1632,1477,1907,2675,1771,1635,1520,1439
2025-06-24 14:50:59.364,1470,1650,1579,1454,1883,2601,1776,2022,1520,1438
2025-06-24 14:50:59.464,1488,1625,1525,1487,1745,2437,1776,2459,1520,1437
2025-06-24 14:50:59.564,1509,1574,1648,1490,1691,2415,1792,2751,1520,1435
2025-06-24 14:50:59.664,1523,1684,1781,1472,1581,2347,1755,2765,1519,1431
2025-06-24 14:50:59.764,1527,1722,1858,1449,1492,1502,1646,2502,1531,1447
2025-06-24 14:50:59.863,1529,1706,1779,1472,1445,621,1662,2320,1548,1456
2025-06-24 14:50:59.962,1529,1607,1599,1520,1392,202,1717,2060,1535,1447
2025-06-24 14:51:00.060,1518,1472,1584,1533,1263,281,1521,1633,1525,1438
2025-06-24 14:51:00.166,1504,1328,1413,1472,1214,674,1391,1296,1524,1437
2025-06-24 14:51:00.259,1514,1274,1317,1507,1261,606,1042,1141,1525,1438
2025-06-24 14:51:00.359,1514,1326,1230,1490,1283,566,758,983,1530,1445
2025-06-24 14:51:00.459,1466,1374,1149,1486,1258,606,675,558,1531,1444
2025-06-24 14:51:00.559,1409,1424,1045,1509,1248,815,753,565,1520,1434
2025-06-24 14:51:00.658,1370,1521,888,1497,1328,1262,1004,622,1523,1443
2025-06-24 14:51:00.758,1382,1581,803,1561,1387,1739,1344,703,1524,1441
2025-06-24 14:51:00.858,1398,1589,833,1567,1429,2130,1677,896,1519,1435
2025-06-24 14:51:00.957,1392,1552,1040,1598,1424,2447,1851,1088,1526,1442
2025-06-24 14:51:01.057,1351,1491,1321,1597,1600,2761,1807,1245,1527,1442
2025-06-24 14:51:01.157,1379,1472,1676,1616,1785,2930,1718,1473,1519,1434
2025-06-24 14:51:01.256,1385,1506,1926,1601,1882,2896,1825,1699,1521,1439
2025-06-24 14:51:01.356,1409,1519,2032,1584,1905,2725,1850,2091,1522,1440
2025-06-24 14:51:01.455,1434,1570,2032,1587,1872,2651,1873,2455,1520,1435
2025-06-24 14:51:01.555,1456,1554,1968,1565,1749,2741,1867,2308,1521,1435
2025-06-24 14:51:01.654,1472,1585,1998,1493,1670,1840,2033,1638,1520,1435
2025-06-24 14:51:01.754,1482,1614,1891,1471,1579,771,1980,875,1549,1455
2025-06-24 14:51:01.854,1493,1607,1713,1520,1508,175,1723,579,1547,1456
2025-06-24 14:51:01.953,1524,1651,1518,1472,1446,159,1362,607,1535,1450
2025-06-24 14:51:02.052,1549,1791,1404,1469,1363,455,1168,781,1526,1441
2025-06-24 14:51:02.152,1551,1840,1361,1488,1291,452,1043,998,1535,1449
2025-06-24 14:51:02.252,1552,1803,1130,1503,1229,463,1047,693,1521,1437
2025-06-24 14:51:02.352,1567,1719,928,1463,1217,476,1091,269,1532,1445
2025-06-24 14:51:02.451,1569,1613,783,1488,1279,707,1328,547,1535,1451
2025-06-24 14:51:02.551,1513,1488,587,1494,1285,1121,1666,1142,1520,1438
2025-06-24 14:51:02.651,1439,1392,589,1394,1341,1555,1829,1534,1516,1424
2025-06-24 14:51:02.751,1383,1289,855,1359,1354,1856,1797,1771,1522,1442
2025-06-24 14:51:02.851,1364,1220,1173,1232,1381,2206,1828,1998,1531,1445
2025-06-24 14:51:02.950,1371,1261,1559,1167,1410,2551,1809,2154,1518,1433
2025-06-24 14:51:03.050,1358,1280,1891,1189,1449,2719,1808,2208,1519,1430
2025-06-24 14:51:03.150,1322,1361,2179,1232,1530,2745,1826,2288,1523,1441
2025-06-24 14:51:03.250,1307,1392,2432,1275,1708,2611,1761,2599,1514,1427
2025-06-24 14:51:03.350,1310,1437,2533,1391,1841,2525,1841,3009,1529,1442
2025-06-24 14:51:03.450,1278,1469,2499,1408,1863,2654,1792,2864,1521,1442
2025-06-24 14:51:03.550,1263,1506,2352,1503,1843,1791,1472,2607,1520,1441
2025-06-24 14:51:03.650,1232,1577,2143,1563,1773,733,1273,2060,1541,1456
2025-06-24 14:51:03.750,1267,1582,1969,1601,1629,139,1037,1468,1545,1452
2025-06-24 14:51:03.849,1296,1616,1825,1826,1590,151,880,1066,1551,1462
2025-06-24 14:51:03.948,1295,1610,1717,1933,1530,612,932,794,1533,1446
2025-06-24 14:51:04.048,1357,1632,1635,1873,1404,679,1115,380,1523,1435
2025-06-24 14:51:04.148,1390,1612,1602,1798,1281,629,1317,0,1523,1439
2025-06-24 14:51:04.247,1397,1604,1481,1758,1277,581,1481,0,1529,1441
2025-06-24 14:51:04.347,1370,1625,1481,1648,1239,778,1740,0,1542,1453
2025-06-24 14:51:04.446,1376,1622,1429,1565,1284,1264,1919,0,1543,1451
2025-06-24 14:51:04.546,1387,1631,1328,1488,1288,1682,1950,36,1531,1446
2025-06-24 14:51:04.646,1395,1708,1203,1398,1316,1999,1793,255,1527,1445
2025-06-24 14:51:04.750,1398,1741,1028,1264,1355,2368,1771,481,1520,1434
2025-06-24 14:51:04.850,1392,1724,960,1155,1423,2689,1838,871,1522,1437
2025-06-24 14:51:04.950,1441,1623,899,1182,1491,2933,1776,1290,1510,1424
2025-06-24 14:51:05.049,1463,1587,959,1255,1622,2970,1823,1737,1520,1455
2025-06-24 14:51:05.148,1471,1507,1145,1328,1552,2837,1904,2317,1522,1439
2025-06-24 14:51:05.247,1444,1445,1405,1414,1585,2762,1664,2505,1523,1439
2025-06-24 14:51:05.346,1396,1389,1673,1528,1792,2911,1375,2058,1522,1440
2025-06-24 14:51:05.445,1346,1340,1744,1597,1888,1973,1058,1525,1526,1441
2025-06-24 14:51:05.545,1348,1303,1793,1598,1917,801,811,1279,1526,1441
2025-06-24 14:51:05.645,1365,1296,1719,1686,1750,142,758,1309,1530,1443
2025-06-24 14:51:05.746,1402,1325,1713,1775,1707,80,931,1552,1531,1446
2025-06-24 14:51:05.841,1479,1386,1567,1812,1648,463,1210,1695,1526,1440
2025-06-24 14:51:05.941,1552,1474,1370,1823,1584,519,1506,1544,1522,1438
2025-06-24 14:51:06.040,1584,1559,1285,1755,1472,434,1747,978,1527,1443
2025-06-24 14:51:06.140,1617,1605,1321,1705,1434,297,1939,1138,1526,1446
2025-06-24 14:51:06.239,1630,1635,1345,1708,1392,416,1991,1324,1520,1443
2025-06-24 14:51:06.338,1635,1635,1289,1596,1285,959,1927,1424,1529,1443
2025-06-24 14:51:06.438,1633,1645,1075,1551,1197,1570,1878,1519,1520,1439
2025-06-24 14:51:06.538,1631,1627,731,1543,1239,2030,1888,1486,1535,1449
2025-06-24 14:51:06.638,1585,1547,110,1499,1337,2476,1798,1515,1532,1453
2025-06-24 14:51:06.738,1535,1518,0,1514,1310,2938,1872,1570,1529,1445
2025-06-24 14:51:06.837,1543,1527,0,1499,1332,3254,1833,1766,1523,1435
2025-06-24 14:51:06.936,1542,1543,169,1440,1363,3335,1937,1901,1524,1455
2025-06-24 14:51:07.036,1546,1552,1143,1430,1411,3048,1819,2174,1523,1443
2025-06-24 14:51:07.136,1569,1573,2075,1471,1486,2839,1489,2238,1532,1447
2025-06-24 14:51:07.236,1553,1587,2843,1488,1483,2987,1167,2099,1524,1439
2025-06-24 14:51:07.335,1561,1633,3497,1493,1639,1978,916,1825,1523,1438
2025-06-24 14:51:07.434,1523,1693,3853,1439,1773,865,953,1411,1535,1447
2025-06-24 14:51:07.533,1463,1723,3569,1507,1900,242,986,1127,1522,1438
2025-06-24 14:51:07.633,1427,1606,2999,1493,1898,234,1200,1119,1535,1447
2025-06-24 14:51:07.733,1456,1407,2512,1503,1846,589,1328,1334,1521,1435
2025-06-24 14:51:07.833,1485,1218,2121,1552,1787,539,1593,1013,1520,1434
2025-06-24 14:51:07.932,1495,1180,1836,1530,1744,363,1663,965,1527,1440
2025-06-24 14:51:08.031,1515,1295,1695,1526,1643,158,1585,1069,1530,1441
2025-06-24 14:51:08.131,1521,1408,1595,1563,1530,158,1662,1155,1535,1449
2025-06-24 14:51:08.231,1535,1488,1423,1507,1483,518,1762,1483,1526,1440
2025-06-24 14:51:08.331,1559,1572,1315,1502,1414,1038,1809,1711,1531,1449
2025-06-24 14:51:08.430,1575,1642,1264,1394,1310,1552,1801,1953,1523,1445
2025-06-24 14:51:08.529,1598,1651,1213,1417,1241,2170,1733,2029,1531,1450
2025-06-24 14:51:08.629,1609,1568,1146,1557,1268,2722,1783,2138,1525,1450
2025-06-24 14:51:08.729,1616,1483,1127,1603,1302,3083,1607,2222,1520,1434
2025-06-24 14:51:08.829,1589,1423,1149,1521,1229,3287,1382,2283,1513,1424
2025-06-24 14:51:08.929,1582,1472,1197,1550,1301,3146,1157,2480,1522,1433
2025-06-24 14:51:09.027,1565,1561,1112,1535,1350,2960,973,2677,1524,1439
2025-06-24 14:51:09.127,1546,1586,997,1494,1388,2967,900,2346,1525,1442
2025-06-24 14:51:09.226,1543,1616,1159,1486,1419,1937,987,1938,1535,1451
2025-06-24 14:51:09.326,1551,1667,1654,1504,1519,832,1125,1680,1543,1450
2025-06-24 14:51:09.426,1557,1712,1874,1456,1740,299,1325,1533,1526,1443
2025-06-24 14:51:09.525,1569,1693,1933,1503,1910,484,1712,1437,1530,1446
2025-06-24 14:51:09.625,1573,1683,1855,1571,1931,929,1975,1477,1531,1439
2025-06-24 14:51:09.725,1552,1662,1776,1499,1881,787,1972,1291,1521,1436
2025-06-24 14:51:09.824,1547,1610,1667,1431,1767,338,1787,685,1523,1441
2025-06-24 14:51:09.924,1531,1547,1517,1507,1734,0,1765,576,1525,1440
2025-06-24 14:51:10.024,1527,1494,1546,1520,1663,22,1691,806,1532,1439
2025-06-24 14:51:10.124,1532,1491,1776,1511,1558,432,1683,1088,1520,1434
2025-06-24 14:51:10.224,1533,1535,1806,1487,1470,931,1779,1223,1520,1441
2025-06-24 14:51:10.324,1535,1532,1618,1514,1393,1489,1776,1228,1521,1439
2025-06-24 14:51:10.424,1553,1499,1328,1527,1313,2125,1751,1333,1531,1448
2025-06-24 14:51:10.523,1557,1486,1126,1513,1184,2767,1599,1486,1547,1457
2025-06-24 14:51:10.622,1552,1487,959,1542,1216,3270,1331,1702,1533,1453
2025-06-24 14:51:10.722,1557,1520,895,1583,1254,3555,1088,2070,1525,1453
2025-06-24 14:51:10.821,1565,1589,819,1546,1205,3474,897,2371,1521,1435
2025-06-24 14:51:10.921,1553,1599,829,1519,1249,3431,880,2859,1520,1435
2025-06-24 14:51:11.019,1552,1533,1090,1509,1312,3420,958,2873,1518,1435
2025-06-24 14:51:11.119,1521,1474,1422,1482,1274,2210,1200,2703,1533,1443
2025-06-24 14:51:11.219,1506,1435,1584,1445,1382,1005,1383,2293,1521,1439
2025-06-24 14:51:11.319,1497,1387,1657,1481,1456,317,1697,1799,1525,1438
2025-06-24 14:51:11.418,1472,1437,1719,1485,1667,329,1883,1386,1529,1443
2025-06-24 14:51:11.517,1445,1454,1735,1490,1792,639,1963,1223,1530,1446
2025-06-24 14:51:11.617,1419,1472,1575,1543,1863,347,1968,1135,1535,1446
2025-06-24 14:51:11.717,1426,1551,1419,1578,1881,0,1827,555,1527,1443
2025-06-24 14:51:11.817,1457,1584,1210,1578,1819,0,1766,438,1520,1434
2025-06-24 14:51:11.917,1442,1593,1067,1456,1738,0,1792,637,1530,1445
2025-06-24 14:51:12.016,1437,1586,1121,1473,1652,249,1734,1015,1532,1443
2025-06-24 14:51:12.116,1437,1562,1301,1557,1593,862,1778,1374,1520,1439
2025-06-24 14:51:12.216,1405,1573,1574,1577,1520,1566,1783,1543,1520,1435
2025-06-24 14:51:12.316,1447,1547,1844,1613,1439,2391,1585,1645,1516,1424
2025-06-24 14:51:12.415,1440,1510,1983,1581,1395,3166,1315,1603,1517,1435
2025-06-24 14:51:12.515,1433,1527,2033,1523,1318,4049,1130,1690,1521,1438
2025-06-24 14:51:12.615,1438,1553,1999,1503,1259,4095,1053,1833,1527,1444
2025-06-24 14:51:12.715,1453,1573,1915,1508,1323,3755,1134,1981,1525,1441
2025-06-24 14:51:12.815,1466,1565,1779,1491,1280,3402,1182,2259,1523,1443
2025-06-24 14:51:12.915,1485,1499,1583,1458,1276,2960,1383,1984,1526,1440
2025-06-24 14:51:13.014,1500,1472,1456,1493,1326,1723,1664,1530,1535,1447
2025-06-24 14:51:13.114,1513,1482,1427,1489,1345,610,1840,1186,1535,1450
2025-06-24 14:51:13.214,1525,1534,1397,1583,1468,97,1736,1075,1532,1442
2025-06-24 14:51:13.314,1533,1506,1287,1482,1534,176,1737,1174,1521,1438
2025-06-24 14:51:13.414,1530,1474,1159,1503,1671,473,1756,1425,1517,1431
2025-06-24 14:51:13.514,1490,1424,1168,1520,1814,155,1714,1616,1520,1436
2025-06-24 14:51:13.614,1472,1395,1194,1526,1878,0,1664,1280,1523,1456
2025-06-24 14:51:13.714,1456,1408,1105,1493,1845,0,1694,1211,1526,1455
2025-06-24 14:51:13.814,1463,1406,1057,1482,1776,0,1754,1249,1531,1445
2025-06-24 14:51:13.914,1472,1492,1059,1434,1728,478,1613,1287,1535,1450
2025-06-24 14:51:14.013,1486,1557,1086,1328,1654,1123,1404,1291,1534,1449
2025-06-24 14:51:14.113,1499,1599,1112,1280,1602,1907,1211,1269,1521,1446
2025-06-24 14:51:14.213,1482,1631,1234,1173,1507,2839,1069,1284,1521,1438
2025-06-24 14:51:14.313,1445,1647,1393,1168,1409,3904,935,1319,1517,1427
2025-06-24 14:51:14.413,1472,1667,1597,1160,1409,4095,1046,1407,1527,1448
2025-06-24 14:51:14.512,1487,1610,1834,1247,1328,4095,1136,1548,1527,1446
2025-06-24 14:51:14.612,1494,1619,2032,1373,1274,3903,1309,1645,1532,1447
2025-06-24 14:51:14.712,1495,1584,2112,1436,1328,3582,1559,1723,1520,1431
2025-06-24 14:51:14.816,1489,1532,2032,1485,1303,2959,1702,1965,1531,1447
2025-06-24 14:51:14.916,1488,1511,1892,1520,1229,1621,1713,2191,1531,1449
2025-06-24 14:51:15.016,1485,1524,1747,1611,1203,583,1680,1888,1527,1445
2025-06-24 14:51:15.115,1490,1535,1643,1628,1239,161,1759,1488,1525,1440
2025-06-24 14:51:15.214,1515,1579,1598,1611,1302,336,1802,1145,1523,1441
2025-06-24 14:51:15.313,1497,1598,1591,1664,1429,591,1824,903,1520,1430
2025-06-24 14:51:15.412,1494,1569,1488,1807,1554,268,1813,887,1527,1441
2025-06-24 14:51:15.512,1483,1535,1400,1875,1755,0,1744,656,1534,1450
2025-06-24 14:51:15.612,1478,1602,1363,1837,1833,0,1793,692,1535,1445
2025-06-24 14:51:15.712,1471,1629,1191,1831,1815,0,1660,864,1526,1439
2025-06-24 14:51:15.813,1450,1584,1071,1808,1809,459,1385,1006,1530,1442
2025-06-24 14:51:15.908,1432,1486,1102,1728,1749,1202,1163,1245,1527,1442
2025-06-24 14:51:16.008,1426,1401,1152,1755,1669,2069,975,1499,1529,1444
2025-06-24 14:51:16.108,1424,1373,1195,1717,1615,2982,1027,1751,1533,1447
2025-06-24 14:51:16.208,1441,1386,1227,1673,1616,4095,1008,1854,1520,1437
2025-06-24 14:51:16.308,1449,1405,1242,1626,1533,4095,1083,1950,1520,1451
2025-06-24 14:51:16.408,1462,1456,1341,1563,1507,4095,1329,2038,1520,1445
2025-06-24 14:51:16.507,1462,1552,1483,1549,1505,3798,1557,2080,1515,1434
2025-06-24 14:51:16.607,1438,1658,1661,1424,1326,3395,1726,2187,1531,1445
2025-06-24 14:51:16.706,1442,1652,1763,1353,1264,2787,1744,2192,1543,1455
2025-06-24 14:51:16.806,1466,1650,1838,1327,1283,1476,1750,2014,1523,1436
2025-06-24 14:51:16.906,1479,1605,1863,1237,1230,446,1773,1783,1521,1434
2025-06-24 14:51:17.006,1488,1600,1819,1210,1238,72,1858,1500,1525,1437
2025-06-24 14:51:17.105,1500,1579,1727,1280,1291,276,1866,1457,1524,1437
2025-06-24 14:51:17.205,1505,1535,1625,1327,1297,558,1781,1497,1531,1443
2025-06-24 14:51:17.305,1509,1545,1542,1427,1405,144,1846,1482,1546,1457
2025-06-24 14:51:17.405,1520,1512,1520,1461,1491,0,1840,1104,1531,1456
2025-06-24 14:51:17.505,1550,1542,1424,1511,1737,0,1545,1072,1520,1441
2025-06-24 14:51:17.604,1533,1617,1425,1578,1990,0,1287,1194,1531,1443
2025-06-24 14:51:17.703,1515,1613,1551,1627,2014,522,1015,1290,1535,1447
2025-06-24 14:51:17.803,1501,1552,1520,1586,1893,1271,777,1239,1534,1446
2025-06-24 14:51:17.902,1501,1492,1392,1557,1765,2147,688,1222,1529,1435
2025-06-24 14:51:18.002,1487,1581,1351,1586,1664,3054,881,1105,1527,1443
2025-06-24 14:51:18.102,1460,1595,1235,1589,1616,3994,1209,1066,1520,1439
2025-06-24 14:51:18.202,1440,1556,1071,1574,1568,4095,1507,1098,1518,1429
2025-06-24 14:51:18.301,1440,1479,959,1568,1543,4095,1779,1293,1520,1435
2025-06-24 14:51:18.401,1438,1394,942,1515,1510,3434,1901,1513,1520,1431
2025-06-24 14:51:18.501,1446,1351,1069,1496,1458,3183,1841,1597,1515,1427
2025-06-24 14:51:18.601,1458,1371,1317,1515,1360,2626,1879,1722,1530,1443
2025-06-24 14:51:18.701,1456,1445,1601,1527,1313,1438,1891,2075,1542,1454
2025-06-24 14:51:18.801,1438,1517,1776,1591,1342,449,1889,2284,1531,1444
2025-06-24 14:51:18.901,1447,1609,1921,1596,1285,53,1883,1947,1525,1441
2025-06-24 14:51:19.001,1461,1668,1941,1582,1215,252,1872,1569,1541,1451
2025-06-24 14:51:19.100,1485,1689,1868,1563,1218,497,1829,1247,1527,1440
2025-06-24 14:51:19.200,1488,1680,1798,1541,1338,256,1542,1134,1534,1445
2025-06-24 14:51:19.300,1504,1621,1780,1511,1415,0,1270,1134,1546,1454
2025-06-24 14:51:19.399,1505,1557,1718,1509,1441,0,1028,1422,1532,1446
2025-06-24 14:51:19.499,1521,1478,1694,1514,1623,253,757,1570,1528,1445
2025-06-24 14:51:19.598,1509,1472,1741,1472,1775,832,677,1552,1520,1434
2025-06-24 14:51:19.698,1505,1515,1616,1488,1815,1513,881,1417,1521,1435
2025-06-24 14:51:19.798,1511,1552,1501,1532,1834,2161,1203,1472,1526,1445
2025-06-24 14:51:19.898,1493,1583,1375,1504,1792,2794,1613,1467,1520,1435
2025-06-24 14:51:19.998,1548,1604,1242,1512,1707,3306,1971,1472,1523,1440
2025-06-24 14:51:20.097,1545,1585,1228,1535,1619,3505,2115,1488,1535,1453
2025-06-24 14:51:20.197,1506,1530,1259,1515,1595,3246,2012,1546,1523,1441
2025-06-24 14:51:20.297,1455,1535,1200,1535,1555,2885,1890,1733,1519,1429
2025-06-24 14:51:20.397,1423,1658,1065,1462,1578,2841,1851,2061,1521,1438
2025-06-24 14:51:20.497,1407,1641,1039,1429,1494,2379,1855,2222,1521,1437
2025-06-24 14:51:20.596,1424,1616,1207,1487,1423,1217,1890,1812,1524,1437
2025-06-24 14:51:20.696,1443,1476,1518,1523,1397,272,1803,1195,1520,1435
2025-06-24 14:51:20.795,1447,1355,1761,1552,1423,0,1771,851,1525,1438
2025-06-24 14:51:20.895,1439,1280,2017,1541,1397,211,1653,739,1530,1442
2025-06-24 14:51:20.995,1435,1296,2294,1551,1314,544,1328,940,1520,1437
2025-06-24 14:51:21.094,1441,1362,2531,1475,1265,494,1054,1130,1530,1443
2025-06-24 14:51:21.194,1472,1463,2382,1452,1296,414,752,1348,1527,1444
2025-06-24 14:51:21.294,1471,1533,2127,1472,1315,368,720,1381,1542,1455
2025-06-24 14:51:21.394,1481,1632,1886,1487,1303,672,802,1378,1545,1455
2025-06-24 14:51:21.494,1488,1661,1786,1471,1371,1218,1006,1504,1535,1449
2025-06-24 14:51:21.593,1495,1646,1690,1514,1557,1723,1417,1585,1520,1436
2025-06-24 14:51:21.693,1488,1616,1469,1559,1739,2144,1734,1518,1521,1435
2025-06-24 14:51:21.793,1502,1543,1280,1553,1730,2601,1959,1373,1520,1431
2025-06-24 14:51:21.893,1507,1584,1207,1610,1705,3003,1978,1194,1522,1439
2025-06-24 14:51:21.993,1511,1552,978,1572,1644,3048,1875,1216,1528,1445
2025-06-24 14:51:22.093,1531,1542,736,1515,1553,2821,1794,1310,1531,1446
2025-06-24 14:51:22.193,1545,1573,573,1546,1473,2640,1869,1392,1532,1446
2025-06-24 14:51:22.293,1526,1565,383,1523,1447,2827,1876,1600,1530,1440
2025-06-24 14:51:22.393,1472,1576,368,1493,1431,2321,1773,1907,1527,1439
2025-06-24 14:51:22.493,1410,1565,635,1523,1443,1066,1738,2205,1527,1446
2025-06-24 14:51:22.592,1377,1513,1023,1509,1424,87,1743,2440,1527,1443
2025-06-24 14:51:22.692,1378,1600,1615,1520,1325,0,1544,2457,1521,1435
2025-06-24 14:51:22.792,1411,1635,2178,1481,1282,0,1216,2002,1523,1438
2025-06-24 14:51:22.892,1446,1648,2598,1455,1326,0,1044,1684,1531,1451
2025-06-24 14:51:22.991,1430,1610,2786,1472,1318,0,847,1666,1530,1444
2025-06-24 14:51:23.090,1418,1520,2754,1495,1259,368,835,2178,1526,1442
2025-06-24 14:51:23.190,1423,1397,2593,1546,1291,752,881,2722,1520,1434
2025-06-24 14:51:23.290,1438,1311,2303,1570,1309,1116,1066,2591,1520,1431
2025-06-24 14:51:23.390,1469,1360,2030,1531,1360,1552,1454,2199,1523,1439
2025-06-24 14:51:23.490,1489,1423,1761,1506,1467,1830,1809,1857,1520,1431
2025-06-24 14:51:23.589,1512,1472,1682,1526,1599,2022,1924,1462,1525,1439
2025-06-24 14:51:23.689,1520,1548,1565,1424,1728,2247,1852,1173,1531,1445
2025-06-24 14:51:23.789,1550,1590,1554,1467,1792,2448,1737,1011,1534,1450
2025-06-24 14:51:23.889,1535,1585,1410,1477,1785,2541,1687,847,1533,1450
2025-06-24 14:51:23.988,1545,1583,1289,1443,1766,2537,1713,809,1532,1445
2025-06-24 14:51:24.087,1552,1555,1215,1495,1707,2682,1791,826,1535,1450
2025-06-24 14:51:24.187,1563,1546,1295,1520,1639,3388,1829,1117,1529,1443
2025-06-24 14:51:24.287,1569,1467,1339,1571,1593,2433,1879,1469,1530,1447
2025-06-24 14:51:24.387,1554,1513,1323,1526,1506,1049,1911,2018,1535,1447
2025-06-24 14:51:24.487,1515,1551,1277,1521,1533,161,1629,2149,1526,1445
2025-06-24 14:51:24.586,1469,1562,1179,1583,1478,0,1246,1682,1534,1446
2025-06-24 14:51:24.686,1445,1583,1069,1571,1409,436,895,1097,1531,1442
2025-06-24 14:51:24.785,1453,1600,1088,1525,1316,990,735,743,1530,1444
2025-06-24 14:51:24.889,1474,1578,1120,1472,1295,1102,762,623,1526,1441
2025-06-24 14:51:24.988,1491,1591,1170,1476,1333,1407,1040,575,1520,1428
2025-06-24 14:51:25.087,1483,1676,1232,1472,1314,1723,1265,678,1521,1427
2025-06-24 14:51:25.186,1463,1665,1281,1517,1293,1946,1585,896,1522,1437
2025-06-24 14:51:25.285,1474,1632,1258,1519,1370,2128,1794,561,1521,1439
2025-06-24 14:51:25.385,1486,1525,1255,1495,1408,2303,1889,508,1517,1429
2025-06-24 14:51:25.484,1526,1455,1359,1488,1472,2433,1878,765,1530,1444
2025-06-24 14:51:25.583,1552,1369,1392,1466,1551,2387,1814,1104,1534,1448
2025-06-24 14:51:25.683,1572,1366,1306,1482,1707,2345,1794,1330,1520,1437
2025-06-24 14:51:25.783,1570,1393,1255,1456,1792,2251,1813,1527,1521,1438
2025-06-24 14:51:25.884,1566,1482,1232,1488,1840,2129,1911,1553,1525,1438
2025-06-24 14:51:25.979,1563,1572,1270,1510,1817,2339,1901,1712,1531,1447
2025-06-24 14:51:26.079,1563,1602,1088,1514,1741,2425,1933,2170,1531,1446
2025-06-24 14:51:26.179,1549,1616,1008,1530,1616,777,1853,2654,1523,1438
2025-06-24 14:51:26.279,1531,1615,871,1552,1520,0,1509,2768,1530,1447
2025-06-24 14:51:26.378,1535,1590,769,1477,1485,0,1210,2726,1530,1444
2025-06-24 14:51:26.478,1531,1518,744,1521,1469,0,1030,2558,1535,1454
2025-06-24 14:51:26.578,1505,1486,942,1531,1403,180,944,2380,1523,1441
2025-06-24 14:51:26.677,1408,1477,1306,1588,1345,432,884,1943,1525,1439
2025-06-24 14:51:26.777,1360,1488,1706,1519,1329,633,1077,1362,1527,1441
2025-06-24 14:51:26.877,1328,1546,2092,1488,1339,1152,1346,890,1529,1441
2025-06-24 14:51:26.976,1334,1567,2227,1488,1408,1792,1563,688,1527,1441
2025-06-24 14:51:27.075,1362,1581,2321,1447,1306,2205,1744,714,1522,1441
2025-06-24 14:51:27.174,1374,1597,2207,1375,1247,2132,1783,640,1520,1436
2025-06-24 14:51:27.274,1358,1563,1989,1291,1322,2031,1797,649,1529,1445
2025-06-24 14:51:27.373,1359,1611,1821,1181,1389,2000,1871,851,1532,1446
2025-06-24 14:51:27.473,1382,1648,1696,1138,1442,2031,1889,1102,1520,1437
2025-06-24 14:51:27.572,1408,1679,1632,1161,1493,2125,1840,1290,1519,1432
2025-06-24 14:51:27.671,1439,1621,1677,1267,1584,2129,1745,1520,1518,1433
2025-06-24 14:51:27.770,1456,1520,1665,1291,1696,2235,1839,1699,1527,1442
2025-06-24 14:51:27.869,1475,1390,1613,1296,1758,2999,1674,1797,1526,1445
2025-06-24 14:51:27.968,1481,1319,1453,1463,1799,2697,1405,1850,1523,1445
2025-06-24 14:51:28.068,1488,1338,1427,1574,1754,883,1108,2011,1519,1433
2025-06-24 14:51:28.167,1494,1387,1294,1645,1725,0,912,2018,1526,1440
2025-06-24 14:51:28.267,1507,1487,1183,1686,1685,0,783,2077,1535,1447
2025-06-24 14:51:28.366,1512,1543,1083,1727,1557,0,828,2157,1535,1451
2025-06-24 14:51:28.466,1518,1616,1066,1863,1510,128,1083,2092,1535,1449
2025-06-24 14:51:28.566,1542,1599,1115,1907,1509,163,1389,1749,1544,1456
2025-06-24 14:51:28.665,1533,1569,1328,1903,1457,0,1678,1697,1527,1447
2025-06-24 14:51:28.764,1461,1488,1546,1808,1435,581,1812,1531,1521,1441
2025-06-24 14:51:28.864,1375,1454,1628,1746,1339,1678,1891,1567,1525,1438
2025-06-24 14:51:28.963,1328,1440,1709,1659,1392,2483,1889,1591,1529,1446
2025-06-24 14:51:29.062,1328,1466,1639,1601,1435,3008,1950,1588,1521,1441
2025-06-24 14:51:29.162,1360,1531,1520,1500,1328,3200,1966,1203,1520,1436
2025-06-24 14:51:29.262,1392,1582,1437,1466,1321,3223,1948,899,1520,1439
2025-06-24 14:51:29.361,1387,1622,1413,1531,1371,3031,1846,817,1519,1430
2025-06-24 14:51:29.461,1385,1662,1405,1573,1390,2788,1840,909,1520,1433
2025-06-24 14:51:29.561,1409,1671,1471,1531,1456,2610,1881,989,1526,1442
2025-06-24 14:51:29.660,1436,1614,1486,1531,1450,2898,1456,1075,1526,1431
2025-06-24 14:51:29.759,1467,1696,1520,1487,1604,3911,1140,1165,1521,1434
2025-06-24 14:51:29.859,1487,1718,1453,1479,1728,2673,800,1246,1533,1447
2025-06-24 14:51:29.958,1501,1711,1370,1488,1731,973,534,1314,1531,1445
2025-06-24 14:51:30.058,1530,1616,1387,1473,1734,0,592,1331,1527,1443
2025-06-24 14:51:30.157,1520,1531,1282,1425,1668,0,780,1521,1533,1446
2025-06-24 14:51:30.256,1525,1431,1230,1422,1677,304,1127,1755,1529,1446
2025-06-24 14:51:30.355,1527,1349,1200,1424,1617,1013,1475,2006,1530,1444
2025-06-24 14:51:30.455,1535,1322,1231,1391,1547,1248,1859,2047,1521,1437
2025-06-24 14:51:30.555,1543,1403,1360,1442,1513,1137,2006,1843,1521,1440
2025-06-24 14:51:30.654,1559,1429,1526,1440,1467,1335,2046,1515,1525,1439
2025-06-24 14:51:30.753,1584,1495,1649,1478,1410,2000,1968,1177,1520,1439
2025-06-24 14:51:30.852,1552,1552,1742,1509,1341,2616,1950,1168,1529,1445
2025-06-24 14:51:30.952,1456,1584,1783,1640,1263,2909,1979,1485,1517,1430
2025-06-24 14:51:31.052,1424,1622,1829,1616,1357,3088,2128,1744,1531,1447
2025-06-24 14:51:31.151,1399,1615,1811,1578,1357,2944,2114,1594,1526,1444
2025-06-24 14:51:31.251,1407,1600,1719,1546,1347,2600,2119,1060,1543,1441
2025-06-24 14:51:31.350,1422,1578,1643,1610,1365,2101,1841,925,1541,1447
2025-06-24 14:51:31.450,1413,1582,1519,1547,1343,1486,1471,1064,1526,1439
2025-06-24 14:51:31.549,1389,1582,1472,1494,1456,1666,917,1181,1522,1433
2025-06-24 14:51:31.648,1395,1606,1429,1570,1501,1989,503,1389,1529,1439
2025-06-24 14:51:31.748,1424,1616,1421,1541,1610,924,431,1463,1527,1443
2025-06-24 14:51:31.848,1458,1611,1468,1519,1712,0,633,1629,1523,1443
2025-06-24 14:51:31.947,1488,1569,1505,1486,1712,0,986,1664,1535,1446
2025-06-24 14:51:32.047,1517,1623,1474,1530,1717,0,1302,1794,1530,1443
2025-06-24 14:51:32.146,1527,1648,1379,1510,1687,420,1606,2074,1529,1442
2025-06-24 14:51:32.246,1530,1681,1296,1514,1664,1035,1981,2301,1527,1442
2025-06-24 14:51:32.346,1520,1619,1243,1447,1600,1280,2134,2517,1523,1439
2025-06-24 14:51:32.446,1529,1535,1222,1401,1543,1732,2128,2239,1522,1442
2025-06-24 14:51:32.545,1531,1396,1245,1550,1545,2404,2058,1727,1535,1449
2025-06-24 14:51:32.645,1547,1354,1281,1584,1573,2992,2031,1306,1520,1443
2025-06-24 14:51:32.745,1552,1350,1393,1567,1481,3190,2143,1231,1521,1438
2025-06-24 14:51:32.845,1565,1397,1451,1575,1387,3087,2115,1428,1534,1443
2025-06-24 14:51:32.945,1574,1485,1529,1603,1333,2861,2100,1519,1523,1450
2025-06-24 14:51:33.045,1520,1557,1566,1575,1329,2647,2098,1761,1520,1431
2025-06-24 14:51:33.144,1443,1572,1495,1523,1392,2356,1937,1498,1526,1440
2025-06-24 14:51:33.244,1393,1585,1407,1488,1430,1841,1659,1075,1527,1447
2025-06-24 14:51:33.344,1383,1580,1350,1506,1350,1648,1238,1009,1527,1443
2025-06-24 14:51:33.444,1393,1575,1344,1527,1369,2585,912,1089,1541,1451
2025-06-24 14:51:33.544,1408,1520,1296,1522,1478,2216,688,1170,1524,1440
2025-06-24 14:51:33.643,1377,1516,1294,1483,1520,575,679,1313,1520,1437
2025-06-24 14:51:33.743,1366,1531,1275,1447,1486,0,979,1386,1529,1444
2025-06-24 14:51:33.843,1392,1578,1365,1453,1577,0,1321,1381,1529,1461
2025-06-24 14:51:33.943,1431,1626,1407,1477,1707,0,1569,1425,1522,1436
2025-06-24 14:51:34.043,1469,1619,1394,1511,1709,458,1854,1574,1523,1441
2025-06-24 14:51:34.142,1500,1615,1328,1520,1712,832,1941,1705,1531,1443
2025-06-24 14:51:34.242,1520,1597,1200,1535,1647,1459,1787,1946,1526,1445
2025-06-24 14:51:34.342,1529,1599,1183,1503,1611,2032,1746,2229,1519,1438
2025-06-24 14:51:34.442,1530,1721,1231,1475,1594,2130,1804,2310,1519,1437
2025-06-24 14:51:34.542,1530,1765,1279,1527,1490,2157,1808,2194,1523,1427
2025-06-24 14:51:34.642,1527,1729,1392,1510,1472,2160,1872,1779,1522,1438
2025-06-24 14:51:34.742,1526,1634,1466,1527,1488,2288,1747,1325,1523,1441
2025-06-24 14:51:34.842,1535,1520,1594,1520,1486,2448,1712,1157,1534,1453
2025-06-24 14:51:34.946,1553,1363,1735,1545,1421,2385,1507,1151,1534,1447
2025-06-24 14:51:35.045,1565,1232,1765,1552,1353,2194,1262,1216,1526,1439
2025-06-24 14:51:35.144,1535,1223,1741,1565,1410,1815,950,727,1535,1449
2025-06-24 14:51:35.243,1470,1302,1727,1547,1433,1792,766,545,1531,1445
2025-06-24 14:51:35.342,1399,1396,1687,1479,1403,2129,791,687,1531,1443
2025-06-24 14:51:35.441,1360,1485,1664,1424,1379,983,1045,863,1535,1451
2025-06-24 14:51:35.540,1347,1556,1675,1462,1394,0,1388,1008,1522,1439
2025-06-24 14:51:35.639,1357,1583,1666,1460,1407,0,1673,1067,1525,1441
2025-06-24 14:51:35.739,1333,1552,1666,1467,1431,0,1817,1057,1520,1435
2025-06-24 14:51:35.839,1306,1520,1678,1472,1505,31,1943,1095,1534,1449
2025-06-24 14:51:35.940,1267,1558,1526,1498,1674,631,1884,1264,1530,1445
2025-06-24 14:51:36.035,1255,1577,1504,1552,1751,1227,1729,1586,1525,1443
2025-06-24 14:51:36.135,1249,1596,1379,1473,1777,2027,1719,1970,1521,1439
2025-06-24 14:51:36.235,1203,1655,1351,1499,1701,2682,1715,2406,1520,1442
2025-06-24 14:51:36.335,1200,1647,1456,1555,1637,3344,1687,2747,1519,1436
2025-06-24 14:51:36.435,1218,1607,1499,1529,1563,3367,1649,2497,1518,1431
2025-06-24 14:51:36.535,1291,1601,1563,1554,1485,2945,1719,1993,1521,1443
2025-06-24 14:51:36.635,1327,1616,1662,1566,1490,2539,1552,1787,1534,1447
2025-06-24 14:51:36.734,1378,1747,1711,1545,1488,2318,1302,1770,1530,1443
2025-06-24 14:51:36.833,1411,1770,1697,1519,1449,2162,1107,1829,1529,1440
2025-06-24 14:51:36.933,1424,1748,1731,1471,1434,1430,961,1902,1526,1439
2025-06-24 14:51:37.033,1398,1680,1751,1519,1441,671,935,1854,1542,1452
2025-06-24 14:51:37.133,1343,1559,1759,1533,1365,1104,975,1274,1530,1447
2025-06-24 14:51:37.232,1314,1429,1757,1505,1383,1943,1111,1139,1522,1437
2025-06-24 14:51:37.332,1317,1344,1765,1508,1392,849,1296,1287,1535,1452
2025-06-24 14:51:37.432,1339,1249,1721,1466,1402,0,1533,1370,1526,1443
2025-06-24 14:51:37.532,1353,1281,1685,1456,1360,0,1713,1457,1535,1448
2025-06-24 14:51:37.631,1341,1370,1648,1482,1426,0,1757,1453,1533,1447
2025-06-24 14:51:37.730,1331,1434,1680,1455,1479,0,1814,1385,1533,1447
2025-06-24 14:51:37.830,1360,1487,1731,1486,1456,422,1780,1393,1526,1439
2025-06-24 14:51:37.930,1415,1520,1667,1472,1490,1466,1762,1423,1520,1435
2025-06-24 14:51:38.030,1471,1520,1522,1503,1678,2551,1809,1501,1531,1446
2025-06-24 14:51:38.130,1522,1488,1567,1552,1706,3503,1749,1648,1518,1437
2025-06-24 14:51:38.229,1594,1515,1499,1511,1717,4095,1629,1840,1510,1424
2025-06-24 14:51:38.329,1649,1535,1472,1520,1671,4095,1631,2026,1515,1426
2025-06-24 14:51:38.428,1680,1570,1456,1584,1603,4095,1513,1978,1519,1434
2025-06-24 14:51:38.528,1694,1574,1414,1655,1563,3755,1257,1655,1523,1441
2025-06-24 14:51:38.627,1680,1552,1429,1579,1506,3279,912,1168,1525,1439
2025-06-24 14:51:38.726,1646,1546,1481,1547,1424,2929,795,1116,1533,1434
2025-06-24 14:51:38.826,1636,1520,1590,1600,1475,2338,772,1161,1547,1459
2025-06-24 14:51:38.926,1639,1622,1742,1485,1459,1747,886,1267,1531,1443
2025-06-24 14:51:39.026,1651,1753,1839,1363,1472,1913,1040,995,1526,1440
2025-06-24 14:51:39.126,1666,1807,1898,1276,1409,2031,1407,632,1523,1440
2025-06-24 14:51:39.225,1671,1812,1943,1255,1389,893,1683,510,1524,1443
2025-06-24 14:51:39.325,1647,1719,1840,1209,1424,24,1862,825,1522,1437
2025-06-24 14:51:39.425,1588,1627,1710,1264,1395,0,1925,1391,1523,1439
2025-06-24 14:51:39.524,1498,1504,1621,1249,1375,7,1944,1766,1525,1439
2025-06-24 14:51:39.623,1434,1365,1567,1271,1358,682,1905,1805,1529,1443
2025-06-24 14:51:39.722,1408,1313,1535,1314,1392,1069,1886,1728,1525,1442
2025-06-24 14:51:39.822,1415,1291,1520,1362,1457,1568,1949,1607,1527,1453
2025-06-24 14:51:39.922,1457,1316,1535,1437,1509,2225,1946,1654,1520,1434
2025-06-24 14:51:40.022,1517,1354,1575,1516,1557,2451,1859,1740,1521,1431
2025-06-24 14:51:40.122,1552,1405,1449,1588,1676,2352,1843,1858,1530,1444
2025-06-24 14:51:40.221,1542,1465,1421,1648,1751,2217,1521,2141,1545,1456
2025-06-24 14:51:40.321,1547,1499,1360,1697,1734,2126,1111,2448,1533,1446
2025-06-24 14:51:40.421,1534,1513,1306,1845,1700,4095,672,2109,1526,1442
2025-06-24 14:51:40.521,1535,1527,1237,1870,1651,4095,370,1548,1522,1439
2025-06-24 14:51:40.621,1543,1574,1229,1873,1561,3598,380,1261,1520,1434
2025-06-24 14:51:40.720,1552,1590,1267,1770,1547,1979,644,1212,1525,1438
2025-06-24 14:51:40.820,1559,1570,1358,1705,1456,986,1038,1230,1549,1456
2025-06-24 14:51:40.920,1565,1555,1458,1684,1485,880,1403,1247,1535,1451
2025-06-24 14:51:41.020,1593,1549,1569,1585,1486,938,1796,1173,1527,1441
2025-06-24 14:51:41.120,1584,1597,1713,1498,1471,0,2138,528,1530,1440
2025-06-24 14:51:41.219,1601,1718,1779,1535,1401,0,2149,409,1522,1440
2025-06-24 14:51:41.319,1619,1777,1837,1631,1375,0,2128,720,1523,1440
2025-06-24 14:51:41.419,1621,1753,1834,1575,1419,0,2027,1154,1527,1438
2025-06-24 14:51:41.519,1611,1665,1779,1456,1452,46,2000,1520,1525,1440
2025-06-24 14:51:41.619,1615,1500,1694,1442,1426,410,2096,1811,1521,1439
2025-06-24 14:51:41.719,1605,1417,1645,1446,1472,1178,2086,2015,1519,1432
2025-06-24 14:51:41.819,1553,1362,1622,1373,1478,1872,1969,2080,1522,1439
2025-06-24 14:51:41.919,1462,1365,1631,1381,1467,2288,1808,2076,1518,1429
2025-06-24 14:51:42.019,1445,1383,1648,1440,1520,2601,1373,2303,1523,1439
2025-06-24 14:51:42.119,1431,1406,1621,1412,1488,3009,1003,2366,1531,1447
2025-06-24 14:51:42.218,1445,1430,1502,1470,1629,2991,626,2351,1531,1454
2025-06-24 14:51:42.317,1474,1506,1459,1535,1680,2908,505,2337,1533,1447
2025-06-24 14:51:42.417,1485,1598,1315,1600,1709,2886,604,2333,1535,1451
2025-06-24 14:51:42.517,1517,1577,1232,1527,1643,2864,893,1982,1530,1449
2025-06-24 14:51:42.617,1520,1527,1249,1596,1535,2815,1161,1456,1535,1440
2025-06-24 14:51:42.717,1531,1504,1295,1589,1520,2607,1565,1169,1523,1442
2025-06-24 14:51:42.817,1527,1499,1362,1515,1513,2513,1930,1196,1523,1440
2025-06-24 14:51:42.917,1507,1546,1414,1523,1449,2767,2147,1217,1532,1442
2025-06-24 14:51:43.017,1474,1545,1484,1534,1413,1856,2118,870,1535,1451
2025-06-24 14:51:43.117,1456,1533,1558,1633,1445,781,1861,787,1529,1445
2025-06-24 14:51:43.216,1460,1523,1618,1505,1458,177,1804,761,1533,1449
2025-06-24 14:51:43.316,1472,1590,1648,1456,1433,79,1769,685,1535,1448
2025-06-24 14:51:43.416,1485,1712,1667,1482,1424,324,1841,748,1533,1447
2025-06-24 14:51:43.516,1509,1714,1648,1534,1402,368,1858,1079,1526,1443
2025-06-24 14:51:43.616,1552,1670,1616,1571,1361,421,1772,1314,1517,1437
2025-06-24 14:51:43.715,1559,1582,1559,1562,1371,492,1751,1259,1510,1424
2025-06-24 14:51:43.815,1559,1568,1495,1533,1374,561,1614,1297,1523,1437
2025-06-24 14:51:43.915,1531,1525,1456,1600,1373,811,1324,1349,1527,1439
2025-06-24 14:51:44.015,1522,1472,1504,1633,1458,1239,969,1549,1520,1436
2025-06-24 14:51:44.115,1509,1443,1615,1583,1489,1675,761,1808,1520,1431
2025-06-24 14:51:44.214,1521,1457,1535,1574,1480,2026,743,2096,1516,1430
2025-06-24 14:51:44.313,1499,1489,1446,1488,1600,2230,1006,2363,1527,1440
2025-06-24 14:51:44.413,1494,1554,1394,1445,1781,2120,1443,2001,1527,1442
2025-06-24 14:51:44.513,1489,1587,1175,1458,1783,2163,1782,1420,1525,1441
2025-06-24 14:51:44.613,1482,1562,1085,1503,1703,2471,2143,1111,1527,1442
2025-06-24 14:51:44.712,1465,1552,1054,1513,1593,2753,2315,1243,1527,1441
2025-06-24 14:51:44.812,1453,1549,1085,1525,1581,3077,2271,1506,1535,1450
2025-06-24 14:51:44.912,1450,1482,1184,1567,1506,2855,2186,1632,1520,1436
2025-06-24 14:51:45.016,1451,1472,1291,1520,1472,1893,2042,1664,1523,1450
2025-06-24 14:51:45.116,1461,1481,1348,1470,1472,1050,1916,943,1535,1454
2025-06-24 14:51:45.215,1470,1501,1431,1541,1511,629,1906,562,1533,1438
2025-06-24 14:51:45.314,1478,1522,1553,1521,1382,720,1922,507,1548,1461
2025-06-24 14:51:45.414,1456,1550,1675,1545,1232,970,1782,676,1533,1445
2025-06-24 14:51:45.513,1452,1559,1699,1520,1210,880,1550,1061,1526,1443
2025-06-24 14:51:45.612,1465,1563,1663,1510,1269,634,1399,1292,1520,1433
2025-06-24 14:51:45.711,1472,1600,1602,1466,1274,255,1072,1062,1534,1446
2025-06-24 14:51:45.811,1481,1674,1498,1525,1337,398,719,971,1527,1441
2025-06-24 14:51:45.911,1488,1648,1479,1563,1413,939,605,944,1531,1442
2025-06-24 14:51:46.012,1494,1550,1456,1520,1458,1530,759,1277,1520,1437
2025-06-24 14:51:46.107,1497,1465,1475,1522,1426,1979,1013,1801,1524,1440
2025-06-24 14:51:46.207,1494,1403,1547,1485,1391,2352,1413,2577,1521,1440
2025-06-24 14:51:46.307,1490,1392,1461,1505,1390,2557,1731,2997,1526,1441
2025-06-24 14:51:46.407,1489,1438,1412,1533,1566,2687,1990,3351,1531,1449
2025-06-24 14:51:46.507,1488,1490,1427,1503,1759,2743,2133,3247,1526,1444
2025-06-24 14:51:46.607,1488,1520,1276,1471,1869,2640,2041,2659,1522,1439
2025-06-24 14:51:46.707,1482,1582,1156,1453,1873,2653,2019,2261,1525,1442
2025-06-24 14:51:46.806,1478,1629,1099,1429,1834,2827,1918,1965,1535,1459
2025-06-24 14:51:46.906,1466,1657,1168,1488,1761,2047,1936,1712,1525,1441
2025-06-24 14:51:47.006,1456,1671,1232,1554,1637,1003,1819,1472,1518,1430
2025-06-24 14:51:47.106,1444,1670,1321,1582,1546,257,1685,848,1525,1437
2025-06-24 14:51:47.206,1433,1620,1409,1499,1502,0,1669,0,1532,1446
2025-06-24 14:51:47.305,1435,1562,1598,1488,1451,95,1520,0,1535,1451
2025-06-24 14:51:47.405,1451,1543,1782,1463,1400,266,1309,0,1531,1440
2025-06-24 14:51:47.505,1438,1527,1847,1517,1319,527,990,275,1515,1425
2025-06-24 14:51:47.604,1472,1507,1865,1489,1290,841,813,928,1524,1438
2025-06-24 14:51:47.704,1487,1494,1832,1535,1356,1159,801,1425,1535,1454
2025-06-24 14:51:47.803,1472,1510,1765,1529,1375,1137,890,1927,1533,1453
2025-06-24 14:51:47.903,1463,1521,1674,1535,1359,1008,1103,2474,1526,1443
2025-06-24 14:51:48.003,1469,1521,1603,1567,1424,1218,1418,2862,1521,1437
2025-06-24 14:51:48.103,1482,1595,1564,1524,1468,1620,1667,3861,1520,1438
2025-06-24 14:51:48.203,1485,1611,1559,1488,1519,2034,1792,4095,1521,1429
2025-06-24 14:51:48.303,1499,1568,1533,1571,1520,2384,1968,3495,1512,1430
2025-06-24 14:51:48.403,1499,1511,1467,1572,1593,2490,1901,2839,1521,1441
2025-06-24 14:51:48.503,1501,1463,1379,1550,1712,2448,1798,2177,1523,1435
2025-06-24 14:51:48.603,1504,1439,1302,1523,1698,2353,1808,1805,1527,1445
2025-06-24 14:51:48.703,1507,1428,1188,1441,1762,2605,1788,1853,1543,1447
2025-06-24 14:51:48.803,1505,1450,1141,1423,1749,2446,1775,2007,1527,1437
2025-06-24 14:51:48.903,1506,1531,1175,1488,1667,1488,1652,2002,1530,1449
2025-06-24 14:51:49.003,1497,1579,1213,1478,1598,717,1589,1951,1535,1455
2025-06-24 14:51:49.103,1496,1600,1260,1523,1573,432,1442,1042,1535,1446
2025-06-24 14:51:49.203,1494,1609,1319,1561,1473,637,1297,272,1535,1443
2025-06-24 14:51:49.303,1481,1591,1408,1534,1424,956,1122,330,1523,1437
2025-06-24 14:51:49.402,1467,1584,1554,1520,1360,1078,875,417,1523,1436
2025-06-24 14:51:49.501,1456,1552,1680,1529,1249,1305,809,545,1521,1432
2025-06-24 14:51:49.601,1447,1499,1728,1546,1187,1438,893,798,1525,1441
2025-06-24 14:51:49.700,1441,1495,1679,1472,1310,1513,1205,1173,1527,1443
2025-06-24 14:51:49.800,1442,1555,1607,1498,1323,1562,1456,1466,1527,1444
2025-06-24 14:51:49.900,1450,1566,1478,1535,1229,1653,1712,1740,1530,1446
2025-06-24 14:51:49.999,1462,1579,1408,1552,1300,1812,1854,2004,1531,1443
2025-06-24 14:51:50.100,1471,1569,1375,1531,1381,2000,1856,2422,1527,1443
2025-06-24 14:51:50.200,1461,1495,1377,1518,1429,2197,1835,2591,1520,1434
2025-06-24 14:51:50.299,1438,1472,1391,1525,1403,2305,1843,2525,1529,1443
2025-06-24 14:51:50.399,1450,1616,1397,1523,1399,2259,1921,2255,1530,1443
2025-06-24 14:51:50.499,1468,1625,1344,1532,1510,2131,1802,1760,1529,1441
2025-06-24 14:51:50.598,1489,1578,1280,1510,1686,2135,1619,1296,1526,1440
2025-06-24 14:51:50.698,1504,1495,1223,1534,1742,2283,1650,1040,1529,1442
2025-06-24 14:51:50.797,1515,1456,1122,1530,1758,1429,1577,936,1523,1438
2025-06-24 14:51:50.897,1511,1415,1104,1516,1694,549,1339,976,1531,1439
2025-06-24 14:51:50.997,1520,1411,1168,1552,1575,97,1051,691,1533,1446
2025-06-24 14:51:51.097,1513,1424,1259,1468,1535,80,894,186,1531,1453
2025-06-24 14:51:51.197,1517,1490,1360,1434,1548,450,743,128,1531,1438
2025-06-24 14:51:51.297,1507,1542,1408,1519,1520,761,790,489,1530,1443
2025-06-24 14:51:51.397,1498,1591,1551,1472,1473,1206,1004,879,1525,1439
2025-06-24 14:51:51.497,1491,1603,1712,1278,1392,1585,1341,1158,1520,1438
2025-06-24 14:51:51.597,1499,1595,1871,1204,1379,1872,1684,1431,1520,1434
2025-06-24 14:51:51.697,1485,1607,1955,1157,1504,2095,1871,1711,1527,1435
2025-06-24 14:51:51.796,1463,1599,1871,1118,1555,2157,1983,2147,1523,1438
2025-06-24 14:51:51.896,1441,1520,1792,1143,1392,2153,1998,2418,1517,1433
2025-06-24 14:51:51.996,1417,1509,1719,1272,1332,2197,1789,2575,1526,1438
2025-06-24 14:51:52.096,1412,1520,1662,1357,1344,2188,1782,2766,1520,1435
2025-06-24 14:51:52.196,1455,1552,1601,1376,1409,2179,1857,2928,1523,1442
2025-06-24 14:51:52.295,1466,1573,1645,1421,1477,2095,1717,2640,1528,1445
2025-06-24 14:51:52.395,1479,1560,1649,1529,1517,1872,1650,1947,1530,1442
2025-06-24 14:51:52.495,1467,1517,1685,1623,1751,1445,1643,1584,1533,1447
2025-06-24 14:51:52.595,1454,1518,1617,1739,1823,1774,1383,1282,1522,1439
2025-06-24 14:51:52.695,1455,1613,1495,1792,1845,1152,1104,1259,1526,1445
2025-06-24 14:51:52.795,1467,1619,1414,1872,1810,0,813,1099,1533,1443
2025-06-24 14:51:52.895,1493,1557,1332,1879,1768,0,737,1039,1526,1440
2025-06-24 14:51:52.995,1500,1457,1328,1855,1713,0,742,353,1526,1442
2025-06-24 14:51:53.095,1515,1379,1382,1776,1664,186,843,91,1543,1451
2025-06-24 14:51:53.195,1515,1363,1520,1723,1610,799,1168,190,1535,1451
2025-06-24 14:51:53.295,1509,1378,1575,1648,1555,1291,1517,526,1525,1443
2025-06-24 14:51:53.395,1513,1424,1615,1526,1477,1929,1872,847,1532,1445
2025-06-24 14:51:53.495,1514,1462,1601,1501,1437,2416,2141,946,1526,1441
2025-06-24 14:51:53.595,1509,1552,1655,1552,1350,2862,2137,1022,1521,1437
2025-06-24 14:51:53.695,1500,1611,1690,1556,1519,3281,2018,1153,1519,1430
2025-06-24 14:51:53.794,1510,1648,1672,1561,1508,3137,2022,1357,1518,1431
2025-06-24 14:51:53.894,1505,1664,1644,1529,1316,2770,2060,1590,1520,1435
2025-06-24 14:51:53.994,1488,1680,1580,1485,1353,2507,2043,2018,1521,1438
2025-06-24 14:51:54.094,1443,1626,1510,1449,1405,2231,1914,2379,1525,1438
2025-06-24 14:51:54.194,1415,1580,1446,1451,1423,1941,1782,2342,1521,1441
2025-06-24 14:51:54.293,1397,1585,1534,1439,1456,1773,1571,2005,1533,1444
2025-06-24 14:51:54.393,1411,1535,1600,1363,1552,1639,1434,1490,1535,1447
2025-06-24 14:51:54.493,1424,1565,1661,1363,1703,2039,1264,1194,1532,1447
2025-06-24 14:51:54.593,1457,1580,1644,1469,1833,1454,899,1086,1535,1447
2025-06-24 14:51:54.692,1459,1534,1535,1472,1793,167,663,1153,1526,1441
2025-06-24 14:51:54.792,1444,1504,1454,1454,1763,0,647,1423,1527,1442
2025-06-24 14:51:54.892,1443,1504,1328,1616,1728,0,987,1512,1531,1446
2025-06-24 14:51:54.992,1447,1588,1242,1628,1691,0,1285,627,1530,1440
2025-06-24 14:51:55.096,1450,1594,1265,1584,1627,601,1701,336,1522,1440
2025-06-24 14:51:55.196,1454,1557,1310,1535,1585,1027,1975,570,1526,1443
2025-06-24 14:51:55.295,1486,1457,1358,1584,1520,1453,2127,755,1535,1449
2025-06-24 14:51:55.394,1497,1373,1357,1621,1420,1441,2121,1070,1534,1444
2025-06-24 14:51:55.493,1507,1375,1361,1575,1318,1620,1991,1348,1521,1437
2025-06-24 14:51:55.592,1509,1387,1430,1495,1296,2037,1917,1661,1526,1440
2025-06-24 14:51:55.692,1504,1455,1586,1507,1413,2359,1916,1856,1524,1443
2025-06-24 14:51:55.792,1499,1500,1719,1578,1319,2387,1983,2043,1530,1441
2025-06-24 14:51:55.892,1507,1573,1814,1497,1216,2420,1858,2299,1521,1440
2025-06-24 14:51:55.992,1515,1632,1815,1579,1239,2431,1812,2791,1523,1438
2025-06-24 14:51:56.093,1521,1648,1814,1520,1303,2333,1502,2859,1523,1439
2025-06-24 14:51:56.188,1505,1674,1713,1473,1392,1815,1259,2598,1527,1442
2025-06-24 14:51:56.288,1450,1657,1631,1502,1437,1552,965,2067,1520,1436
2025-06-24 14:51:56.387,1406,1677,1562,1562,1610,2101,758,1419,1527,1445
2025-06-24 14:51:56.487,1379,1616,1550,1581,1758,2357,674,1063,1535,1434
2025-06-24 14:51:56.587,1394,1584,1545,1584,1826,1285,765,977,1541,1450
2025-06-24 14:51:56.687,1423,1554,1552,1493,1765,329,939,980,1524,1439
2025-06-24 14:51:56.787,1428,1567,1563,1520,1687,0,1217,1008,1531,1440
2025-06-24 14:51:56.887,1447,1584,1502,1472,1600,147,1571,478,1533,1450
2025-06-24 14:51:56.987,1431,1584,1478,1442,1578,802,1863,0,1529,1441
2025-06-24 14:51:57.087,1434,1535,1348,1535,1505,1229,2062,0,1534,1454
2025-06-24 14:51:57.187,1454,1495,1232,1505,1472,1849,2027,150,1542,1451
2025-06-24 14:51:57.287,1471,1510,1107,1573,1460,2209,1878,526,1523,1440
2025-06-24 14:51:57.386,1495,1547,1090,1570,1426,2039,1995,887,1520,1439
2025-06-24 14:51:57.486,1509,1491,1104,1483,1421,1660,2036,1175,1526,1443
2025-06-24 14:51:57.586,1527,1438,1200,1474,1442,1585,1904,1746,1507,1424
2025-06-24 14:51:57.686,1520,1386,1316,1505,1514,1916,1773,2336,1523,1439
2025-06-24 14:51:57.786,1520,1406,1463,1505,1424,2243,1642,2835,1532,1453
2025-06-24 14:51:57.886,1533,1405,1594,1583,1333,2326,1373,4095,1535,1451
2025-06-24 14:51:57.986,1520,1435,1689,1551,1311,1829,1149,4095,1525,1447
2025-06-24 14:51:58.086,1514,1472,1705,1488,1296,1581,976,4095,1534,1447
2025-06-24 14:51:58.186,1509,1548,1728,1565,1373,1629,762,3019,1533,1443
2025-06-24 14:51:58.286,1506,1601,1639,1526,1418,1663,753,2027,1527,1445
2025-06-24 14:51:58.386,1502,1648,1549,1516,1485,1680,976,1441,1522,1428
2025-06-24 14:51:58.486,1460,1696,1567,1498,1615,765,1232,1250,1535,1451
2025-06-24 14:51:58.586,1425,1725,1579,1465,1657,70,1636,1093,1545,1451
2025-06-24 14:51:58.686,1419,1712,1638,1567,1658,0,1975,737,1543,1449
2025-06-24 14:51:58.786,1425,1634,1623,1566,1681,0,2222,143,1526,1438
2025-06-24 14:51:58.886,1451,1525,1488,1523,1647,7,2176,0,1520,1437
2025-06-24 14:51:58.986,1463,1438,1447,1506,1586,507,2000,0,1529,1441
2025-06-24 14:51:59.087,1445,1417,1280,1477,1499,1097,1997,0,1524,1440
2025-06-24 14:51:59.187,1426,1502,1141,1435,1468,2145,2033,0,1527,1435
2025-06-24 14:51:59.287,1440,1535,1133,1476,1472,3133,1979,405,1514,1430
2025-06-24 14:51:59.387,1486,1503,1122,1479,1439,3407,1801,896,1520,1435
2025-06-24 14:51:59.487,1487,1488,1139,1478,1390,2815,1693,1785,1511,1424
2025-06-24 14:51:59.587,1517,1491,1158,1496,1338,2763,1507,2663,1520,1438
2025-06-24 14:51:59.687,1522,1572,1218,1511,1419,2838,1247,3317,1530,1445
2025-06-24 14:51:59.787,1533,1543,1507,1521,1445,2591,1070,3685,1530,1456
2025-06-24 14:51:59.886,1527,1477,1695,1472,1372,2047,847,4095,1523,1438
2025-06-24 14:51:59.985,1527,1415,1872,1476,1390,1280,688,3945,1532,1443
2025-06-24 14:52:00.083,1518,1401,2060,1467,1376,959,678,3185,1533,1446
2025-06-24 14:52:00.189,1511,1405,2043,1455,1403,1425,905,2334,1535,1447
2025-06-24 14:52:00.283,1507,1478,1911,1451,1470,2097,1280,1616,1529,1445
2025-06-24 14:52:00.383,1514,1525,1765,1527,1459,1207,1629,1150,1525,1441
2025-06-24 14:52:00.483,1521,1554,1637,1562,1670,349,1936,906,1523,1438
2025-06-24 14:52:00.583,1526,1616,1616,1522,1795,0,2111,919,1542,1447
2025-06-24 14:52:00.683,1477,1626,1595,1510,1856,0,2134,987,1526,1442
2025-06-24 14:52:00.783,1440,1648,1477,1580,1830,176,2059,707,1520,1436
2025-06-24 14:52:00.882,1422,1654,1509,1542,1761,1015,2027,0,1531,1442
2025-06-24 14:52:00.982,1421,1648,1535,1555,1694,1650,2047,0,1525,1440
2025-06-24 14:52:01.082,1439,1613,1481,1519,1659,2346,1956,0,1531,1447
2025-06-24 14:52:01.182,1472,1595,1411,1489,1523,2794,1776,545,1535,1450
2025-06-24 14:52:01.281,1453,1554,1264,1520,1350,3138,1729,1222,1523,1439
2025-06-24 14:52:01.380,1437,1535,1158,1517,1245,3424,1591,1713,1529,1454
2025-06-24 14:52:01.480,1448,1567,1150,1543,1154,3508,1357,1934,1520,1437
2025-06-24 14:52:01.580,1466,1605,1185,1549,1091,3220,1008,2150,1521,1442
2025-06-24 14:52:01.680,1501,1569,1287,1520,1085,2590,703,2531,1523,1439
2025-06-24 14:52:01.779,1525,1497,1434,1485,1182,1967,618,3895,1521,1440
2025-06-24 14:52:01.878,1550,1491,1590,1498,1249,1616,767,3767,1522,1436
2025-06-24 14:52:01.978,1562,1532,1622,1510,1218,1103,1128,3731,1533,1444
2025-06-24 14:52:02.078,1575,1584,1748,1472,1327,1039,1531,3486,1535,1449
2025-06-24 14:52:02.178,1574,1511,1759,1521,1450,1840,1775,2663,1531,1447
2025-06-24 14:52:02.278,1556,1441,1676,1535,1519,1472,2026,1959,1522,1450
2025-06-24 14:52:02.377,1546,1399,1611,1523,1616,602,2073,1519,1531,1445
2025-06-24 14:52:02.476,1554,1380,1474,1479,1646,107,1955,1207,1526,1440
2025-06-24 14:52:02.576,1566,1374,1423,1524,1808,47,1829,948,1520,1429
2025-06-24 14:52:02.675,1570,1414,1472,1507,1923,551,1903,947,1525,1436
2025-06-24 14:52:02.775,1551,1482,1509,1473,1897,1125,1911,0,1523,1438
2025-06-24 14:52:02.874,1469,1552,1479,1463,1799,1456,1795,0,1527,1439
2025-06-24 14:52:02.974,1407,1610,1403,1466,1749,2093,1590,0,1529,1453
2025-06-24 14:52:03.073,1383,1666,1293,1511,1648,2629,1547,0,1525,1441
2025-06-24 14:52:03.173,1339,1703,1179,1453,1579,2805,1360,254,1520,1433
2025-06-24 14:52:03.273,1386,1664,1108,1353,1567,2854,1199,794,1530,1447
2025-06-24 14:52:03.372,1405,1636,1069,1296,1561,2740,964,1439,1535,1453
2025-06-24 14:52:03.472,1383,1616,1158,1200,1385,2592,843,2105,1530,1441
2025-06-24 14:52:03.571,1369,1569,1293,1179,1328,2512,781,2688,1533,1443
2025-06-24 14:52:03.671,1395,1584,1313,1189,1351,2503,938,3776,1529,1446
2025-06-24 14:52:03.770,1431,1600,1398,1235,1391,2362,1229,4095,1522,1437
2025-06-24 14:52:03.869,1461,1618,1517,1331,1444,2094,1527,3249,1520,1431
2025-06-24 14:52:03.968,1477,1595,1674,1344,1406,2022,1795,2278,1521,1439
2025-06-24 14:52:04.068,1488,1534,1850,1444,1421,2533,1955,1430,1529,1442
2025-06-24 14:52:04.168,1492,1474,1923,1526,1380,1882,1947,654,1533,1446
2025-06-24 14:52:04.268,1504,1472,1902,1628,1439,720,1885,382,1532,1444
2025-06-24 14:52:04.367,1508,1567,1858,1703,1498,27,1811,499,1545,1451
2025-06-24 14:52:04.467,1519,1552,1668,1759,1467,0,1809,1281,1526,1443
2025-06-24 14:52:04.567,1520,1479,1595,1766,1552,80,1843,2112,1531,1443
2025-06-24 14:52:04.667,1526,1399,1584,1817,1680,479,1744,2159,1522,1442
2025-06-24 14:52:04.766,1530,1362,1578,1824,1701,731,1636,1164,1518,1429
2025-06-24 14:52:04.866,1522,1385,1581,1776,1579,1286,1463,1129,1520,1435
2025-06-24 14:52:04.966,1509,1408,1686,1702,1531,1405,1321,1407,1520,1438
2025-06-24 14:52:05.066,1452,1504,1659,1712,1488,976,1050,1545,1526,1438
2025-06-24 14:52:05.170,1408,1588,1546,1663,1439,838,863,1622,1527,1441
2025-06-24 14:52:05.269,1401,1647,1455,1514,1408,1072,737,1493,1534,1447
2025-06-24 14:52:05.369,1408,1689,1289,1553,1346,1597,768,1472,1546,1455
2025-06-24 14:52:05.469,1430,1703,1139,1546,1296,2036,909,1665,1534,1449
2025-06-24 14:52:05.568,1434,1749,1086,1562,1342,2502,1271,1882,1531,1441
2025-06-24 14:52:05.668,1391,1728,1070,1535,1342,2843,1595,2422,1522,1438
2025-06-24 14:52:05.767,1399,1721,1053,1443,1318,2863,1828,2402,1530,1443
2025-06-24 14:52:05.867,1418,1615,1102,1508,1403,2599,1968,2155,1520,1428
2025-06-24 14:52:05.967,1447,1563,1265,1510,1494,2859,1981,1859,1520,1437
2025-06-24 14:52:06.067,1479,1554,1491,1456,1481,2432,1872,1390,1520,1434
2025-06-24 14:52:06.168,1499,1544,1697,1454,1508,1305,1754,1232,1529,1441
2025-06-24 14:52:06.263,1503,1579,1883,1433,1569,502,1700,1253,1533,1446
2025-06-24 14:52:06.363,1508,1553,1904,1475,1530,235,1630,1407,1534,1446
2025-06-24 14:52:06.462,1520,1490,1840,1551,1517,415,1534,1515,1527,1445
2025-06-24 14:52:06.562,1522,1472,1727,1566,1534,860,1584,1408,1533,1449
2025-06-24 14:52:06.662,1504,1527,1613,1554,1664,1173,1377,455,1533,1447
2025-06-24 14:52:06.761,1523,1504,1582,1520,1739,1474,1127,161,1520,1454
2025-06-24 14:52:06.860,1527,1421,1599,1554,1743,1436,991,354,1520,1431
2025-06-24 14:52:06.960,1527,1365,1660,1527,1799,1264,781,683,1523,1437
2025-06-24 14:52:07.060,1558,1340,1654,1491,1695,1380,690,1011,1523,1437
2025-06-24 14:52:07.160,1505,1344,1535,1490,1599,1664,784,1281,1535,1442
2025-06-24 14:52:07.259,1446,1347,1519,1515,1618,1936,1063,1661,1520,1435
2025-06-24 14:52:07.358,1399,1423,1344,1524,1547,2192,1389,2038,1525,1439
2025-06-24 14:52:07.457,1392,1488,1255,1522,1469,2486,1767,2349,1523,1439
2025-06-24 14:52:07.557,1399,1573,1155,1533,1429,2791,2080,2934,1524,1437
2025-06-24 14:52:07.657,1424,1615,1104,1557,1337,2949,2242,3087,1534,1446
2025-06-24 14:52:07.756,1426,1659,1067,1497,1259,2762,2190,2815,1531,1445
2025-06-24 14:52:07.856,1387,1663,1023,1546,1301,2847,2122,2320,1531,1452
2025-06-24 14:52:07.955,1409,1648,1015,1573,1484,2536,2108,1697,1530,1443
2025-06-24 14:52:08.055,1438,1638,1197,1491,1422,1309,2091,1335,1531,1438
2025-06-24 14:52:08.155,1465,1607,1600,1495,1402,367,2007,1333,1541,1451
2025-06-24 14:52:08.254,1487,1522,1875,1511,1429,0,1871,1407,1535,1447
2025-06-24 14:52:08.353,1495,1591,2117,1521,1425,144,1773,1486,1527,1446
2025-06-24 14:52:08.453,1519,1611,2141,1504,1451,539,1494,1370,1523,1426
2025-06-24 14:52:08.552,1520,1616,2027,1459,1429,835,1152,401,1517,1430
2025-06-24 14:52:08.652,1489,1563,1809,1497,1515,829,813,163,1519,1427
2025-06-24 14:52:08.752,1523,1519,1680,1611,1681,453,626,774,1522,1435
2025-06-24 14:52:08.851,1529,1504,1616,1601,1744,340,647,1764,1533,1446
2025-06-24 14:52:08.951,1520,1564,1642,1631,1726,683,859,2174,1533,1439
2025-06-24 14:52:09.051,1515,1527,1643,1616,1673,1231,1231,2179,1530,1451
2025-06-24 14:52:09.151,1507,1467,1507,1553,1602,1694,1616,2197,1521,1440
2025-06-24 14:52:09.251,1506,1407,1392,1514,1477,2128,1857,2389,1521,1438
2025-06-24 14:52:09.351,1449,1394,1329,1516,1369,2597,2115,2687,1531,1447
2025-06-24 14:52:09.450,1406,1356,1075,1450,1317,3065,2205,2891,1523,1453
2025-06-24 14:52:09.550,1397,1417,851,1478,1298,3492,2181,2959,1531,1447
2025-06-24 14:52:09.649,1392,1439,742,1534,1345,3491,2029,2531,1523,1441
2025-06-24 14:52:09.749,1426,1451,624,1553,1392,3244,1959,1881,1525,1442
2025-06-24 14:52:09.848,1451,1552,603,1505,1399,3219,1995,981,1530,1441
2025-06-24 14:52:09.947,1408,1622,593,1561,1505,2096,1989,454,1522,1433
2025-06-24 14:52:10.047,1397,1634,748,1531,1612,930,1871,425,1525,1438
2025-06-24 14:52:10.147,1411,1666,1110,1523,1578,301,1740,481,1542,1451
2025-06-24 14:52:10.247,1446,1702,1510,1550,1504,176,1426,499,1535,1455
2025-06-24 14:52:10.347,1486,1649,1955,1454,1472,418,1217,371,1530,1442
2025-06-24 14:52:10.446,1506,1604,2286,1471,1499,730,960,0,1535,1451
2025-06-24 14:52:10.546,1520,1571,2384,1487,1607,746,721,0,1550,1456
2025-06-24 14:52:10.646,1524,1533,2293,1517,1614,319,688,0,1535,1447
2025-06-24 14:52:10.746,1531,1578,2176,1459,1684,160,855,0,1531,1446
2025-06-24 14:52:10.846,1520,1627,2015,1477,1728,415,1122,356,1526,1441
2025-06-24 14:52:10.945,1532,1571,1840,1466,1738,971,1409,1003,1520,1434
2025-06-24 14:52:11.044,1546,1505,1814,1445,1733,1565,1803,2304,1510,1424
2025-06-24 14:52:11.144,1552,1475,1843,1445,1648,1984,2032,3978,1517,1431
2025-06-24 14:52:11.244,1563,1513,1738,1491,1585,2382,2177,4095,1521,1447
2025-06-24 14:52:11.344,1566,1600,1523,1551,1508,2895,2046,4095,1520,1439
2025-06-24 14:52:11.444,1525,1504,1399,1593,1359,3359,2000,4095,1520,1439
2025-06-24 14:52:11.544,1486,1422,1186,1568,1242,3456,2005,4095,1527,1441
2025-06-24 14:52:11.644,1451,1358,1057,1598,1186,3181,2025,3015,1520,1435
2025-06-24 14:52:11.744,1430,1373,910,1530,1143,3136,1898,2077,1529,1443
2025-06-24 14:52:11.843,1427,1392,756,1521,1205,2394,1709,1535,1525,1441
2025-06-24 14:52:11.943,1448,1439,495,1546,1377,1237,1643,1392,1533,1447
2025-06-24 14:52:12.043,1460,1502,353,1521,1491,430,1414,1328,1542,1449
2025-06-24 14:52:12.143,1422,1547,570,1492,1475,159,1160,1270,1542,1453
2025-06-24 14:52:12.242,1405,1606,1057,1486,1431,390,805,761,1535,1455
2025-06-24 14:52:12.341,1427,1645,1586,1444,1456,707,506,0,1524,1441
2025-06-24 14:52:12.440,1462,1632,2117,1471,1447,786,475,0,1533,1442
2025-06-24 14:52:12.540,1485,1641,2455,1464,1511,619,646,0,1522,1439
2025-06-24 14:52:12.640,1503,1648,2578,1497,1520,320,997,141,1525,1430
2025-06-24 14:52:12.740,1520,1578,2515,1471,1612,442,1409,619,1519,1434
2025-06-24 14:52:12.839,1552,1516,2399,1513,1663,880,1751,1020,1522,1437
2025-06-24 14:52:12.938,1575,1459,2320,1545,1631,1390,2087,1349,1520,1438
2025-06-24 14:52:13.038,1571,1424,2208,1552,1582,1845,2161,1655,1520,1435
2025-06-24 14:52:13.138,1550,1458,2077,1513,1549,2283,2036,1994,1522,1439
2025-06-24 14:52:13.238,1530,1471,1887,1488,1437,2704,1977,2627,1524,1441
2025-06-24 14:52:13.338,1515,1431,1838,1543,1415,3058,2007,2823,1522,1441
2025-06-24 14:52:13.437,1515,1376,1747,1529,1350,3267,1909,2774,1520,1434
2025-06-24 14:52:13.537,1514,1365,1623,1487,1385,3043,1838,2448,1535,1451
2025-06-24 14:52:13.637,1443,1441,1488,1467,1449,2898,1715,1765,1530,1442
2025-06-24 14:52:13.737,1406,1405,1200,1470,1445,2768,1546,1216,1534,1446
2025-06-24 14:52:13.837,1394,1387,834,1521,1470,1747,1360,1103,1525,1429
2025-06-24 14:52:13.936,1383,1347,641,1534,1570,683,1109,1005,1533,1442
2025-06-24 14:52:14.035,1409,1344,464,1564,1674,208,752,1010,1531,1443
2025-06-24 14:52:14.135,1427,1395,434,1555,1573,231,646,830,1533,1446
2025-06-24 14:52:14.235,1402,1456,528,1570,1440,80,610,112,1529,1443
2025-06-24 14:52:14.335,1440,1525,890,1513,1490,240,819,186,1535,1449
2025-06-24 14:52:14.434,1463,1579,1502,1551,1573,479,1232,508,1532,1448
2025-06-24 14:52:14.533,1480,1584,2175,1518,1565,517,1623,1008,1525,1442
2025-06-24 14:52:14.633,1499,1625,2474,1383,1543,528,2018,1302,1524,1441
2025-06-24 14:52:14.733,1519,1685,2437,1264,1616,901,2166,1497,1527,1441
2025-06-24 14:52:14.833,1520,1695,2342,1169,1685,1570,2193,1744,1523,1443
2025-06-24 14:52:14.933,1521,1673,2235,1073,1648,2166,1970,1885,1528,1445
2025-06-24 14:52:15.033,1525,1645,2021,1136,1568,2446,1916,2082,1514,1424
2025-06-24 14:52:15.133,1501,1615,1710,1174,1571,2671,1911,2256,1520,1434
2025-06-24 14:52:15.237,1485,1607,1478,1231,1574,2949,1883,2464,1520,1434
2025-06-24 14:52:15.336,1479,1641,1328,1271,1519,3047,1806,2355,1535,1447
2025-06-24 14:52:15.436,1476,1645,1218,1392,1504,2832,1824,1979,1521,1435
2025-06-24 14:52:15.536,1488,1635,1093,1583,1465,2619,1598,1407,1526,1437
2025-06-24 14:52:15.635,1475,1606,1083,1624,1408,2779,1296,1050,1535,1450
2025-06-24 14:52:15.734,1423,1579,1162,1680,1406,2246,955,986,1543,1454
2025-06-24 14:52:15.833,1331,1595,1217,1655,1395,1198,580,1104,1530,1444
2025-06-24 14:52:15.933,1282,1628,1359,1742,1419,439,506,1311,1545,1456
2025-06-24 14:52:16.033,1274,1602,1526,1767,1515,193,714,1003,1546,1456
2025-06-24 14:52:16.133,1302,1559,1658,1826,1473,345,963,543,1535,1453
2025-06-24 14:52:16.234,1358,1493,1753,1820,1433,613,1362,527,1520,1438
2025-06-24 14:52:16.329,1396,1457,1801,1745,1414,609,1745,733,1520,1440
2025-06-24 14:52:16.429,1424,1515,1776,1735,1424,606,2070,1007,1525,1445
2025-06-24 14:52:16.528,1454,1532,1675,1696,1462,449,2224,1257,1527,1440
2025-06-24 14:52:16.628,1453,1568,1563,1623,1521,553,2176,1454,1527,1442
2025-06-24 14:52:16.728,1467,1600,1499,1600,1575,897,2023,1648,1520,1440
2025-06-24 14:52:16.828,1482,1610,1403,1593,1584,1435,1867,1920,1521,1439
2025-06-24 14:52:16.927,1534,1585,1347,1605,1609,1889,1950,2256,1520,1439
2025-06-24 14:52:17.026,1527,1600,1285,1575,1594,2304,1923,2449,1531,1446
2025-06-24 14:52:17.126,1552,1585,1309,1535,1542,2705,1651,2753,1520,1437
2025-06-24 14:52:17.226,1570,1535,1237,1472,1505,3055,1648,2944,1520,1437
2025-06-24 14:52:17.325,1590,1542,1259,1456,1466,3095,1490,2704,1520,1435
2025-06-24 14:52:17.425,1585,1515,1373,1418,1424,2816,1322,2219,1520,1433
2025-06-24 14:52:17.524,1584,1509,1721,1415,1390,2777,1091,1858,1533,1446
2025-06-24 14:52:17.624,1593,1543,1952,1426,1430,2554,893,1744,1527,1440
2025-06-24 14:52:17.723,1600,1564,1922,1449,1487,1367,843,1847,1524,1445
2025-06-24 14:52:17.823,1579,1544,1809,1458,1497,425,992,1889,1526,1441
2025-06-24 14:52:17.922,1515,1490,1521,1520,1616,73,1221,1634,1529,1442
2025-06-24 14:52:18.021,1456,1472,1303,1474,1721,237,1579,418,1524,1438
2025-06-24 14:52:18.121,1421,1485,1043,1533,1696,491,1829,0,1529,1441
2025-06-24 14:52:18.220,1392,1562,713,1565,1515,563,2032,0,1527,1442
2025-06-24 14:52:18.319,1392,1563,641,1562,1429,647,2007,177,1532,1447
2025-06-24 14:52:18.419,1408,1485,859,1578,1400,528,2003,368,1526,1442
2025-06-24 14:52:18.518,1360,1441,1170,1601,1463,505,1886,664,1525,1441
2025-06-24 14:52:18.618,1366,1439,1374,1501,1471,798,1959,981,1520,1431
2025-06-24 14:52:18.718,1386,1447,1531,1523,1530,1402,1983,1456,1520,1438
2025-06-24 14:52:18.818,1415,1471,1659,1499,1557,2006,1787,1894,1532,1451
2025-06-24 14:52:18.917,1463,1491,1445,1551,1549,2502,1639,2493,1532,1447
2025-06-24 14:52:19.016,1507,1520,1255,1506,1522,2958,1520,3280,1526,1444
2025-06-24 14:52:19.115,1552,1549,1007,1586,1510,3346,1332,3343,1521,1456
2025-06-24 14:52:19.215,1559,1534,720,1567,1572,3500,1214,3123,1525,1445
2025-06-24 14:52:19.314,1570,1557,670,1586,1586,3234,1078,2839,1533,1447
2025-06-24 14:52:19.414,1570,1535,1023,1565,1562,2868,918,2383,1535,1446
2025-06-24 14:52:19.514,1558,1531,1664,1520,1517,2896,940,1877,1525,1438
2025-06-24 14:52:19.614,1530,1555,2195,1495,1495,2175,1051,1681,1535,1446
2025-06-24 14:52:19.714,1502,1562,2413,1462,1559,1079,1257,1543,1523,1434
2025-06-24 14:52:19.814,1506,1552,2379,1551,1614,307,1411,1354,1529,1441
2025-06-24 14:52:19.913,1498,1535,2231,1544,1685,97,1596,475,1531,1435
2025-06-24 14:52:20.012,1494,1552,1982,1446,1665,285,1725,0,1526,1438
2025-06-24 14:52:20.112,1478,1528,1747,1424,1552,589,1776,0,1535,1447
2025-06-24 14:52:20.212,1439,1489,1602,1479,1466,672,1709,93,1530,1441
2025-06-24 14:52:20.312,1414,1470,1482,1511,1382,447,1669,531,1534,1445
2025-06-24 14:52:20.411,1430,1482,1455,1488,1363,146,1635,976,1535,1446
2025-06-24 14:52:20.510,1422,1551,1457,1542,1386,215,1587,1321,1523,1439
2025-06-24 14:52:20.610,1455,1591,1380,1520,1400,783,1600,1920,1521,1438
2025-06-24 14:52:20.710,1443,1547,1174,1535,1481,1550,1498,2683,1520,1434
2025-06-24 14:52:20.810,1395,1532,1072,1493,1519,2170,1336,3107,1520,1440
2025-06-24 14:52:20.910,1392,1509,1068,1545,1506,2699,1235,3855,1515,1433
2025-06-24 14:52:21.010,1381,1514,1057,1546,1504,3248,1070,3531,1514,1426
2025-06-24 14:52:21.110,1403,1487,955,1491,1467,3827,967,2861,1525,1437
2025-06-24 14:52:21.210,1441,1533,832,1446,1531,3742,877,2089,1551,1453
2025-06-24 14:52:21.310,1483,1527,741,1487,1519,3175,931,1367,1527,1441
2025-06-24 14:52:21.409,1519,1529,801,1488,1515,2941,1164,1364,1524,1443
2025-06-24 14:52:21.508,1543,1535,1040,1552,1485,2544,1411,1615,1529,1443
2025-06-24 14:52:21.608,1545,1552,1456,1570,1466,1403,1559,1579,1535,1446
2025-06-24 14:52:21.708,1555,1551,1834,1563,1497,481,1842,1389,1535,1450
2025-06-24 14:52:21.808,1554,1547,2038,1523,1520,80,1926,769,1531,1447
2025-06-24 14:52:21.907,1550,1547,2160,1571,1584,187,1993,0,1531,1443
2025-06-24 14:52:22.007,1551,1551,2064,1489,1477,491,1951,0,1530,1445
2025-06-24 14:52:22.107,1545,1543,1941,1455,1442,545,1897,48,1548,1456
2025-06-24 14:52:22.207,1547,1553,1750,1463,1481,96,1872,445,1526,1444
2025-06-24 14:52:22.307,1523,1569,1697,1444,1505,0,1739,842,1520,1430
2025-06-24 14:52:22.406,1472,1606,1689,1442,1506,0,1671,1461,1516,1431
2025-06-24 14:52:22.505,1435,1549,1635,1433,1508,208,1489,2679,1514,1428
2025-06-24 14:52:22.605,1411,1469,1481,1418,1520,985,1252,3511,1519,1430
2025-06-24 14:52:22.705,1433,1477,1408,1472,1593,1680,1088,3719,1528,1444
2025-06-24 14:52:22.805,1456,1534,1422,1509,1629,2022,1005,4095,1520,1434
2025-06-24 14:52:22.904,1463,1535,1457,1439,1607,2388,853,4095,1522,1456
2025-06-24 14:52:23.004,1445,1547,1325,1467,1560,3038,814,3626,1520,1434
2025-06-24 14:52:23.104,1435,1520,1296,1504,1511,3655,916,2722,1521,1435
2025-06-24 14:52:23.204,1450,1482,1280,1579,1526,3696,1168,1856,1534,1445
2025-06-24 14:52:23.304,1454,1472,1231,1618,1552,3398,1483,925,1529,1445
2025-06-24 14:52:23.404,1468,1511,1222,1648,1502,3295,1791,432,1533,1445
2025-06-24 14:52:23.504,1477,1520,1268,1617,1489,2325,2122,346,1533,1447
2025-06-24 14:52:23.604,1511,1565,1516,1634,1482,1243,2195,382,1535,1450
2025-06-24 14:52:23.704,1488,1603,1776,1492,1481,593,2167,440,1535,1443
2025-06-24 14:52:23.804,1495,1612,1998,1511,1506,425,1997,0,1513,1427
2025-06-24 14:52:23.904,1509,1607,2161,1507,1587,677,1989,0,1522,1439
2025-06-24 14:52:24.003,1524,1579,2177,1441,1552,960,1963,0,1520,1437
2025-06-24 14:52:24.103,1523,1581,2093,1479,1424,471,1907,834,1527,1441
2025-06-24 14:52:24.203,1527,1587,1978,1447,1369,0,1861,1779,1522,1439
2025-06-24 14:52:24.303,1522,1562,1856,1499,1360,0,1637,2032,1533,1447
2025-06-24 14:52:24.403,1526,1582,1755,1486,1419,0,1362,2000,1528,1449
2025-06-24 14:52:24.503,1523,1545,1756,1588,1497,553,970,1921,1526,1446
2025-06-24 14:52:24.603,1488,1551,1740,1597,1535,1363,655,1996,1526,1443
2025-06-24 14:52:24.703,1456,1579,1689,1554,1586,1995,521,2061,1531,1446
2025-06-24 14:52:24.803,1437,1550,1688,1547,1596,2613,678,2443,1530,1446
2025-06-24 14:52:24.902,1431,1520,1648,1501,1565,3034,895,2548,1530,1447
2025-06-24 14:52:25.001,1439,1502,1555,1474,1587,3742,1218,2401,1527,1443
2025-06-24 14:52:25.101,1443,1545,1455,1520,1592,4095,1649,2058,1532,1450
2025-06-24 14:52:25.201,1458,1585,1314,1543,1614,4095,1987,1471,1527,1443
2025-06-24 14:52:25.305,1414,1552,1154,1456,1589,4064,2209,1089,1509,1417
2025-06-24 14:52:25.405,1427,1526,1113,1520,1575,3097,2202,892,1520,1431
2025-06-24 14:52:25.504,1456,1505,1083,1433,1572,1809,2107,711,1525,1441
2025-06-24 14:52:25.603,1470,1500,1122,1393,1574,832,2154,764,1527,1442
2025-06-24 14:52:25.702,1505,1523,1232,1487,1552,403,2249,68,1535,1447
2025-06-24 14:52:25.801,1518,1552,1383,1552,1519,484,2119,0,1533,1443
2025-06-24 14:52:25.901,1521,1555,1594,1593,1574,813,1922,0,1527,1445
2025-06-24 14:52:25.999,1542,1555,1742,1475,1566,750,1791,303,1533,1447
2025-06-24 14:52:26.100,1529,1574,1762,1290,1484,0,1501,710,1527,1443
2025-06-24 14:52:26.200,1527,1585,1739,1134,1399,0,1151,1007,1527,1445
2025-06-24 14:52:26.301,1526,1569,1730,1147,1411,0,715,1344,1535,1448
2025-06-24 14:52:26.396,1519,1568,1682,1250,1424,67,500,1562,1534,1450
2025-06-24 14:52:26.496,1499,1557,1680,1328,1344,857,618,1869,1535,1454
2025-06-24 14:52:26.595,1494,1586,1674,1295,1435,1652,752,2221,1527,1445
2025-06-24 14:52:26.695,1497,1593,1569,1360,1485,2375,1083,2534,1521,1439
2025-06-24 14:52:26.795,1488,1563,1379,1406,1472,3107,1375,3291,1521,1436
2025-06-24 14:52:26.895,1461,1558,1344,1488,1456,4095,1739,3290,1515,1433
2025-06-24 14:52:26.994,1408,1563,1360,1564,1502,4095,2007,3011,1517,1431
2025-06-24 14:52:27.093,1421,1590,1179,1578,1554,4095,2280,2634,1521,1454
2025-06-24 14:52:27.193,1423,1583,976,1644,1627,3651,2261,2606,1521,1443
2025-06-24 14:52:27.293,1445,1522,941,1715,1600,3296,2074,2528,1521,1438
2025-06-24 14:52:27.392,1455,1527,958,1739,1606,2278,2032,2300,1531,1444
2025-06-24 14:52:27.491,1466,1530,975,1691,1582,1185,2162,2193,1535,1451
2025-06-24 14:52:27.591,1424,1552,979,1711,1547,417,2145,1851,1533,1443
2025-06-24 14:52:27.690,1378,1573,1135,1745,1379,0,2032,354,1535,1447
2025-06-24 14:52:27.789,1357,1501,1350,1709,1333,0,1923,0,1529,1440
2025-06-24 14:52:27.888,1360,1441,1652,1674,1499,61,1584,0,1530,1443
2025-06-24 14:52:27.988,1381,1443,2032,1718,1709,65,1206,0,1530,1446
2025-06-24 14:52:28.087,1430,1535,2269,1641,1723,0,811,0,1525,1443
2025-06-24 14:52:28.187,1456,1684,2320,1653,2156,0,494,0,1532,1450
2025-06-24 14:52:28.286,1460,1734,2178,1615,2209,214,460,0,1531,1447
2025-06-24 14:52:28.386,1479,1779,1981,1589,1423,571,659,0,1527,1447
2025-06-24 14:52:28.485,1495,1790,1787,1570,736,812,958,0,1526,1443
2025-06-24 14:52:28.584,1519,1828,1623,1505,368,1035,1332,0,1527,1441
2025-06-24 14:52:28.683,1525,1837,1472,1447,384,1767,1831,0,1526,1440
2025-06-24 14:52:28.782,1543,1823,1393,1437,663,2224,2288,0,1527,1446
2025-06-24 14:52:28.881,1552,1857,1369,1461,944,2382,2571,0,1523,1435
2025-06-24 14:52:28.981,1561,1859,1381,1527,1209,2383,2578,0,1523,1439
2025-06-24 14:52:29.080,1558,1838,1376,1551,1491,1087,2409,0,1523,1437
2025-06-24 14:52:29.180,1507,1814,1517,1510,1439,175,2382,0,1531,1447
2025-06-24 14:52:29.279,1494,1776,1661,1497,880,0,2372,0,1527,1445
2025-06-24 14:52:29.378,1487,1743,1628,1486,261,0,2275,0,1528,1446
2025-06-24 14:52:29.478,1488,1635,1478,1490,0,0,2023,0,1522,1439
2025-06-24 14:52:29.578,1491,1517,1337,1552,0,0,1823,0,1522,1439
2025-06-24 14:52:29.678,1504,1443,1290,1487,122,304,1433,0,1534,1434
2025-06-24 14:52:29.777,1517,1405,1274,1523,543,173,1072,688,1529,1442
2025-06-24 14:52:29.877,1497,1472,1190,1509,812,210,395,2752,1533,1442
2025-06-24 14:52:29.976,1459,1551,1299,1497,1208,0,128,4095,1529,1443
2025-06-24 14:52:30.075,1460,1552,1467,1501,1491,0,656,4095,1533,1456
2025-06-24 14:52:30.175,1479,1507,1420,1478,1542,0,1262,3459,1525,1442
2025-06-24 14:52:30.274,1472,1458,1360,1494,1600,945,1733,1593,1520,1435
2025-06-24 14:52:30.374,1456,1419,1632,1549,1810,2693,1949,1044,1520,1433
2025-06-24 14:52:30.473,1456,1410,1887,1520,2105,4095,1998,2182,1521,1440
2025-06-24 14:52:30.573,1465,1405,1847,1525,2374,4095,2096,4095,1522,1439
2025-06-24 14:52:30.673,1471,1424,1674,1531,2586,4095,2053,4095,1520,1427
2025-06-24 14:52:30.772,1473,1439,1521,1553,2623,4095,1825,4095,1522,1445
2025-06-24 14:52:30.872,1488,1456,1419,1584,2655,4063,1573,4095,1522,1439
2025-06-24 14:52:30.972,1460,1473,1325,1530,2606,3994,1432,4095,1518,1431
2025-06-24 14:52:31.072,1506,1507,1235,1551,2466,3809,1411,4095,1535,1450
2025-06-24 14:52:31.172,1520,1494,1023,1535,2337,4048,1489,4095,1526,1441
2025-06-24 14:52:31.272,1517,1461,933,1576,2211,2559,1647,4095,1523,1435
2025-06-24 14:52:31.372,1513,1457,998,1566,2078,1373,1565,4095,1535,1456
2025-06-24 14:52:31.472,1506,1399,1095,1505,1968,895,1613,4095,1531,1443
2025-06-24 14:52:31.572,1483,1392,1247,1518,1850,1111,1404,4095,1523,1442
2025-06-24 14:52:31.672,1456,1379,1388,1529,1791,1734,1056,4095,1529,1441
2025-06-24 14:52:31.772,1434,1435,1527,1549,1668,2284,624,4095,1535,1451
2025-06-24 14:52:31.872,1420,1402,1600,1487,1634,2410,434,3539,1527,1439
2025-06-24 14:52:31.972,1457,1395,1723,1439,1670,2649,498,3193,1525,1439
2025-06-24 14:52:32.071,1467,1392,1798,1499,1718,3071,798,3180,1521,1439
2025-06-24 14:52:32.171,1469,1408,1472,1487,1744,3451,1104,3283,1524,1446
2025-06-24 14:52:32.271,1471,1488,1106,1522,1717,3510,1431,2878,1529,1443
2025-06-24 14:52:32.371,1424,1511,994,1518,1658,3196,1728,2726,1535,1449
2025-06-24 14:52:32.471,1414,1461,1214,1520,1605,2765,2019,3042,1534,1450
2025-06-24 14:52:32.570,1438,1411,1482,1564,1553,2057,2032,3631,1526,1445
2025-06-24 14:52:32.670,1456,1399,1643,1518,1569,798,1907,4095,1530,1449
2025-06-24 14:52:32.770,1479,1381,1619,1535,1510,195,1750,4095,1535,1454
2025-06-24 14:52:32.870,1534,1410,1501,1501,1483,395,1810,3799,1541,1456
2025-06-24 14:52:32.969,1522,1424,1439,1530,1580,851,1883,3355,1523,1442
2025-06-24 14:52:33.069,1535,1443,1359,1486,1587,1859,1919,2535,1523,1427
2025-06-24 14:52:33.169,1552,1466,1155,1488,1580,1953,1714,2213,1520,1431
2025-06-24 14:52:33.269,1558,1478,673,1531,1579,1277,1628,2314,1520,1438
2025-06-24 14:52:33.368,1562,1488,189,1511,1550,775,1425,2404,1531,1443
2025-06-24 14:52:33.468,1551,1488,48,1511,1488,721,1262,2416,1531,1443
2025-06-24 14:52:33.567,1532,1513,348,1473,1475,1110,935,1776,1531,1443
2025-06-24 14:52:33.667,1520,1494,1083,1445,1441,1657,658,1151,1526,1439
2025-06-24 14:52:33.767,1509,1467,2187,1479,1354,1898,676,923,1522,1438
2025-06-24 14:52:33.867,1489,1488,2781,1489,1344,2181,832,594,1518,1435
2025-06-24 14:52:33.966,1472,1546,3019,1505,1337,2706,1210,397,1524,1437
2025-06-24 14:52:34.065,1455,1529,2911,1477,1454,3101,1574,428,1520,1437
2025-06-24 14:52:34.165,1440,1491,2675,1497,1565,3255,1914,806,1525,1436
2025-06-24 14:52:34.265,1445,1438,2471,1579,1520,3119,2106,1511,1518,1435
2025-06-24 14:52:34.365,1444,1455,2183,1549,1511,2885,2018,1831,1523,1438
2025-06-24 14:52:34.465,1439,1501,1723,1558,1547,2659,1986,1918,1531,1446
2025-06-24 14:52:34.565,1456,1576,1517,1472,1514,2375,1853,1758,1534,1451
2025-06-24 14:52:34.665,1459,1571,1582,1511,1586,2034,1771,2141,1533,1446
2025-06-24 14:52:34.765,1421,1504,2288,1543,1646,1699,1841,2710,1527,1441
2025-06-24 14:52:34.865,1408,1515,2469,1529,1686,1489,1846,2465,1527,1442
2025-06-24 14:52:34.965,1426,1513,2161,1510,1786,2012,1756,2038,1530,1442
2025-06-24 14:52:35.064,1456,1531,1750,1435,1802,1603,1599,2062,1527,1443
2025-06-24 14:52:35.164,1479,1584,1285,1470,1718,672,1419,2369,1533,1442
2025-06-24 14:52:35.264,1495,1581,624,1573,1645,29,1239,2627,1531,1440
2025-06-24 14:52:35.367,1513,1584,279,1509,1520,0,919,2617,1523,1435
2025-06-24 14:52:35.466,1520,1597,395,1550,1487,237,784,2337,1526,1437
2025-06-24 14:52:35.566,1525,1629,730,1491,1457,688,846,2288,1530,1444
2025-06-24 14:52:35.665,1528,1654,1031,1535,1344,985,992,2397,1518,1431
2025-06-24 14:52:35.765,1525,1678,1232,1606,1328,1487,1210,2256,1515,1427
2025-06-24 14:52:35.865,1520,1665,1399,1534,1329,1871,1505,2270,1517,1431
2025-06-24 14:52:35.964,1513,1679,1503,1492,1295,2019,1749,2098,1528,1442
2025-06-24 14:52:36.064,1502,1668,1513,1523,1305,2128,2018,1905,1521,1449
2025-06-24 14:52:36.164,1501,1591,1477,1525,1353,2231,2054,1893,1523,1443
2025-06-24 14:52:36.264,1482,1508,1263,1545,1344,2274,1979,2028,1535,1458
2025-06-24 14:52:36.365,1469,1437,733,1552,1429,2257,1881,2101,1533,1450
2025-06-24 14:52:36.460,1425,1408,245,1505,1474,2231,1842,1601,1520,1431
2025-06-24 14:52:36.560,1442,1487,214,1499,1503,2176,1853,1406,1545,1428
2025-06-24 14:52:36.659,1447,1533,562,1499,1542,2081,1767,1575,1546,1455
2025-06-24 14:52:36.759,1454,1531,1173,1510,1524,2096,1727,1798,1531,1445
2025-06-24 14:52:36.858,1459,1519,2057,1559,1680,2596,1643,1815,1519,1441
2025-06-24 14:52:36.958,1456,1507,2895,1554,1760,1938,1502,1859,1520,1435
2025-06-24 14:52:37.058,1424,1518,3286,1566,1771,921,1385,1857,1527,1444
2025-06-24 14:52:37.157,1431,1501,3248,1571,1744,242,1251,1728,1525,1438
2025-06-24 14:52:37.257,1456,1517,3024,1556,1671,0,1067,1389,1526,1443
2025-06-24 14:52:37.357,1471,1535,2811,1518,1611,210,915,1451,1526,1443
2025-06-24 14:52:37.457,1488,1598,2573,1489,1527,633,1105,1866,1530,1441
2025-06-24 14:52:37.557,1503,1616,2527,1527,1485,857,1298,2206,1522,1440
2025-06-24 14:52:37.657,1499,1641,2549,1535,1455,1175,1396,2019,1534,1450
2025-06-24 14:52:37.757,1510,1645,2305,1584,1344,1410,1642,2097,1531,1441
2025-06-24 14:52:37.856,1518,1675,1984,1489,1313,1589,1776,2250,1527,1442
2025-06-24 14:52:37.956,1520,1699,1667,1328,1391,1814,1840,2352,1522,1440
2025-06-24 14:52:38.056,1510,1686,1354,1262,1453,2086,1831,2131,1521,1445
2025-06-24 14:52:38.156,1504,1627,1114,1159,1457,2245,1723,2015,1521,1434
2025-06-24 14:52:38.256,1507,1607,982,1117,1429,2375,1743,1891,1527,1443
2025-06-24 14:52:38.356,1493,1567,976,1168,1433,2450,1707,1741,1527,1442
2025-06-24 14:52:38.455,1493,1616,1046,1213,1433,2515,1671,1593,1525,1445
2025-06-24 14:52:38.555,1439,1616,1120,1285,1477,2478,1600,1651,1531,1447
2025-06-24 14:52:38.654,1421,1587,1214,1351,1531,2395,1520,1712,1526,1440
2025-06-24 14:52:38.754,1424,1555,1290,1499,1583,2958,1333,1535,1525,1443
2025-06-24 14:52:38.854,1431,1529,1390,1555,1701,2353,1148,1263,1535,1450
2025-06-24 14:52:38.954,1454,1520,1488,1573,1740,665,963,1165,1533,1453
2025-06-24 14:52:39.053,1472,1588,1521,1598,1779,0,944,1317,1533,1451
2025-06-24 14:52:39.152,1480,1563,1577,1695,1727,0,982,1111,1531,1443
2025-06-24 14:52:39.252,1462,1500,1534,1722,1642,0,1125,862,1530,1444
2025-06-24 14:52:39.351,1442,1450,1500,1764,1549,355,1366,959,1526,1441
2025-06-24 14:52:39.450,1447,1399,1461,1761,1510,528,1504,1359,1521,1442
2025-06-24 14:52:39.550,1459,1357,1457,1693,1523,642,1639,1646,1520,1439
2025-06-24 14:52:39.649,1484,1361,1342,1734,1445,624,1770,1302,1529,1442
2025-06-24 14:52:39.749,1510,1366,1327,1708,1360,876,1948,1168,1518,1431
2025-06-24 14:52:39.848,1501,1411,1613,1584,1392,1278,1905,1133,1529,1441
2025-06-24 14:52:39.948,1507,1488,1899,1489,1391,1770,1729,1177,1518,1431
2025-06-24 14:52:40.047,1522,1562,1891,1351,1431,2187,1699,1214,1521,1439
2025-06-24 14:52:40.146,1530,1616,1630,1367,1440,2395,1771,1059,1527,1442
2025-06-24 14:52:40.246,1526,1613,1322,1393,1358,2500,1712,1015,1521,1441
2025-06-24 14:52:40.346,1520,1605,1079,1409,1362,2546,1663,1317,1519,1436
2025-06-24 14:52:40.445,1509,1623,882,1413,1395,2583,1543,1664,1525,1443
2025-06-24 14:52:40.545,1511,1616,726,1543,1470,2499,1394,1822,1533,1449
2025-06-24 14:52:40.645,1512,1584,585,1605,1461,2903,1183,1985,1530,1444
2025-06-24 14:52:40.745,1491,1563,576,1654,1583,3114,1136,1950,1523,1441
2025-06-24 14:52:40.844,1446,1572,720,1634,1757,2015,1122,1787,1523,1441
2025-06-24 14:52:40.944,1417,1574,950,1680,1824,943,1040,1559,1531,1445
2025-06-24 14:52:41.043,1406,1551,1121,1648,1792,317,1190,912,1527,1441
2025-06-24 14:52:41.143,1409,1484,1270,1600,1707,263,1462,737,1530,1457
2025-06-24 14:52:41.243,1432,1482,1366,1526,1642,634,1721,1155,1522,1437
2025-06-24 14:52:41.343,1450,1482,1443,1471,1499,880,1837,1618,1527,1447
2025-06-24 14:52:41.442,1455,1557,1461,1498,1495,977,1936,1858,1520,1440
2025-06-24 14:52:41.542,1426,1579,1241,1520,1545,1033,1904,1926,1520,1434
2025-06-24 14:52:41.641,1415,1522,1124,1535,1519,1163,1791,918,1527,1442
2025-06-24 14:52:41.741,1425,1495,985,1558,1483,1385,1744,0,1534,1450
2025-06-24 14:52:41.840,1442,1431,1019,1552,1421,1686,1827,0,1542,1448
2025-06-24 14:52:41.940,1452,1399,1159,1566,1389,1808,1754,0,1531,1437
2025-06-24 14:52:42.039,1492,1447,1424,1479,1392,1946,1683,191,1543,1451
2025-06-24 14:52:42.138,1505,1452,1629,1498,1308,2013,1616,130,1533,1457
2025-06-24 14:52:42.238,1511,1483,1814,1531,1279,1888,1488,496,1523,1439
2025-06-24 14:52:42.338,1502,1546,1862,1542,1318,1815,1326,1266,1518,1434
2025-06-24 14:52:42.438,1520,1591,1879,1663,1345,1712,1199,2224,1526,1445
2025-06-24 14:52:42.538,1533,1628,1809,1594,1422,2037,1056,2673,1527,1445
2025-06-24 14:52:42.637,1526,1678,1778,1574,1424,2463,967,2667,1527,1443
2025-06-24 14:52:42.737,1535,1675,1744,1586,1548,1440,1052,2447,1523,1437
2025-06-24 14:52:42.837,1553,1667,1904,1511,1686,365,1222,2253,1520,1440
2025-06-24 14:52:42.937,1542,1671,1923,1473,1717,0,1494,1904,1522,1439
2025-06-24 14:52:43.037,1513,1635,1714,1472,1660,0,1783,1279,1521,1437
2025-06-24 14:52:43.136,1482,1581,1534,1461,1585,0,1935,961,1523,1436
2025-06-24 14:52:43.236,1458,1587,1355,1501,1617,179,1969,913,1526,1442
2025-06-24 14:52:43.336,1452,1593,1291,1477,1659,1138,1889,1125,1534,1445
2025-06-24 14:52:43.436,1468,1552,1293,1551,1647,1562,1831,1345,1522,1441
2025-06-24 14:52:43.536,1486,1488,1418,1495,1616,1808,1747,798,1521,1439
2025-06-24 14:52:43.635,1491,1454,1370,1481,1549,2085,1767,0,1526,1441
2025-06-24 14:52:43.734,1504,1451,1289,1482,1552,1983,1718,0,1527,1442
2025-06-24 14:52:43.834,1469,1550,1153,1472,1453,1905,1584,229,1529,1443
2025-06-24 14:52:43.934,1439,1541,933,1492,1391,2101,1455,399,1540,1453
2025-06-24 14:52:44.034,1453,1446,597,1515,1408,2266,1360,784,1520,1437
2025-06-24 14:52:44.133,1484,1382,448,1483,1351,2352,1206,1126,1523,1440
2025-06-24 14:52:44.233,1510,1325,592,1410,1280,2126,1005,1585,1533,1450
2025-06-24 14:52:44.333,1543,1309,991,1475,1249,1648,886,2113,1526,1442
2025-06-24 14:52:44.433,1535,1360,1550,1488,1275,1569,948,2638,1530,1446
2025-06-24 14:52:44.533,1558,1386,2098,1457,1344,2000,1056,2725,1521,1434
2025-06-24 14:52:44.632,1561,1440,2695,1498,1373,1744,1299,2657,1520,1433
2025-06-24 14:52:44.732,1561,1522,3121,1546,1490,904,1616,2535,1518,1431
2025-06-24 14:52:44.832,1565,1602,2963,1583,1611,425,1855,2195,1523,1440
2025-06-24 14:52:44.932,1560,1680,2588,1557,1699,0,2081,1757,1530,1441
2025-06-24 14:52:45.032,1555,1712,2283,1549,1639,0,2071,1406,1533,1443
2025-06-24 14:52:45.132,1551,1701,2067,1509,1568,667,1963,1302,1528,1446
2025-06-24 14:52:45.232,1550,1680,1931,1520,1472,848,1839,1393,1520,1433
2025-06-24 14:52:45.332,1509,1684,1808,1498,1472,1061,1823,1488,1531,1446
2025-06-24 14:52:45.436,1470,1633,1583,1487,1495,1681,1733,1104,1543,1453
2025-06-24 14:52:45.535,1451,1588,1382,1488,1521,2267,1584,174,1535,1454
2025-06-24 14:52:45.634,1444,1603,1289,1520,1598,2486,1543,25,1528,1441
2025-06-24 14:52:45.734,1442,1653,1217,1515,1620,2109,1431,271,1523,1456
2025-06-24 14:52:45.834,1451,1584,1152,1492,1520,2015,1265,645,1526,1437
2025-06-24 14:52:45.934,1473,1547,1152,1485,1456,2064,1070,958,1523,1435
2025-06-24 14:52:46.033,1473,1525,1175,1527,1482,2192,909,1328,1520,1435
2025-06-24 14:52:46.133,1423,1511,1237,1535,1347,2288,695,1761,1525,1437
2025-06-24 14:52:46.233,1396,1591,1277,1546,1270,2391,862,2288,1523,1438
2025-06-24 14:52:46.333,1414,1563,1200,1494,1334,2401,1139,3111,1526,1442
2025-06-24 14:52:46.434,1445,1461,1104,1472,1389,2845,1328,3712,1517,1430
2025-06-24 14:52:46.529,1470,1399,1180,1481,1449,2991,1658,3055,1530,1443
2025-06-24 14:52:46.629,1501,1372,1671,1463,1472,1732,1951,2590,1535,1452
2025-06-24 14:52:46.728,1514,1370,2165,1447,1614,195,2079,2398,1543,1451
2025-06-24 14:52:46.828,1526,1376,2301,1550,1746,0,2066,2179,1535,1429
2025-06-24 14:52:46.927,1535,1406,2178,1547,1728,0,2038,1831,1530,1441
2025-06-24 14:52:47.027,1535,1463,1993,1552,1703,396,2082,1619,1526,1451
2025-06-24 14:52:47.127,1543,1543,1865,1468,1610,880,2044,1535,1525,1442
2025-06-24 14:52:47.226,1526,1637,1699,1554,1556,1094,1840,1680,1524,1443
2025-06-24 14:52:47.326,1525,1696,1497,1569,1547,1204,1591,1655,1514,1434
2025-06-24 14:52:47.426,1533,1745,1439,1530,1553,1535,1515,957,1535,1446
2025-06-24 14:52:47.526,1495,1744,1493,1403,1570,1787,1255,493,1520,1437
2025-06-24 14:52:47.626,1485,1744,1797,1267,1509,1774,1017,560,1532,1445
2025-06-24 14:52:47.725,1447,1689,1946,1220,1456,1975,881,655,1534,1447
2025-06-24 14:52:47.824,1424,1601,1847,1161,1446,1844,687,685,1517,1431
2025-06-24 14:52:47.923,1414,1581,1663,1112,1421,1655,674,769,1527,1443
2025-06-24 14:52:48.022,1419,1600,1466,1063,1463,1702,919,945,1527,1441
2025-06-24 14:52:48.122,1424,1568,1263,1143,1380,1625,1157,1298,1530,1442
2025-06-24 14:52:48.222,1425,1543,867,1278,1311,1726,1478,1741,1534,1450
2025-06-24 14:52:48.322,1389,1474,640,1345,1303,2361,1769,2237,1522,1433
2025-06-24 14:52:48.421,1349,1426,768,1415,1372,3506,2063,2634,1522,1439
2025-06-24 14:52:48.521,1358,1450,1067,1493,1451,2817,2224,2655,1530,1445
2025-06-24 14:52:48.621,1391,1535,1279,1551,1456,1931,2070,2433,1526,1440
2025-06-24 14:52:48.720,1441,1484,1419,1665,1598,1137,1980,2066,1521,1434
2025-06-24 14:52:48.820,1461,1429,1523,1722,1710,453,1945,1323,1525,1438
2025-06-24 14:52:48.920,1492,1358,1559,1741,1757,626,1953,719,1535,1447
2025-06-24 14:52:49.019,1490,1361,1328,1727,1793,1072,1858,717,1523,1442
2025-06-24 14:52:49.119,1499,1408,968,1754,1712,1348,1709,951,1525,1437
2025-06-24 14:52:49.219,1513,1464,491,1779,1647,1744,1520,1101,1531,1443
2025-06-24 14:52:49.319,1520,1531,209,1717,1575,1849,1328,767,1526,1442
2025-06-24 14:52:49.419,1535,1589,272,1769,1577,1868,998,493,1535,1449
2025-06-24 14:52:49.519,1535,1648,663,1757,1530,1904,656,614,1535,1450
2025-06-24 14:52:49.619,1546,1694,1284,1712,1531,2026,503,777,1534,1450
2025-06-24 14:52:49.718,1535,1706,1869,1623,1521,2331,664,967,1526,1445
2025-06-24 14:52:49.817,1519,1691,2338,1584,1465,2454,978,1200,1519,1433
2025-06-24 14:52:49.917,1467,1648,2576,1573,1427,2557,1241,1374,1519,1433
2025-06-24 14:52:50.017,1417,1615,2623,1626,1442,2660,1530,1529,1522,1439
2025-06-24 14:52:50.117,1383,1585,2480,1557,1328,2759,1907,1711,1520,1434
2025-06-24 14:52:50.216,1389,1572,2239,1467,1199,2768,2102,1893,1518,1430
2025-06-24 14:52:50.316,1398,1584,2033,1518,1231,3322,2183,2290,1525,1442
2025-06-24 14:52:50.416,1413,1584,1811,1474,1307,2882,2101,2672,1535,1453
2025-06-24 14:52:50.516,1424,1520,1691,1549,1360,1791,2065,2629,1527,1443
2025-06-24 14:52:50.616,1374,1472,1613,1456,1398,896,1998,2034,1534,1445
2025-06-24 14:52:50.715,1359,1461,1488,1507,1488,454,1975,1377,1535,1445
2025-06-24 14:52:50.814,1390,1474,1424,1497,1662,401,1927,1075,1535,1446
2025-06-24 14:52:50.914,1435,1558,1475,1562,1742,627,1811,1215,1521,1435
2025-06-24 14:52:51.013,1473,1518,1398,1534,1710,460,1533,1488,1523,1438
2025-06-24 14:52:51.113,1507,1468,1328,1514,1635,0,1335,1737,1530,1442
2025-06-24 14:52:51.212,1517,1423,1231,1481,1635,0,1072,1763,1523,1441
2025-06-24 14:52:51.312,1522,1410,1109,1570,1616,0,753,1106,1530,1442
2025-06-24 14:52:51.411,1534,1420,976,1552,1570,160,640,839,1523,1442
2025-06-24 14:52:51.511,1549,1456,945,1521,1498,683,649,918,1533,1449
2025-06-24 14:52:51.610,1579,1500,954,1535,1520,1192,877,995,1523,1438
2025-06-24 14:52:51.709,1559,1531,1047,1535,1491,1659,1157,1031,1524,1441
2025-06-24 14:52:51.808,1552,1603,1217,1545,1501,2256,1488,1136,1522,1455
2025-06-24 14:52:51.908,1534,1644,1399,1503,1473,2866,1858,1303,1517,1430
2025-06-24 14:52:52.008,1546,1703,1671,1486,1466,3377,2100,1466,1532,1450
2025-06-24 14:52:52.108,1498,1695,1783,1588,1324,4048,2190,1717,1526,1441
2025-06-24 14:52:52.207,1452,1705,1903,1552,1210,4095,2085,2042,1526,1445
2025-06-24 14:52:52.307,1419,1683,1911,1489,1232,4095,1954,2380,1527,1446
2025-06-24 14:52:52.407,1392,1625,1808,1476,1306,3152,1931,2656,1527,1442
2025-06-24 14:52:52.507,1410,1584,1702,1519,1414,1821,1884,2467,1529,1443
2025-06-24 14:52:52.607,1427,1525,1643,1572,1423,887,1849,2009,1527,1442
2025-06-24 14:52:52.706,1419,1488,1615,1565,1571,591,1737,1371,1543,1452
2025-06-24 14:52:52.806,1386,1417,1439,1553,1679,695,1584,1045,1543,1452
2025-06-24 14:52:52.906,1390,1407,1298,1543,1688,850,1333,1070,1529,1441
2025-06-24 14:52:53.006,1407,1392,1251,1514,1733,243,965,1107,1524,1435
2025-06-24 14:52:53.106,1441,1445,1261,1505,1713,0,627,1168,1520,1435
2025-06-24 14:52:53.205,1466,1531,1220,1463,1653,0,591,1221,1527,1442
2025-06-24 14:52:53.305,1488,1517,1095,1456,1644,185,752,690,1530,1446
2025-06-24 14:52:53.405,1503,1481,1071,1465,1609,672,933,576,1525,1439
2025-06-24 14:52:53.505,1501,1424,1014,1587,1533,1201,1269,739,1525,1424
2025-06-24 14:52:53.605,1503,1409,1021,1543,1472,1648,1647,881,1525,1438
2025-06-24 14:52:53.705,1519,1418,1081,1524,1427,2067,1971,1111,1520,1439
2025-06-24 14:52:53.805,1510,1456,1191,1486,1410,2458,2186,1211,1535,1447
2025-06-24 14:52:53.905,1522,1501,1407,1458,1450,2858,2153,1220,1523,1442
2025-06-24 14:52:54.005,1527,1561,1659,1468,1495,3249,2014,1347,1520,1441
2025-06-24 14:52:54.105,1574,1616,1857,1461,1421,3608,2096,1601,1525,1442
2025-06-24 14:52:54.204,1543,1654,1984,1535,1285,3507,2141,1799,1535,1445
2025-06-24 14:52:54.304,1487,1676,1990,1521,1264,3283,2022,2297,1531,1443
2025-06-24 14:52:54.404,1411,1653,1947,1557,1310,2420,1849,2487,1527,1442
2025-06-24 14:52:54.504,1360,1626,1842,1559,1378,1487,1648,2363,1531,1451
2025-06-24 14:52:54.604,1344,1618,1746,1568,1404,894,1407,1762,1547,1454
2025-06-24 14:52:54.703,1357,1578,1589,1546,1546,729,1074,1229,1533,1443
2025-06-24 14:52:54.803,1392,1552,1555,1489,1705,813,819,1059,1525,1437
2025-06-24 14:52:54.903,1399,1552,1543,1488,1773,734,614,1193,1523,1436
2025-06-24 14:52:55.003,1377,1520,1552,1495,1807,222,441,1389,1526,1441
2025-06-24 14:52:55.103,1383,1489,1610,1476,1787,0,673,1506,1535,1450
2025-06-24 14:52:55.203,1403,1437,1615,1514,1709,147,992,1079,1521,1437
2025-06-24 14:52:55.303,1428,1441,1556,1488,1636,634,1393,848,1520,1437
2025-06-24 14:52:55.403,1466,1522,1454,1579,1635,1099,1782,994,1519,1431
2025-06-24 14:52:55.507,1488,1548,1314,1584,1600,1546,2119,1200,1520,1437
2025-06-24 14:52:55.606,1505,1523,1190,1516,1581,1957,2253,1342,1525,1445
2025-06-24 14:52:55.705,1502,1458,1088,1439,1532,2309,2192,1391,1522,1438
2025-06-24 14:52:55.804,1507,1422,1071,1499,1453,2667,1983,1360,1534,1445
2025-06-24 14:52:55.903,1490,1467,1121,1521,1435,2991,1938,1443,1535,1447
2025-06-24 14:52:56.002,1491,1472,1218,1520,1472,3152,1918,1614,1531,1447
2025-06-24 14:52:56.102,1503,1488,1337,1487,1310,3079,1979,1845,1520,1431
2025-06-24 14:52:56.202,1523,1503,1466,1554,1143,3018,1831,2045,1520,1435
2025-06-24 14:52:56.302,1550,1552,1534,1466,1136,2622,1734,2566,1531,1447
2025-06-24 14:52:56.402,1520,1619,1548,1510,1211,1742,1472,2899,1535,1451
2025-06-24 14:52:56.503,1459,1671,1535,1479,1317,951,1338,2724,1531,1441
2025-06-24 14:52:56.598,1421,1666,1568,1483,1430,609,1150,2243,1527,1437
2025-06-24 14:52:56.698,1408,1641,1502,1552,1646,595,906,1750,1525,1441
2025-06-24 14:52:56.797,1408,1605,1490,1517,1750,803,807,1552,1526,1441
2025-06-24 14:52:56.897,1413,1602,1520,1472,1793,465,947,1552,1527,1440
2025-06-24 14:52:56.997,1413,1575,1405,1468,1736,0,1228,1558,1534,1441
2025-06-24 14:52:57.097,1389,1559,1332,1478,1629,0,1506,1273,1523,1440
2025-06-24 14:52:57.197,1381,1535,1397,1481,1552,48,1823,368,1526,1438
2025-06-24 14:52:57.296,1399,1513,1469,1510,1455,488,2023,130,1533,1450
2025-06-24 14:52:57.396,1394,1439,1360,1463,1421,1072,2034,161,1521,1435
2025-06-24 14:52:57.495,1434,1429,1330,1406,1487,1562,2034,393,1530,1465
2025-06-24 14:52:57.595,1478,1415,1307,1264,1600,2070,1959,737,1519,1430
2025-06-24 14:52:57.695,1456,1515,1219,1140,1618,2615,1958,1079,1519,1434
2025-06-24 14:52:57.794,1389,1541,1130,1085,1565,3111,1921,1292,1520,1436
2025-06-24 14:52:57.894,1349,1494,1152,1107,1570,3565,1700,1488,1520,1431
2025-06-24 14:52:57.994,1299,1477,1323,1168,1459,4095,1596,1731,1535,1453
2025-06-24 14:52:58.094,1296,1478,1600,1217,1295,4095,1535,2006,1535,1450
2025-06-24 14:52:58.194,1296,1515,1879,1262,1223,4095,1383,2457,1530,1444
2025-06-24 14:52:58.294,1315,1545,2096,1360,1218,3139,1199,3023,1535,1472
2025-06-24 14:52:58.394,1358,1535,2213,1424,1318,2079,915,2896,1523,1441
2025-06-24 14:52:58.494,1376,1558,2189,1567,1344,1155,799,2208,1533,1443
2025-06-24 14:52:58.594,1344,1590,2043,1651,1415,675,781,1461,1535,1444
2025-06-24 14:52:58.694,1330,1646,1888,1741,1601,587,896,990,1542,1453
2025-06-24 14:52:58.793,1359,1654,1724,1792,1690,416,1136,690,1527,1441
2025-06-24 14:52:58.893,1424,1648,1647,1827,1699,0,1446,580,1520,1424
2025-06-24 14:52:58.993,1502,1630,1599,1809,1616,0,1712,710,1521,1442
2025-06-24 14:52:59.094,1570,1603,1575,1833,1492,0,1883,680,1520,1439
2025-06-24 14:52:59.194,1565,1589,1535,1820,1481,0,1947,31,1522,1438
2025-06-24 14:52:59.293,1509,1577,1465,1773,1445,192,1909,142,1531,1442
2025-06-24 14:52:59.393,1473,1584,1506,1718,1431,864,1813,687,1524,1441
2025-06-24 14:52:59.493,1459,1511,1566,1701,1549,1593,1778,1136,1520,1435
2025-06-24 14:52:59.593,1441,1459,1457,1643,1595,2272,1731,1504,1527,1443
2025-06-24 14:52:59.693,1458,1446,1359,1600,1616,2878,1606,2013,1534,1445
2025-06-24 14:52:59.793,1511,1427,1242,1523,1628,3470,1519,2298,1529,1442
2025-06-24 14:52:59.893,1522,1479,1142,1471,1588,4095,1468,2586,1520,1438
2025-06-24 14:52:59.993,1455,1546,1082,1521,1481,4095,1354,2830,1515,1431
2025-06-24 14:53:00.092,1407,1505,1135,1575,1401,4095,1169,2970,1526,1443
2025-06-24 14:53:00.198,1351,1457,1283,1590,1359,3723,1046,3541,1529,1443
2025-06-24 14:53:00.292,1351,1450,1414,1604,1373,2831,948,4021,1526,1442
2025-06-24 14:53:00.392,1392,1447,1533,1559,1399,1828,917,3319,1533,1440
2025-06-24 14:53:00.492,1447,1483,1645,1438,1463,1072,1054,2832,1534,1448
2025-06-24 14:53:00.592,1495,1471,1697,1488,1509,705,1296,2291,1535,1451
2025-06-24 14:53:00.692,1530,1489,1665,1515,1610,660,1447,1737,1535,1445
2025-06-24 14:53:00.791,1557,1520,1613,1535,1641,0,1692,1296,1532,1445
2025-06-24 14:53:00.891,1534,1599,1581,1486,1630,0,1872,1123,1531,1442
2025-06-24 14:53:00.991,1515,1606,1608,1456,1587,0,1898,1095,1523,1437
2025-06-24 14:53:01.091,1502,1614,1484,1497,1488,0,1886,807,1524,1440
2025-06-24 14:53:01.191,1520,1649,1390,1520,1435,74,1843,0,1520,1433
2025-06-24 14:53:01.290,1558,1639,1356,1495,1437,752,1849,0,1521,1437
2025-06-24 14:53:01.390,1600,1630,1363,1520,1472,1523,1921,0,1520,1427
2025-06-24 14:53:01.490,1629,1647,1227,1488,1586,2247,1794,150,1522,1441
2025-06-24 14:53:01.590,1618,1621,1167,1513,1644,2865,1665,589,1523,1438
2025-06-24 14:53:01.690,1581,1602,1141,1488,1597,3372,1435,842,1523,1435
2025-06-24 14:53:01.789,1535,1531,1134,1571,1553,4071,1181,1046,1527,1443
2025-06-24 14:53:01.889,1510,1456,1185,1571,1617,4095,1001,1205,1531,1446
2025-06-24 14:53:01.989,1546,1398,1349,1601,1510,4090,933,1397,1521,1438
2025-06-24 14:53:02.089,1571,1439,1580,1551,1319,3568,895,1745,1530,1443
2025-06-24 14:53:02.189,1593,1507,1830,1516,1259,2927,953,2459,1532,1446
2025-06-24 14:53:02.288,1603,1527,2022,1527,1309,2096,1141,3017,1533,1451
2025-06-24 14:53:02.388,1573,1491,2106,1566,1365,1255,1439,3006,1532,1442
2025-06-24 14:53:02.488,1552,1439,2103,1569,1435,832,1663,2877,1535,1451
2025-06-24 14:53:02.588,1550,1416,1953,1559,1457,690,1926,2384,1531,1447
2025-06-24 14:53:02.688,1550,1426,1776,1467,1615,694,2078,1791,1520,1435
2025-06-24 14:53:02.788,1555,1478,1670,1475,1715,0,2057,1555,1529,1433
2025-06-24 14:53:02.888,1535,1488,1562,1509,1676,0,1985,1529,1522,1434
2025-06-24 14:53:02.988,1551,1569,1515,1508,1561,0,2006,1506,1529,1443
2025-06-24 14:53:03.088,1531,1598,1552,1561,1512,90,1917,1375,1546,1455
2025-06-24 14:53:03.188,1526,1626,1573,1582,1485,749,1798,491,1532,1445
2025-06-24 14:53:03.288,1532,1662,1585,1521,1463,1462,1730,150,1524,1438
2025-06-24 14:53:03.388,1576,1712,1492,1493,1525,2144,1676,167,1521,1436
2025-06-24 14:53:03.488,1589,1741,1410,1511,1555,2716,1383,307,1522,1440
2025-06-24 14:53:03.587,1587,1680,1330,1530,1610,3231,1189,385,1526,1455
2025-06-24 14:53:03.686,1589,1635,1232,1506,1655,3760,1023,562,1532,1444
2025-06-24 14:53:03.785,1573,1621,1200,1514,1590,4095,830,858,1527,1444
2025-06-24 14:53:03.885,1559,1611,1238,1446,1562,3965,649,1226,1523,1442
2025-06-24 14:53:03.985,1543,1569,1303,1534,1497,3331,775,1610,1520,1439
2025-06-24 14:53:04.085,1529,1478,1435,1497,1339,2876,1035,2028,1522,1437
2025-06-24 14:53:04.185,1535,1438,1506,1477,1283,2126,1422,2694,1520,1435
2025-06-24 14:53:04.285,1535,1451,1568,1463,1275,1287,1696,2832,1520,1431
2025-06-24 14:53:04.385,1535,1473,1604,1579,1298,639,2034,2665,1526,1438
2025-06-24 14:53:04.485,1535,1573,1612,1606,1379,438,2193,2374,1527,1444
2025-06-24 14:53:04.585,1545,1557,1617,1569,1472,519,2176,2030,1527,1431
2025-06-24 14:53:04.684,1555,1508,1543,1477,1587,320,2065,1587,1529,1444
2025-06-24 14:53:04.783,1559,1407,1471,1503,1678,0,2063,1296,1534,1446
2025-06-24 14:53:04.883,1562,1373,1487,1516,1693,0,2015,1157,1525,1438
2025-06-24 14:53:04.983,1557,1362,1511,1484,1654,0,1797,1098,1532,1445
2025-06-24 14:53:05.083,1543,1405,1525,1454,1566,518,1594,595,1535,1450
2025-06-24 14:53:05.183,1523,1429,1463,1497,1527,1145,1431,350,1535,1449
2025-06-24 14:53:05.282,1514,1474,1373,1473,1499,1687,1280,686,1519,1437
2025-06-24 14:53:05.381,1491,1557,1361,1434,1518,2194,1046,1002,1520,1439
2025-06-24 14:53:05.481,1472,1616,1218,1433,1552,2701,770,1262,1518,1424
2025-06-24 14:53:05.584,1458,1686,1082,1472,1584,3135,703,1301,1526,1442
2025-06-24 14:53:05.683,1456,1731,1102,1449,1590,3378,741,1472,1525,1441
2025-06-24 14:53:05.783,1462,1744,1126,1520,1600,3445,964,1563,1522,1437
2025-06-24 14:53:05.883,1472,1712,1168,1501,1555,3085,1327,1795,1525,1440
2025-06-24 14:53:05.982,1479,1668,1245,1532,1545,2863,1615,1966,1523,1441
2025-06-24 14:53:06.082,1480,1605,1296,1522,1393,2363,1867,2059,1531,1447
2025-06-24 14:53:06.182,1475,1582,1396,1504,1312,1429,2135,2315,1525,1445
2025-06-24 14:53:06.282,1455,1571,1535,1534,1269,734,2256,2279,1541,1465
2025-06-24 14:53:06.382,1442,1495,1708,1520,1282,437,2218,2182,1533,1443
2025-06-24 14:53:06.482,1459,1438,1845,1519,1386,407,2110,2069,1520,1435
2025-06-24 14:53:06.583,1463,1399,1903,1493,1408,622,2063,1753,1520,1438
2025-06-24 14:53:06.678,1475,1411,1905,1458,1456,269,1930,1434,1527,1441
2025-06-24 14:53:06.778,1486,1532,1843,1463,1633,0,1847,1325,1531,1441
2025-06-24 14:53:06.878,1488,1486,1683,1503,1705,0,1715,1411,1535,1451
2025-06-24 14:53:06.978,1493,1456,1603,1562,1632,507,1403,1404,1535,1457
2025-06-24 14:53:07.078,1503,1459,1616,1492,1566,1134,1110,1114,1533,1451
2025-06-24 14:53:07.178,1506,1443,1643,1398,1488,1629,894,1003,1534,1456
2025-06-24 14:53:07.278,1504,1413,1605,1471,1441,2033,752,1040,1527,1445
2025-06-24 14:53:07.378,1503,1431,1459,1527,1482,2416,704,1155,1524,1437
2025-06-24 14:53:07.478,1475,1459,1381,1535,1520,2805,773,1277,1520,1433
2025-06-24 14:53:07.578,1482,1533,1264,1510,1579,3084,918,1284,1520,1435
2025-06-24 14:53:07.678,1471,1609,1221,1575,1652,3239,1203,1327,1530,1444
2025-06-24 14:53:07.778,1458,1645,1242,1485,1644,3249,1654,1329,1520,1438
2025-06-24 14:53:07.877,1443,1678,1337,1378,1566,3167,1981,1377,1519,1435
2025-06-24 14:53:07.976,1434,1728,1377,1249,1504,2928,2241,1504,1523,1438
2025-06-24 14:53:08.076,1425,1722,1374,1135,1455,2112,2262,1637,1517,1433
2025-06-24 14:53:08.176,1428,1677,1374,1139,1360,1242,2170,1925,1525,1425
2025-06-24 14:53:08.276,1435,1639,1417,1185,1321,745,2171,2007,1530,1442
2025-06-24 14:53:08.376,1442,1619,1577,1184,1289,685,2147,1987,1529,1445
2025-06-24 14:53:08.476,1434,1596,1765,1247,1325,946,2032,1745,1520,1427
2025-06-24 14:53:08.576,1457,1543,1941,1386,1397,983,1787,1457,1520,1439
2025-06-24 14:53:08.676,1425,1477,2019,1567,1409,211,1616,1439,1543,1456
2025-06-24 14:53:08.776,1445,1455,1938,1616,1552,0,1181,1351,1544,1451
2025-06-24 14:53:08.875,1458,1406,1785,1669,1664,0,869,1419,1530,1441
2025-06-24 14:53:08.975,1471,1456,1639,1662,1727,478,729,1126,1530,1443
2025-06-24 14:53:09.074,1474,1546,1660,1708,1725,981,637,706,1535,1453
2025-06-24 14:53:09.174,1486,1466,1621,1744,1679,1435,607,599,1530,1446
2025-06-24 14:53:09.274,1497,1392,1431,1854,1616,1904,723,643,1525,1443
2025-06-24 14:53:09.373,1499,1349,1264,1776,1520,2396,1067,785,1527,1445
2025-06-24 14:53:09.473,1506,1341,1236,1755,1472,2851,1446,1088,1522,1437
2025-06-24 14:53:09.573,1513,1373,1255,1778,1469,3114,1799,1261,1525,1442
2025-06-24 14:53:09.673,1503,1382,1040,1732,1485,3369,2064,1387,1525,1437
2025-06-24 14:53:09.773,1509,1439,890,1721,1493,3439,2269,1454,1526,1438
2025-06-24 14:53:09.872,1509,1520,893,1651,1488,3460,2227,1657,1520,1426
2025-06-24 14:53:09.972,1503,1626,903,1606,1462,2582,2192,1852,1522,1439
2025-06-24 14:53:10.072,1495,1701,862,1569,1490,1527,2229,2124,1535,1449
2025-06-24 14:53:10.172,1472,1744,976,1557,1517,752,2101,2339,1533,1445
2025-06-24 14:53:10.271,1456,1767,1175,1552,1398,507,1969,2230,1523,1438
2025-06-24 14:53:10.370,1443,1758,1420,1520,1258,595,1892,2054,1523,1426
2025-06-24 14:53:10.470,1432,1682,1726,1479,1276,884,1681,1718,1525,1439
2025-06-24 14:53:10.570,1438,1670,2032,1533,1351,0,1214,1510,1533,1441
2025-06-24 14:53:10.670,1450,1634,2240,1465,1471,0,859,1487,1533,1445
2025-06-24 14:53:10.770,1452,1622,2347,1507,1546,0,574,1392,1533,1447
2025-06-24 14:53:10.870,1460,1627,2338,1515,1618,0,466,1338,1530,1448
2025-06-24 14:53:10.970,1456,1550,2130,1488,1616,447,613,703,1520,1439
2025-06-24 14:53:11.070,1419,1470,1904,1542,1606,1161,844,385,1520,1435
2025-06-24 14:53:11.170,1424,1456,1815,1520,1646,1895,1281,619,1521,1445
2025-06-24 14:53:11.270,1456,1446,1792,1479,1616,2612,1574,1095,1517,1433
2025-06-24 14:53:11.369,1466,1541,1821,1471,1597,3233,1680,1424,1515,1427
2025-06-24 14:53:11.469,1479,1504,1822,1507,1569,3822,1664,1783,1524,1456
2025-06-24 14:53:11.569,1493,1394,1682,1552,1496,4095,1562,1883,1534,1447
2025-06-24 14:53:11.668,1504,1358,1578,1533,1501,4095,1526,2129,1531,1445
2025-06-24 14:53:11.768,1511,1342,1776,1495,1553,4095,1548,2479,1531,1447
2025-06-24 14:53:11.868,1519,1319,1795,1466,1493,3794,1763,2224,1532,1443
2025-06-24 14:53:11.968,1527,1379,886,1440,1438,2476,1984,1737,1535,1452
2025-06-24 14:53:12.068,1525,1414,1072,1602,1401,1395,2101,1261,1535,1445
2025-06-24 14:53:12.168,1523,1510,1323,1589,1459,711,2147,685,1529,1439
2025-06-24 14:53:12.268,1507,1648,1249,1566,1341,612,2042,326,1520,1442
2025-06-24 14:53:12.367,1503,1750,988,1581,1220,809,1587,61,1533,1446
2025-06-24 14:53:12.466,1488,1778,784,1582,1291,0,1187,0,1524,1440
2025-06-24 14:53:12.566,1472,1847,733,1533,1348,0,862,0,1520,1431
2025-06-24 14:53:12.666,1453,1835,806,1571,1441,0,761,29,1523,1437
2025-06-24 14:53:12.766,1449,1811,1043,1543,1489,0,773,336,1525,1446
2025-06-24 14:53:12.865,1454,1747,1280,1488,1520,150,1015,720,1520,1435
2025-06-24 14:53:12.965,1456,1663,1363,1490,1579,861,1168,925,1520,1438
2025-06-24 14:53:13.065,1467,1600,1434,1465,1650,1690,1520,692,1520,1435
2025-06-24 14:53:13.165,1471,1589,1592,1495,1707,2502,1937,752,1517,1431
2025-06-24 14:53:13.264,1456,1504,1782,1485,1636,3149,2266,887,1520,1441
2025-06-24 14:53:13.363,1445,1435,2010,1505,1622,3806,2391,969,1526,1442
2025-06-24 14:53:13.463,1456,1374,2078,1503,1595,4095,2324,1134,1520,1438
2025-06-24 14:53:13.563,1488,1377,1899,1498,1569,4095,2169,1313,1533,1451
2025-06-24 14:53:13.663,1490,1469,1729,1520,1559,4095,2138,1507,1526,1443
2025-06-24 14:53:13.763,1499,1408,1584,1499,1488,4050,2073,1904,1535,1450
2025-06-24 14:53:13.863,1505,1339,1387,1470,1495,2659,2045,2576,1520,1434
2025-06-24 14:53:13.963,1511,1305,908,1488,1487,1550,1927,3762,1520,1434
2025-06-24 14:53:14.063,1494,1293,228,1499,1469,845,1778,4095,1520,1431
2025-06-24 14:53:14.163,1515,1309,0,1494,1513,675,1389,4095,1535,1452
2025-06-24 14:53:14.263,1511,1365,0,1501,1563,816,1017,4053,1533,1456
2025-06-24 14:53:14.363,1517,1413,0,1494,1431,83,641,3602,1521,1436
2025-06-24 14:53:14.463,1517,1472,21,1439,1377,0,432,2756,1530,1443
2025-06-24 14:53:14.563,1521,1555,848,1414,1393,0,520,2215,1534,1453
2025-06-24 14:53:14.663,1505,1622,1917,1583,1429,0,708,1859,1535,1451
2025-06-24 14:53:14.762,1456,1671,2893,1520,1509,55,1050,1771,1543,1451
2025-06-24 14:53:14.861,1409,1716,3861,1527,1586,789,1331,1742,1530,1446
2025-06-24 14:53:14.961,1400,1681,4095,1530,1620,1648,1698,430,1522,1439
2025-06-24 14:53:15.061,1408,1650,4095,1483,1680,2445,2024,0,1532,1448
2025-06-24 14:53:15.161,1435,1631,3781,1472,1670,3121,2235,0,1520,1437
2025-06-24 14:53:15.260,1451,1616,3165,1488,1647,3714,2266,0,1522,1451
2025-06-24 14:53:15.359,1439,1595,2606,1511,1611,4095,2202,0,1520,1447
2025-06-24 14:53:15.459,1425,1543,2225,1506,1579,4095,2145,448,1533,1447
2025-06-24 14:53:15.559,1425,1476,1948,1483,1526,4095,2128,1398,1522,1437
2025-06-24 14:53:15.663,1434,1472,1786,1525,1463,4095,2047,2474,1520,1434
2025-06-24 14:53:15.763,1450,1463,1715,1511,1456,2672,2000,3440,1520,1424
2025-06-24 14:53:15.862,1470,1514,1529,1527,1463,1483,1822,4095,1529,1443
2025-06-24 14:53:15.961,1485,1593,1311,1584,1466,750,1557,4095,1535,1451
2025-06-24 14:53:16.061,1513,1518,1097,1519,1474,560,1195,3959,1535,1449
2025-06-24 14:53:16.160,1506,1467,965,1488,1471,730,890,3248,1542,1449
2025-06-24 14:53:16.260,1508,1392,970,1463,1481,116,740,2782,1535,1442
2025-06-24 14:53:16.360,1507,1382,1059,1523,1383,0,626,2514,1535,1447
2025-06-24 14:53:16.460,1515,1378,1221,1547,1343,0,765,2151,1522,1439
2025-06-24 14:53:16.560,1520,1402,1366,1520,1331,0,996,1735,1524,1438
2025-06-24 14:53:16.661,1521,1439,1409,1457,1347,0,1282,1535,1517,1429
2025-06-24 14:53:16.756,1520,1520,1525,1463,1444,535,1551,1593,1520,1438
2025-06-24 14:53:16.856,1472,1598,1607,1490,1451,1360,1887,1344,1529,1445
2025-06-24 14:53:16.955,1420,1692,1511,1491,1587,2217,2096,720,1524,1445
2025-06-24 14:53:17.055,1395,1762,1472,1499,1644,3026,2207,710,1531,1447
2025-06-24 14:53:17.155,1402,1775,1467,1547,1664,3815,2042,858,1520,1438
2025-06-24 14:53:17.255,1429,1717,1455,1534,1581,4095,1884,1123,1521,1441
2025-06-24 14:53:17.354,1452,1680,1522,1411,1482,4095,1870,1383,1520,1437
2025-06-24 14:53:17.453,1450,1655,1670,1505,1426,4095,1899,1462,1518,1431
2025-06-24 14:53:17.553,1430,1616,1749,1487,1456,3984,1781,1554,1520,1435
2025-06-24 14:53:17.653,1430,1620,1600,1575,1498,2545,1703,1614,1524,1437
2025-06-24 14:53:17.753,1446,1589,1445,1473,1546,1459,1501,1722,1526,1441
2025-06-24 14:53:17.853,1469,1530,1344,1246,1591,912,1179,1895,1533,1448
2025-06-24 14:53:17.952,1495,1454,1315,1123,1611,735,967,2110,1527,1439
2025-06-24 14:53:18.052,1503,1435,1325,1065,1599,863,950,2134,1523,1438
2025-06-24 14:53:18.152,1505,1511,1285,1091,1664,165,832,2035,1523,1443
2025-06-24 14:53:18.252,1506,1511,1220,1179,1593,0,775,1745,1521,1438
2025-06-24 14:53:18.352,1501,1485,1222,1249,1457,0,929,1433,1531,1445
2025-06-24 14:53:18.451,1504,1417,1265,1343,1391,0,1280,1328,1535,1451
2025-06-24 14:53:18.550,1505,1379,1359,1392,1389,0,1648,1419,1531,1445
2025-06-24 14:53:18.650,1511,1369,1481,1439,1362,624,1840,1472,1521,1438
2025-06-24 14:53:18.750,1518,1414,1591,1522,1387,1593,1951,1253,1520,1439
2025-06-24 14:53:18.850,1520,1441,1633,1611,1418,2479,1874,814,1517,1428
2025-06-24 14:53:18.950,1523,1503,1630,1712,1566,3184,1846,697,1514,1429
2025-06-24 14:53:19.050,1515,1586,1558,1729,1648,3927,1747,812,1530,1446
2025-06-24 14:53:19.150,1456,1665,1495,1808,1607,4095,1779,944,1523,1442
2025-06-24 14:53:19.250,1420,1711,1491,1771,1505,4095,1653,1053,1526,1424
2025-06-24 14:53:19.349,1410,1717,1478,1808,1430,4095,1594,1172,1533,1450
2025-06-24 14:53:19.448,1425,1681,1495,1773,1337,3984,1653,1278,1521,1440
2025-06-24 14:53:19.548,1447,1651,1555,1678,1343,2529,1328,1463,1524,1443
2025-06-24 14:53:19.648,1443,1625,1490,1742,1392,1449,1151,1712,1526,1438
2025-06-24 14:53:19.747,1447,1599,1547,1767,1518,757,1062,1990,1532,1448
2025-06-24 14:53:19.847,1423,1603,1488,1685,1574,595,891,2443,1529,1443
2025-06-24 14:53:19.946,1413,1584,1482,1631,1664,715,880,2721,1532,1451
2025-06-24 14:53:20.045,1440,1498,1462,1578,1697,26,962,2642,1534,1447
2025-06-24 14:53:20.145,1472,1477,1446,1584,1728,0,1067,2298,1543,1453
2025-06-24 14:53:20.244,1495,1460,1474,1584,1744,0,1328,1721,1520,1437
2025-06-24 14:53:20.344,1508,1531,1277,1549,1588,0,1648,1382,1527,1447
2025-06-24 14:53:20.443,1515,1615,989,1466,1408,0,1913,1351,1522,1440
2025-06-24 14:53:20.543,1530,1567,939,1488,1337,467,2037,1303,1520,1434
2025-06-24 14:53:20.643,1527,1472,1072,1514,1328,1467,2053,1401,1531,1445
2025-06-24 14:53:20.743,1527,1408,1234,1516,1354,2387,1989,1197,1535,1449
2025-06-24 14:53:20.843,1565,1380,1323,1493,1427,3182,1967,623,1527,1442
2025-06-24 14:53:20.942,1535,1371,1345,1470,1434,4059,1957,445,1523,1441
2025-06-24 14:53:21.041,1544,1397,1255,1506,1571,4095,1803,683,1523,1443
2025-06-24 14:53:21.141,1556,1450,1191,1595,1593,4095,1647,919,1527,1442
2025-06-24 14:53:21.240,1553,1520,1145,1598,1606,4095,1474,1059,1523,1436
2025-06-24 14:53:21.340,1523,1597,1055,1598,1555,4095,1200,1168,1524,1435
2025-06-24 14:53:21.439,1488,1632,879,1585,1442,2608,1099,1281,1534,1449
2025-06-24 14:53:21.539,1447,1680,869,1695,1395,1445,884,1409,1535,1450
2025-06-24 14:53:21.638,1440,1675,1087,1697,1409,739,831,1616,1531,1445
2025-06-24 14:53:21.738,1445,1622,1521,1590,1458,624,882,1808,1531,1446
2025-06-24 14:53:21.838,1456,1584,1937,1559,1525,849,935,2306,1523,1438
2025-06-24 14:53:21.937,1471,1589,2226,1585,1627,816,1104,2512,1522,1431
2025-06-24 14:53:22.036,1445,1591,2318,1511,1703,0,1430,2411,1520,1435
2025-06-24 14:53:22.136,1399,1584,2230,1443,1794,0,1727,2010,1521,1435
2025-06-24 14:53:22.235,1392,1535,2066,1413,1781,0,1899,1511,1525,1440
2025-06-24 14:53:22.335,1424,1501,1872,1562,1675,0,2153,1239,1519,1435
2025-06-24 14:53:22.434,1466,1505,1749,1569,1479,0,2229,1269,1520,1433
2025-06-24 14:53:22.534,1490,1499,1647,1545,1355,364,2211,1356,1531,1447
2025-06-24 14:53:22.634,1505,1554,1733,1519,1325,1115,2027,1424,1530,1456
2025-06-24 14:53:22.734,1522,1548,1709,1524,1360,2042,1803,1131,1535,1446
2025-06-24 14:53:22.834,1552,1476,1527,1514,1405,2962,1581,579,1521,1434
2025-06-24 14:53:22.933,1566,1427,1470,1492,1427,4041,1356,479,1530,1445
2025-06-24 14:53:23.033,1605,1408,1511,1542,1392,4095,1187,633,1546,1451
2025-06-24 14:53:23.133,1600,1403,1375,1493,1562,4095,845,800,1523,1442
2025-06-24 14:53:23.233,1610,1412,1220,1442,1549,4095,679,969,1523,1439
2025-06-24 14:53:23.333,1600,1469,1130,1435,1535,2768,579,1170,1527,1453
2025-06-24 14:53:23.432,1611,1520,1088,1466,1517,1642,589,1307,1523,1441
2025-06-24 14:53:23.532,1590,1583,1104,1520,1444,958,640,1499,1527,1444
2025-06-24 14:53:23.631,1535,1627,1150,1453,1383,745,787,1744,1532,1447
2025-06-24 14:53:23.731,1499,1680,1232,1472,1323,878,1141,2018,1525,1440
2025-06-24 14:53:23.830,1467,1707,1348,1392,1421,129,1408,2390,1522,1439
2025-06-24 14:53:23.929,1457,1709,1490,1456,1552,0,1678,2550,1526,1443
2025-06-24 14:53:24.029,1456,1711,1674,1492,1643,0,2020,2399,1529,1447
2025-06-24 14:53:24.129,1463,1628,1840,1511,1682,0,2309,1837,1529,1444
2025-06-24 14:53:24.229,1437,1605,2014,1519,1765,0,2323,1394,1524,1443
2025-06-24 14:53:24.329,1376,1588,2159,1510,1691,755,2274,1286,1523,1442
2025-06-24 14:53:24.428,1375,1543,2479,1498,1591,1643,2209,1270,1519,1431
2025-06-24 14:53:24.528,1408,1488,2667,1455,1458,2549,2165,1407,1525,1456
2025-06-24 14:53:24.628,1453,1455,2483,1473,1370,3429,2151,1495,1520,1436
2025-06-24 14:53:24.728,1483,1433,2174,1466,1364,4095,1956,1219,1530,1442
2025-06-24 14:53:24.828,1501,1456,1776,1455,1353,4095,1727,705,1529,1444
2025-06-24 14:53:24.927,1523,1571,1366,1443,1424,4095,1114,645,1530,1449
2025-06-24 14:53:25.027,1535,1518,943,1395,1440,4095,557,773,1526,1444
2025-06-24 14:53:25.126,1520,1424,767,1510,1374,3598,125,968,1519,1429
2025-06-24 14:53:25.226,1552,1407,753,1555,1489,2201,0,1198,1526,1441
2025-06-24 14:53:25.326,1548,1387,613,1586,1597,1086,1,1392,1527,1441
2025-06-24 14:53:25.426,1523,1385,528,1554,1599,588,306,1582,1548,1455
2025-06-24 14:53:25.525,1515,1414,538,1573,1617,538,878,1807,1528,1446
2025-06-24 14:53:25.624,1491,1426,653,1534,1583,702,1343,2000,1533,1446
2025-06-24 14:53:25.727,1450,1488,771,1552,1542,174,1714,2246,1521,1438
2025-06-24 14:53:25.826,1424,1586,1040,1553,1510,0,2145,2559,1519,1435
2025-06-24 14:53:25.925,1377,1616,1344,1474,1472,0,2449,2559,1515,1427
2025-06-24 14:53:26.024,1385,1684,1573,1469,1530,0,2551,2261,1522,1437
2025-06-24 14:53:26.123,1386,1721,1747,1511,1616,432,2510,1776,1525,1440
2025-06-24 14:53:26.223,1392,1714,1902,1535,1515,1075,2398,1360,1520,1436
2025-06-24 14:53:26.323,1383,1690,1993,1520,1480,1712,2363,1187,1521,1438
2025-06-24 14:53:26.422,1335,1658,2025,1504,1438,2301,2339,1258,1527,1442
2025-06-24 14:53:26.522,1335,1617,2032,1458,1427,2912,2211,1360,1535,1450
2025-06-24 14:53:26.622,1370,1610,1956,1501,1404,3504,2059,1390,1520,1437
2025-06-24 14:53:26.723,1411,1572,1774,1515,1328,3872,1681,982,1531,1441
2025-06-24 14:53:26.818,1443,1492,1607,1443,1392,3802,1323,841,1534,1443
2025-06-24 14:53:26.918,1459,1433,1584,1473,1501,3568,1104,895,1527,1439
2025-06-24 14:53:27.017,1469,1425,1575,1507,1526,2726,903,935,1527,1443
2025-06-24 14:53:27.117,1482,1435,1587,1486,1535,1577,815,1023,1527,1442
2025-06-24 14:53:27.217,1491,1519,1446,1514,1511,778,907,1050,1530,1441
2025-06-24 14:53:27.316,1504,1502,1358,1533,1614,359,1177,1104,1523,1440
2025-06-24 14:53:27.416,1495,1414,1264,1495,1687,437,1425,1220,1526,1431
2025-06-24 14:53:27.515,1511,1343,1071,1499,1695,833,1648,1363,1535,1438
2025-06-24 14:53:27.615,1520,1361,1106,1425,1679,585,1872,1627,1530,1443
2025-06-24 14:53:27.715,1521,1391,1178,1305,1650,1,2061,1961,1529,1443
2025-06-24 14:53:27.815,1489,1439,1335,1169,1613,0,2135,2349,1530,1446
2025-06-24 14:53:27.914,1442,1485,1387,1115,1513,74,2172,2491,1532,1445
2025-06-24 14:53:28.013,1400,1535,1354,1090,1488,670,2032,2238,1523,1443
2025-06-24 14:53:28.112,1387,1612,1330,1140,1425,1319,2014,1747,1529,1445
2025-06-24 14:53:28.212,1400,1694,1408,1215,1466,1839,1984,1379,1527,1442
2025-06-24 14:53:28.312,1419,1763,1581,1294,1460,2253,1917,1386,1520,1437
2025-06-24 14:53:28.412,1423,1790,1783,1338,1395,2710,1776,1598,1531,1442
2025-06-24 14:53:28.512,1402,1776,1915,1423,1383,3127,1633,1765,1522,1442
2025-06-24 14:53:28.612,1407,1666,1924,1546,1375,3203,1341,1623,1525,1440
2025-06-24 14:53:28.712,1413,1629,1877,1622,1312,3139,1065,637,1529,1443
2025-06-24 14:53:28.812,1455,1586,1710,1679,1312,3382,827,87,1531,1446
2025-06-24 14:53:28.911,1483,1614,1531,1734,1261,2579,723,58,1530,1444
2025-06-24 14:53:29.010,1501,1584,1501,1766,1375,1383,742,175,1527,1443
2025-06-24 14:53:29.110,1507,1533,1598,1857,1445,578,912,0,1535,1454
2025-06-24 14:53:29.210,1511,1466,1615,1877,1519,227,1133,0,1526,1438
2025-06-24 14:53:29.310,1517,1461,1470,1881,1612,407,1443,0,1526,1439
2025-06-24 14:53:29.410,1518,1488,1395,1839,1717,895,1779,0,1525,1425
2025-06-24 14:53:29.510,1516,1584,1394,1710,1728,697,1994,0,1525,1440
2025-06-24 14:53:29.610,1520,1511,1294,1639,1719,139,2128,0,1522,1434
2025-06-24 14:53:29.710,1522,1412,1169,1552,1710,0,2064,855,1520,1433
2025-06-24 14:53:29.810,1552,1333,1163,1521,1686,103,2000,1205,1522,1437
2025-06-24 14:53:29.909,1551,1322,1161,1527,1621,676,2005,1161,1535,1453
2025-06-24 14:53:30.009,1485,1303,1152,1442,1633,1290,2007,737,1520,1440
2025-06-24 14:53:30.109,1419,1328,1168,1485,1546,1812,1920,669,1521,1437
2025-06-24 14:53:30.209,1382,1392,1221,1510,1469,2378,1705,557,1530,1442
2025-06-24 14:53:30.309,1378,1488,1368,1514,1464,3002,1527,917,1525,1441
2025-06-24 14:53:30.409,1409,1571,1569,1520,1456,3607,1274,1552,1522,1441
2025-06-24 14:53:30.508,1430,1655,1765,1445,1424,3933,1044,1680,1520,1439
2025-06-24 14:53:30.608,1426,1696,1936,1515,1451,3846,938,1699,1520,1435
2025-06-24 14:53:30.708,1408,1722,2037,1514,1360,3905,977,1040,1526,1440
2025-06-24 14:53:30.808,1453,1734,1970,1520,1311,2624,987,688,1535,1450
2025-06-24 14:53:30.908,1485,1680,1863,1577,1320,1278,1136,576,1535,1449
2025-06-24 14:53:31.007,1490,1649,1680,1563,1337,444,1313,426,1533,1445
2025-06-24 14:53:31.107,1503,1635,1531,1607,1383,176,1565,391,1531,1444
2025-06-24 14:53:31.207,1517,1655,1487,1526,1483,421,1849,833,1525,1445
2025-06-24 14:53:31.307,1519,1646,1566,1472,1535,771,2007,1628,1526,1445
2025-06-24 14:53:31.407,1504,1558,1666,1488,1694,239,2121,2359,1523,1434
2025-06-24 14:53:31.507,1505,1472,1587,1523,1766,0,2000,2928,1523,1440
2025-06-24 14:53:31.607,1535,1431,1519,1551,1706,0,1814,3759,1517,1435
2025-06-24 14:53:31.707,1518,1424,1414,1595,1659,0,1777,4095,1518,1430
2025-06-24 14:53:31.806,1543,1535,1293,1584,1585,320,1785,4095,1527,1439
2025-06-24 14:53:31.906,1552,1489,1164,1458,1495,990,1632,4095,1533,1445
2025-06-24 14:53:32.006,1552,1424,1145,1433,1482,1712,1501,3566,1534,1452
2025-06-24 14:53:32.106,1517,1370,1157,1549,1486,2470,1361,2494,1549,1456
2025-06-24 14:53:32.206,1448,1360,1234,1623,1472,3284,1246,1033,1531,1446
2025-06-24 14:53:32.306,1422,1391,1382,1600,1530,4095,1010,381,1529,1447
2025-06-24 14:53:32.405,1361,1389,1497,1600,1520,4095,960,602,1529,1439
2025-06-24 14:53:32.504,1371,1451,1571,1574,1494,4095,971,1229,1535,1449
2025-06-24 14:53:32.604,1391,1514,1628,1492,1523,4095,1028,1674,1523,1446
2025-06-24 14:53:32.704,1406,1597,1669,1501,1488,3165,1125,1509,1523,1442
2025-06-24 14:53:32.804,1397,1680,1665,1495,1298,1728,1328,1435,1534,1445
2025-06-24 14:53:32.904,1408,1714,1581,1440,1239,734,1488,1584,1529,1438
2025-06-24 14:53:33.003,1429,1760,1520,1501,1296,357,1741,1759,1525,1440
2025-06-24 14:53:33.103,1456,1745,1419,1553,1344,505,1967,1986,1526,1442
2025-06-24 14:53:33.203,1487,1675,1365,1543,1391,603,1936,2422,1523,1445
2025-06-24 14:53:33.303,1508,1605,1349,1488,1460,0,1840,3041,1530,1445
2025-06-24 14:53:33.403,1521,1546,1327,1519,1651,0,1849,4030,1526,1442
2025-06-24 14:53:33.502,1517,1573,1207,1581,1716,0,1847,3591,1526,1441
2025-06-24 14:53:33.602,1522,1577,1216,1520,1719,0,1797,3061,1519,1434
2025-06-24 14:53:33.702,1535,1514,1287,1518,1659,267,1667,2783,1525,1438
2025-06-24 14:53:33.802,1526,1487,1162,1483,1561,1079,1602,2679,1521,1439
2025-06-24 14:53:33.902,1520,1446,1087,1473,1491,1915,1239,2576,1520,1434
2025-06-24 14:53:33.999,1502,1482,1124,1463,1445,2733,1099,2158,1524,1454
2025-06-24 14:53:34.101,1498,1584,1265,1499,1456,3649,922,1680,1520,1439
2025-06-24 14:53:34.201,1490,1527,1397,1479,1458,4095,923,1739,1520,1435
2025-06-24 14:53:34.301,1461,1433,1542,1519,1535,4095,798,2053,1526,1445
2025-06-24 14:53:34.400,1407,1389,1619,1486,1627,4095,878,2432,1534,1449
2025-06-24 14:53:34.499,1364,1367,1637,1505,1654,4095,1066,2569,1526,1446
2025-06-24 14:53:34.599,1349,1373,1648,1511,1643,3425,1316,2003,1527,1444
2025-06-24 14:53:34.699,1344,1390,1696,1487,1598,1943,1553,622,1531,1446
2025-06-24 14:53:34.799,1358,1408,1686,1527,1430,887,1850,0,1524,1439
2025-06-24 14:53:34.899,1337,1471,1691,1572,1330,578,1990,0,1533,1443
2025-06-24 14:53:34.998,1309,1552,1575,1552,1314,656,2065,0,1520,1435
2025-06-24 14:53:35.098,1319,1648,1502,1520,1323,384,2099,432,1523,1439
2025-06-24 14:53:35.198,1341,1685,1434,1549,1392,0,2075,1109,1526,1440
2025-06-24 14:53:35.298,1344,1718,1447,1458,1391,0,2019,1693,1525,1439
2025-06-24 14:53:35.398,1359,1717,1501,1487,1463,0,1855,2298,1527,1442
2025-06-24 14:53:35.497,1366,1683,1611,1487,1652,0,1780,2435,1530,1450
2025-06-24 14:53:35.597,1392,1664,1610,1499,1681,300,1568,2482,1524,1443
2025-06-24 14:53:35.697,1408,1627,1582,1474,1661,1247,1249,2671,1526,1442
2025-06-24 14:53:35.800,1395,1651,1523,1505,1563,2227,1070,2690,1523,1442
2025-06-24 14:53:35.899,1398,1645,1301,1527,1456,3101,811,2624,1522,1441
2025-06-24 14:53:35.999,1407,1563,1220,1500,1437,4095,647,2388,1520,1445
2025-06-24 14:53:36.098,1442,1497,1107,1437,1471,4095,675,1741,1520,1434
2025-06-24 14:53:36.197,1451,1465,1040,1503,1488,4095,765,1076,1521,1435
2025-06-24 14:53:36.296,1431,1443,1037,1552,1525,4095,927,991,1520,1436
2025-06-24 14:53:36.396,1435,1534,1061,1518,1609,4095,1207,1344,1541,1449
2025-06-24 14:53:36.496,1374,1516,1206,1504,1618,3421,1604,1806,1545,1457
2025-06-24 14:53:36.596,1311,1429,1365,1477,1661,1968,1963,1663,1525,1439
2025-06-24 14:53:36.696,1287,1367,1453,1383,1666,980,2239,1056,1527,1440
2025-06-24 14:53:36.797,1329,1360,1578,1287,1527,627,2243,621,1527,1439
2025-06-24 14:53:36.892,1421,1377,1706,1168,1389,671,2247,755,1520,1435
2025-06-24 14:53:36.992,1518,1411,1759,1111,1328,0,2256,1167,1520,1443
2025-06-24 14:53:37.091,1579,1444,1728,1088,1351,0,2270,1813,1520,1435
2025-06-24 14:53:37.191,1577,1503,1662,1135,1344,0,2109,2435,1518,1431
2025-06-24 14:53:37.291,1553,1593,1666,1153,1439,0,1758,3244,1526,1441
2025-06-24 14:53:37.391,1555,1636,1612,1275,1455,0,1605,4095,1525,1440
2025-06-24 14:53:37.490,1567,1717,1622,1413,1510,553,1253,4095,1531,1456
2025-06-24 14:53:37.590,1583,1742,1707,1483,1626,1596,833,4095,1531,1444
2025-06-24 14:53:37.689,1563,1726,1745,1522,1635,2529,559,4095,1527,1441
2025-06-24 14:53:37.788,1522,1675,1635,1629,1491,3469,504,4095,1523,1439
2025-06-24 14:53:37.887,1521,1631,1472,1634,1392,4095,574,4095,1520,1439
2025-06-24 14:53:37.987,1535,1599,1408,1650,1398,4095,714,4095,1527,1440
2025-06-24 14:53:38.087,1584,1584,1234,1756,1408,4095,1104,3912,1521,1433
2025-06-24 14:53:38.187,1616,1570,1158,1875,1419,4095,1455,2630,1541,1453
2025-06-24 14:53:38.286,1630,1488,1154,1872,1521,4095,1729,2146,1529,1446
2025-06-24 14:53:38.386,1601,1445,1186,1736,1616,3201,2077,1985,1524,1440
2025-06-24 14:53:38.485,1561,1437,1261,1707,1686,1871,2181,1843,1522,1435
2025-06-24 14:53:38.584,1545,1423,1402,1718,1712,955,2266,1677,1535,1451
2025-06-24 14:53:38.683,1493,1568,1578,1697,1725,599,2237,1035,1546,1451
2025-06-24 14:53:38.783,1424,1535,1709,1648,1675,613,2240,143,1534,1449
2025-06-24 14:53:38.882,1405,1472,1840,1621,1481,0,2192,0,1532,1445
2025-06-24 14:53:38.981,1419,1439,1887,1559,1389,0,1995,0,1527,1442
2025-06-24 14:53:39.080,1442,1426,1922,1455,1350,0,1808,0,1531,1442
2025-06-24 14:53:39.180,1488,1418,1865,1473,1339,0,1697,0,1520,1431
2025-06-24 14:53:39.279,1522,1447,1791,1520,1371,0,1245,0,1520,1438
2025-06-24 14:53:39.379,1552,1502,1746,1520,1409,722,888,688,1523,1441
2025-06-24 14:53:39.478,1570,1553,1648,1520,1467,1744,640,1723,1526,1442
2025-06-24 14:53:39.577,1563,1595,1548,1475,1635,2672,498,2458,1524,1443
2025-06-24 14:53:39.677,1573,1587,1506,1511,1633,3677,469,2800,1521,1452
2025-06-24 14:53:39.777,1592,1643,1568,1477,1519,4095,679,2896,1524,1441
2025-06-24 14:53:39.876,1627,1668,1643,1503,1439,4095,997,2881,1526,1445
2025-06-24 14:53:39.976,1600,1646,1649,1457,1383,4095,1488,2677,1532,1445
2025-06-24 14:53:40.075,1591,1621,1569,1494,1380,4095,1917,2019,1520,1438
2025-06-24 14:53:40.175,1585,1619,1473,1552,1397,4095,2240,1282,1525,1459
2025-06-24 14:53:40.274,1580,1599,1426,1522,1431,2640,2314,1070,1535,1447
2025-06-24 14:53:40.374,1572,1614,1365,1481,1535,1583,2256,1099,1533,1446
2025-06-24 14:53:40.474,1552,1584,1199,1511,1647,757,2093,1118,1526,1443
2025-06-24 14:53:40.573,1521,1516,1139,1531,1635,552,2066,1190,1527,1442
2025-06-24 14:53:40.672,1487,1467,1130,1483,1663,667,2117,804,1530,1442
2025-06-24 14:53:40.772,1472,1456,1207,1421,1649,0,1983,301,1525,1437
2025-06-24 14:53:40.871,1474,1478,1398,1462,1643,0,1825,0,1541,1451
2025-06-24 14:53:40.971,1479,1601,1549,1522,1477,0,1763,0,1534,1430
2025-06-24 14:53:41.071,1472,1520,1664,1493,1391,0,1296,5,1526,1440
2025-06-24 14:53:41.171,1462,1472,1790,1520,1379,0,1015,479,1525,1441
2025-06-24 14:53:41.270,1469,1440,1845,1552,1382,691,738,1002,1520,1440
2025-06-24 14:53:41.370,1474,1387,1822,1558,1394,1681,642,1511,1520,1434
2025-06-24 14:53:41.469,1482,1375,1761,1494,1367,2555,797,2117,1517,1430
2025-06-24 14:53:41.569,1499,1388,1694,1530,1497,3411,957,2390,1519,1430
2025-06-24 14:53:41.668,1503,1440,1648,1531,1680,4095,1249,2446,1522,1434
2025-06-24 14:53:41.768,1506,1505,1679,1488,1680,4095,1516,2326,1529,1435
2025-06-24 14:53:41.868,1471,1597,1638,1491,1552,4095,1702,2159,1520,1436
2025-06-24 14:53:41.968,1473,1673,1749,1566,1486,4095,1971,1911,1533,1445
2025-06-24 14:53:42.068,1486,1693,1825,1552,1433,3478,2126,1400,1543,1455
2025-06-24 14:53:42.168,1510,1710,1901,1493,1354,2256,2095,1104,1527,1449
2025-06-24 14:53:42.268,1517,1697,1919,1515,1358,1182,2078,1228,1535,1449
2025-06-24 14:53:42.368,1518,1635,1766,1568,1471,550,2083,1414,1526,1441
2025-06-24 14:53:42.468,1520,1633,1648,1584,1542,386,2066,1578,1527,1440
2025-06-24 14:53:42.568,1523,1605,1519,1550,1624,596,2015,1515,1525,1440
2025-06-24 14:53:42.668,1519,1584,1355,1552,1727,261,1871,1075,1529,1441
2025-06-24 14:53:42.767,1521,1559,1227,1488,1774,0,1771,762,1527,1441
2025-06-24 14:53:42.867,1524,1489,1200,1543,1729,0,1420,730,1526,1443
2025-06-24 14:53:42.967,1535,1409,1296,1441,1642,0,1075,645,1526,1441
2025-06-24 14:53:43.067,1517,1419,1466,1483,1447,7,781,831,1523,1433
2025-06-24 14:53:43.167,1508,1460,1562,1535,1323,655,496,1098,1531,1441
2025-06-24 14:53:43.267,1503,1552,1616,1504,1347,1469,586,1501,1520,1436
2025-06-24 14:53:43.367,1488,1518,1648,1521,1362,2348,779,1824,1522,1441
2025-06-24 14:53:43.467,1472,1482,1555,1552,1439,3106,1030,2156,1526,1441
2025-06-24 14:53:43.566,1459,1425,1467,1581,1432,4028,1360,2267,1528,1439
2025-06-24 14:53:43.666,1442,1437,1389,1589,1483,4095,1726,2223,1520,1437
2025-06-24 14:53:43.766,1438,1454,1318,1543,1584,4095,2064,2089,1520,1438
2025-06-24 14:53:43.866,1440,1471,1309,1520,1568,4095,2261,1866,1520,1436
2025-06-24 14:53:43.966,1453,1530,1403,1517,1485,3360,2150,1398,1534,1447
2025-06-24 14:53:44.065,1457,1562,1543,1510,1415,2163,1909,1019,1541,1449
2025-06-24 14:53:44.165,1461,1599,1726,1518,1311,1125,1875,999,1546,1451
2025-06-24 14:53:44.265,1462,1620,1747,1518,1343,613,1870,1195,1535,1450
2025-06-24 14:53:44.365,1438,1655,1566,1520,1394,588,1808,1411,1531,1445
2025-06-24 14:53:44.465,1444,1655,1399,1549,1455,848,1746,1543,1535,1447
2025-06-24 14:53:44.565,1469,1629,1285,1579,1584,727,1616,1200,1526,1445
2025-06-24 14:53:44.665,1488,1594,1131,1472,1683,0,1268,1216,1531,1437
2025-06-24 14:53:44.764,1493,1612,971,1466,1730,0,930,1255,1522,1437
2025-06-24 14:53:44.864,1503,1613,945,1425,1728,0,669,1271,1523,1436
2025-06-24 14:53:44.964,1513,1600,976,1470,1728,0,595,1286,1530,1443
2025-06-24 14:53:45.063,1514,1550,1073,1504,1647,680,578,1327,1530,1442
2025-06-24 14:53:45.163,1519,1499,1269,1497,1503,1410,801,1552,1522,1439
2025-06-24 14:53:45.263,1519,1471,1542,1499,1377,2079,1120,1723,1517,1430
2025-06-24 14:53:45.363,1519,1485,1773,1557,1389,2834,1587,1837,1519,1431
2025-06-24 14:53:45.463,1522,1557,1901,1559,1380,3597,1833,2110,1523,1442
2025-06-24 14:53:45.562,1523,1644,2030,1530,1415,4095,2066,2247,1520,1435
2025-06-24 14:53:45.662,1520,1611,2158,1510,1445,4095,2218,2225,1517,1428
2025-06-24 14:53:45.762,1507,1518,2257,1522,1483,4095,2230,1938,1524,1440
2025-06-24 14:53:45.866,1483,1457,2257,1575,1586,3261,2192,1472,1525,1441
2025-06-24 14:53:45.965,1467,1406,2166,1451,1588,2131,2124,1172,1529,1440
2025-06-24 14:53:46.064,1441,1375,1919,1237,1529,1101,1984,1181,1529,1442
2025-06-24 14:53:46.163,1435,1390,1727,1183,1486,403,1849,1208,1529,1441
2025-06-24 14:53:46.262,1431,1397,1660,1090,1375,273,1648,1296,1526,1442
2025-06-24 14:53:46.362,1431,1463,1659,1065,1419,507,1459,1357,1531,1444
2025-06-24 14:53:46.462,1445,1552,1525,1125,1403,688,1176,1023,1533,1454
2025-06-24 14:53:46.561,1453,1590,1386,1214,1461,21,957,919,1533,1449
2025-06-24 14:53:46.661,1451,1680,1276,1324,1553,0,864,1022,1534,1454
2025-06-24 14:53:46.761,1469,1717,1147,1453,1634,0,763,1098,1525,1441
2025-06-24 14:53:46.862,1430,1690,971,1477,1657,0,812,1126,1523,1439
2025-06-24 14:53:46.957,1421,1665,864,1503,1628,537,965,1188,1534,1443
2025-06-24 14:53:47.057,1447,1646,829,1587,1645,1280,1247,1299,1520,1437
2025-06-24 14:53:47.156,1471,1626,845,1696,1602,1943,1481,1344,1518,1430
2025-06-24 14:53:47.256,1483,1606,867,1789,1414,2602,1818,1424,1520,1438
2025-06-24 14:53:47.356,1491,1535,942,1790,1332,3274,2025,1652,1518,1437
2025-06-24 14:53:47.456,1481,1469,1023,1862,1327,3973,2240,1863,1523,1443
2025-06-24 14:53:47.556,1509,1441,1084,1828,1403,4095,2222,2091,1546,1456
2025-06-24 14:53:47.655,1510,1437,1069,1808,1461,4095,2080,2047,1534,1450
2025-06-24 14:53:47.755,1519,1504,1079,1782,1495,3520,2014,1728,1523,1440
2025-06-24 14:53:47.855,1516,1557,1054,1757,1493,2504,2013,1294,1524,1431
2025-06-24 14:53:47.955,1509,1517,1104,1699,1598,1363,1853,1170,1527,1440
2025-06-24 14:53:48.055,1505,1462,1146,1599,1614,528,1611,1287,1535,1455
2025-06-24 14:53:48.155,1488,1428,1249,1542,1602,257,1403,1467,1530,1445
2025-06-24 14:53:48.255,1488,1408,1424,1459,1584,474,1168,1621,1530,1446
2025-06-24 14:53:48.355,1486,1445,1379,1482,1552,897,862,1560,1530,1446
2025-06-24 14:53:48.454,1470,1481,1294,1542,1558,406,633,993,1522,1435
2025-06-24 14:53:48.554,1447,1511,1315,1564,1531,0,603,979,1526,1440
2025-06-24 14:53:48.653,1424,1554,1251,1506,1487,0,737,1167,1533,1451
2025-06-24 14:53:48.752,1426,1601,1324,1417,1552,0,890,1310,1535,1451
2025-06-24 14:53:48.852,1429,1655,1407,1433,1534,326,1061,1427,1527,1445
2025-06-24 14:53:48.952,1440,1649,1531,1474,1518,930,1439,1399,1525,1437
2025-06-24 14:53:49.051,1444,1643,1641,1562,1458,1572,1806,1516,1519,1433
2025-06-24 14:53:49.151,1449,1629,1683,1559,1427,2320,2175,1697,1517,1431
2025-06-24 14:53:49.251,1424,1603,1735,1535,1398,3101,2311,1818,1519,1430
2025-06-24 14:53:49.351,1419,1565,1776,1645,1335,3982,2315,1949,1516,1438
2025-06-24 14:53:49.451,1438,1556,1776,1594,1343,4095,2192,2315,1529,1443
2025-06-24 14:53:49.551,1469,1530,1763,1531,1355,4095,2079,2567,1527,1442
2025-06-24 14:53:49.650,1485,1477,1716,1515,1357,4095,2000,2422,1522,1443
2025-06-24 14:53:49.750,1500,1466,1613,1507,1470,2957,1895,2027,1533,1445
2025-06-24 14:53:49.849,1508,1446,1570,1520,1510,1773,1743,1475,1535,1450
2025-06-24 14:53:49.949,1520,1487,1478,1469,1590,823,1534,1245,1551,1453
2025-06-24 14:53:50.049,1532,1527,1468,1488,1682,435,1039,1334,1533,1445
2025-06-24 14:53:50.148,1524,1574,1424,1521,1678,575,784,1553,1527,1445
2025-06-24 14:53:50.248,1529,1501,1481,1527,1709,1008,592,1600,1535,1451
2025-06-24 14:53:50.348,1523,1459,1550,1510,1598,742,630,1379,1518,1429
2025-06-24 14:53:50.448,1501,1430,1597,1509,1557,0,689,579,1517,1427
2025-06-24 14:53:50.547,1482,1431,1635,1504,1570,0,871,532,1524,1440
2025-06-24 14:53:50.646,1488,1471,1689,1509,1555,0,1092,736,1523,1439
2025-06-24 14:53:50.746,1458,1501,1671,1531,1579,176,1414,855,1522,1440
2025-06-24 14:53:50.845,1458,1522,1551,1472,1612,752,1836,867,1519,1435
2025-06-24 14:53:50.945,1425,1552,1443,1513,1550,1461,2164,949,1527,1443
2025-06-24 14:53:51.044,1422,1621,1360,1517,1467,2221,2341,1081,1532,1443
2025-06-24 14:53:51.144,1438,1651,1344,1552,1358,2966,2250,1212,1520,1438
2025-06-24 14:53:51.244,1446,1680,1415,1515,1404,3775,2073,1339,1519,1434
2025-06-24 14:53:51.344,1461,1670,1470,1515,1414,4095,2128,1472,1520,1447
2025-06-24 14:53:51.444,1456,1653,1587,1527,1312,4095,2176,1998,1524,1440
2025-06-24 14:53:51.544,1471,1633,1728,1578,1309,4095,2097,2535,1523,1441
2025-06-24 14:53:51.644,1423,1623,1813,1526,1368,3147,1917,2601,1520,1430
2025-06-24 14:53:51.744,1430,1582,1863,1524,1406,1943,1683,2059,1526,1441
2025-06-24 14:53:51.844,1477,1504,1885,1531,1486,945,1232,1533,1548,1451
2025-06-24 14:53:51.944,1490,1450,1871,1493,1519,465,880,1331,1550,1456
2025-06-24 14:53:52.044,1513,1407,1809,1489,1658,458,573,1296,1535,1447
2025-06-24 14:53:52.143,1499,1419,1806,1526,1734,817,488,1547,1534,1442
2025-06-24 14:53:52.243,1499,1462,1835,1495,1681,743,522,1765,1545,1456
2025-06-24 14:53:52.343,1508,1546,1849,1493,1589,0,807,1565,1531,1447
2025-06-24 14:53:52.443,1509,1570,1873,1581,1578,0,1123,919,1526,1446
2025-06-24 14:53:52.543,1479,1503,1757,1508,1511,0,1459,898,1523,1439
2025-06-24 14:53:52.642,1502,1471,1586,1499,1511,140,1787,1089,1526,1439
2025-06-24 14:53:52.741,1514,1488,1487,1584,1481,736,2146,1251,1522,1427
2025-06-24 14:53:52.841,1511,1531,1312,1455,1549,1425,2366,1296,1526,1439
2025-06-24 14:53:52.941,1487,1551,1184,1488,1531,2109,2400,1380,1525,1443
2025-06-24 14:53:53.041,1445,1547,1072,1550,1521,2826,2307,1553,1522,1433
2025-06-24 14:53:53.140,1421,1566,1103,1531,1499,3651,2149,1605,1519,1438
2025-06-24 14:53:53.240,1422,1586,1115,1555,1459,4095,2217,1792,1520,1433
2025-06-24 14:53:53.340,1437,1584,1190,1554,1395,4095,2127,1977,1517,1431
2025-06-24 14:53:53.440,1450,1553,1328,1558,1331,4095,1951,2371,1521,1437
2025-06-24 14:53:53.540,1463,1554,1477,1511,1357,3133,1766,2491,1531,1449
2025-06-24 14:53:53.639,1445,1527,1693,1445,1360,1958,1390,2266,1533,1447
2025-06-24 14:53:53.739,1439,1571,1840,1430,1335,982,1059,1647,1535,1451
2025-06-24 14:53:53.839,1443,1602,1971,1489,1441,463,879,985,1535,1450
2025-06-24 14:53:53.939,1463,1635,1998,1484,1532,565,669,657,1535,1451
2025-06-24 14:53:54.039,1485,1611,1936,1469,1664,944,618,550,1529,1440
2025-06-24 14:53:54.138,1487,1518,1867,1467,1679,939,749,592,1521,1439
2025-06-24 14:53:54.238,1499,1451,1733,1494,1689,113,950,689,1529,1438
2025-06-24 14:53:54.338,1503,1421,1683,1503,1648,0,1263,278,1535,1453
2025-06-24 14:53:54.438,1503,1472,1652,1481,1605,0,1613,0,1542,1452
2025-06-24 14:53:54.538,1500,1522,1620,1531,1555,122,1969,181,1531,1450
2025-06-24 14:53:54.638,1497,1619,1632,1507,1488,734,2254,705,1523,1447
2025-06-24 14:53:54.738,1505,1587,1490,1466,1504,1370,2258,1081,1527,1442
2025-06-24 14:53:54.838,1500,1527,1423,1520,1515,2047,2055,1345,1521,1434
2025-06-24 14:53:54.938,1511,1493,1255,1497,1594,2765,1978,1541,1514,1431
2025-06-24 14:53:55.038,1518,1462,1200,1480,1589,3447,1943,1733,1520,1445
2025-06-24 14:53:55.138,1509,1415,1197,1520,1555,4095,1843,1790,1522,1436
2025-06-24 14:53:55.238,1472,1408,1243,1505,1535,4095,1725,1971,1518,1430
2025-06-24 14:53:55.338,1413,1456,1424,1519,1491,4041,1567,2075,1524,1434
2025-06-24 14:53:55.438,1409,1524,1546,1553,1373,3223,1258,2277,1528,1441
2025-06-24 14:53:55.538,1411,1579,1639,1552,1330,1933,1028,2544,1535,1455
2025-06-24 14:53:55.638,1443,1607,1738,1505,1304,890,781,2256,1530,1440
2025-06-24 14:53:55.737,1465,1616,1763,1421,1331,398,645,1626,1530,1445
2025-06-24 14:53:55.837,1472,1643,1779,1327,1392,394,666,1376,1530,1442
2025-06-24 14:53:55.941,1456,1648,1716,1191,1500,733,749,1364,1534,1451
2025-06-24 14:53:56.040,1442,1621,1655,1085,1569,762,945,1327,1533,1446
2025-06-24 14:53:56.139,1456,1617,1578,1151,1648,0,1268,1408,1526,1440
2025-06-24 14:53:56.238,1461,1584,1566,1232,1696,0,1643,1162,1524,1440
2025-06-24 14:53:56.338,1485,1484,1473,1237,1632,0,1893,716,1519,1434
2025-06-24 14:53:56.437,1493,1455,1410,1317,1559,32,2175,831,1518,1435
2025-06-24 14:53:56.536,1498,1457,1473,1392,1505,607,2207,1089,1521,1439
2025-06-24 14:53:56.636,1491,1490,1577,1447,1445,1289,2134,1301,1531,1445
2025-06-24 14:53:56.736,1502,1561,1563,1549,1482,2053,2020,1443,1520,1433
2025-06-24 14:53:56.836,1511,1643,1453,1678,1471,2806,1876,1497,1524,1441
2025-06-24 14:53:56.937,1514,1651,1381,1758,1541,3691,1863,1579,1520,1435
2025-06-24 14:53:57.032,1513,1570,1293,1744,1630,4095,1773,1602,1529,1445
2025-06-24 14:53:57.132,1503,1451,1238,1745,1599,4095,1559,1678,1529,1444
2025-06-24 14:53:57.232,1471,1377,1213,1758,1552,4095,1207,1805,1520,1435
2025-06-24 14:53:57.332,1510,1391,1227,1773,1584,3906,992,1930,1530,1443
2025-06-24 14:53:57.432,1488,1422,1243,1695,1494,2297,768,2081,1535,1448
2025-06-24 14:53:57.532,1444,1420,1330,1706,1345,1108,650,2371,1535,1448
2025-06-24 14:53:57.631,1418,1459,1423,1711,1349,429,615,2453,1533,1442
2025-06-24 14:53:57.730,1414,1526,1461,1721,1363,331,763,1939,1523,1439
2025-06-24 14:53:57.830,1439,1607,1584,1682,1421,661,942,1552,1535,1452
2025-06-24 14:53:57.930,1456,1648,1648,1721,1410,732,1314,1422,1533,1446
2025-06-24 14:53:58.030,1472,1664,1727,1601,1482,0,1687,1440,1525,1440
2025-06-24 14:53:58.130,1470,1665,1791,1547,1643,0,2032,1406,1532,1446
2025-06-24 14:53:58.230,1442,1647,1850,1549,1699,0,2313,762,1535,1454
2025-06-24 14:53:58.330,1442,1637,1861,1513,1647,0,2434,357,1531,1445
2025-06-24 14:53:58.430,1455,1632,1758,1535,1584,394,2292,443,1521,1438
2025-06-24 14:53:58.530,1476,1589,1599,1488,1474,1189,2128,791,1525,1439
2025-06-24 14:53:58.629,1495,1546,1563,1473,1406,2046,2070,1083,1519,1433
2025-06-24 14:53:58.728,1509,1485,1582,1469,1412,2851,1929,1342,1523,1439
2025-06-24 14:53:58.828,1533,1459,1457,1463,1475,3862,1825,1385,1520,1431
2025-06-24 14:53:58.928,1525,1475,1334,1534,1566,4095,1669,1323,1530,1445
2025-06-24 14:53:59.029,1522,1488,1306,1534,1632,4095,1410,1293,1520,1439
2025-06-24 14:53:59.128,1520,1584,1158,1546,1637,4095,1008,1323,1519,1434
2025-06-24 14:53:59.228,1517,1591,1079,1472,1600,4095,841,1408,1521,1440
2025-06-24 14:53:59.327,1507,1523,1095,1488,1599,2526,703,1488,1533,1445
2025-06-24 14:53:59.426,1525,1481,1123,1543,1499,1375,697,1733,1535,1447
2025-06-24 14:53:59.526,1527,1433,1183,1585,1360,613,733,2011,1527,1439
2025-06-24 14:53:59.625,1515,1430,1320,1570,1293,385,1021,1809,1527,1441
2025-06-24 14:53:59.725,1472,1461,1359,1505,1356,636,1422,1245,1520,1433
2025-06-24 14:53:59.825,1427,1476,1552,1454,1395,687,1777,1047,1521,1438
2025-06-24 14:53:59.925,1421,1511,1832,1461,1426,0,2047,1194,1526,1431
2025-06-24 14:54:00.023,1435,1547,1899,1500,1471,0,2334,1383,1526,1444
2025-06-24 14:54:00.129,1465,1616,1831,1470,1555,0,2365,1534,1535,1445
2025-06-24 14:54:00.223,1486,1670,1751,1474,1650,0,2239,965,1534,1445
2025-06-24 14:54:00.322,1479,1696,1659,1502,1680,359,2025,528,1535,1450
2025-06-24 14:54:00.422,1466,1696,1561,1544,1599,1054,1907,816,1531,1446
2025-06-24 14:54:00.521,1468,1612,1474,1550,1488,1770,1857,1241,1523,1434
2025-06-24 14:54:00.621,1475,1598,1424,1551,1423,2593,1769,1469,1517,1431
2025-06-24 14:54:00.720,1481,1577,1491,1570,1395,3664,1571,1690,1521,1437
2025-06-24 14:54:00.820,1488,1566,1505,1534,1367,4095,1410,1778,1531,1442
2025-06-24 14:54:00.919,1503,1556,1408,1547,1456,4095,1117,1893,1532,1438
2025-06-24 14:54:01.019,1495,1520,1355,1559,1578,4095,898,1937,1525,1442
2025-06-24 14:54:01.119,1489,1480,1297,1534,1680,4095,722,2023,1525,1442
2025-06-24 14:54:01.219,1489,1478,1109,1502,1648,2836,716,2192,1533,1451
2025-06-24 14:54:01.319,1491,1493,1115,1499,1627,1434,765,2355,1523,1438
2025-06-24 14:54:01.419,1505,1600,1046,1495,1617,541,912,2635,1527,1446
2025-06-24 14:54:01.519,1503,1568,1118,1450,1490,314,1198,2607,1529,1446
2025-06-24 14:54:01.618,1511,1438,1056,1514,1355,510,1486,2320,1534,1445
2025-06-24 14:54:01.717,1520,1323,960,1530,1318,460,1748,1776,1535,1447
2025-06-24 14:54:01.817,1461,1325,971,1519,1377,0,2061,1392,1532,1443
2025-06-24 14:54:01.916,1382,1379,1115,1515,1424,0,2268,1231,1532,1443
2025-06-24 14:54:02.015,1343,1423,1407,1553,1431,0,2147,1264,1525,1439
2025-06-24 14:54:02.114,1337,1390,1755,1558,1488,0,2071,1271,1523,1440
2025-06-24 14:54:02.214,1362,1415,2032,1574,1585,466,2044,661,1523,1435
2025-06-24 14:54:02.313,1402,1498,2224,1569,1640,1285,2074,370,1530,1446
2025-06-24 14:54:02.412,1410,1595,2319,1550,1589,2187,1939,544,1534,1447
2025-06-24 14:54:02.512,1407,1680,2183,1515,1513,3024,1702,816,1541,1455
2025-06-24 14:54:02.612,1419,1717,2027,1491,1366,4082,1494,1156,1521,1437
2025-06-24 14:54:02.711,1424,1734,1964,1473,1379,4095,1168,1437,1526,1443
2025-06-24 14:54:02.811,1413,1677,1891,1541,1381,4095,1033,1563,1520,1434
2025-06-24 14:54:02.911,1471,1684,1907,1534,1461,4095,851,1642,1533,1443
2025-06-24 14:54:03.011,1501,1667,1820,1520,1547,4095,752,1632,1526,1435
2025-06-24 14:54:03.110,1515,1661,1590,1552,1668,2865,816,1698,1520,1438
2025-06-24 14:54:03.209,1527,1601,1451,1513,1712,1479,960,1891,1535,1451
2025-06-24 14:54:03.308,1544,1563,1222,1506,1694,628,1275,2083,1526,1438
2025-06-24 14:54:03.408,1543,1525,1029,1487,1698,379,1553,2362,1521,1437
2025-06-24 14:54:03.508,1552,1557,974,1500,1565,587,1897,2542,1531,1442
2025-06-24 14:54:03.608,1561,1579,941,1473,1446,662,2162,1959,1521,1438
2025-06-24 14:54:03.707,1563,1654,885,1456,1379,0,2223,1279,1525,1435
2025-06-24 14:54:03.807,1558,1584,902,1443,1333,0,2173,998,1526,1439
2025-06-24 14:54:03.907,1508,1522,891,1489,1319,0,2096,1009,1532,1442
2025-06-24 14:54:04.007,1450,1422,972,1510,1373,0,1967,1127,1534,1451
2025-06-24 14:54:04.106,1417,1369,1262,1583,1383,365,1886,1216,1529,1440
2025-06-24 14:54:04.205,1411,1386,1552,1520,1493,1302,1793,463,1533,1447
2025-06-24 14:54:04.305,1438,1382,1802,1510,1632,2082,1730,90,1527,1443
2025-06-24 14:54:04.404,1465,1397,2075,1525,1605,2829,1472,331,1518,1431
2025-06-24 14:54:04.503,1463,1440,2138,1520,1566,3799,1153,758,1520,1437
2025-06-24 14:54:04.603,1449,1514,2107,1489,1509,4095,976,1151,1525,1442
2025-06-24 14:54:04.702,1439,1617,1919,1499,1391,4095,818,1408,1530,1437
2025-06-24 14:54:04.802,1453,1680,1727,1474,1382,4095,773,1551,1527,1443
2025-06-24 14:54:04.901,1463,1691,1660,1443,1438,4095,765,1738,1527,1444
2025-06-24 14:54:04.999,1491,1685,1681,1473,1506,3043,869,1849,1515,1431
2025-06-24 14:54:05.100,1509,1663,1591,1551,1616,1662,1081,2064,1531,1442
2025-06-24 14:54:05.199,1515,1634,1434,1505,1671,649,1411,2177,1533,1447
2025-06-24 14:54:05.299,1520,1612,1373,1456,1711,266,1728,2293,1530,1440
2025-06-24 14:54:05.399,1521,1611,1190,1583,1719,335,1995,2432,1533,1435
2025-06-24 14:54:05.498,1522,1556,955,1517,1655,538,2016,2401,1526,1437
2025-06-24 14:54:05.598,1531,1474,930,1468,1554,0,1994,2235,1526,1440
2025-06-24 14:54:05.698,1522,1421,944,1544,1295,0,2000,1791,1522,1434
2025-06-24 14:54:05.798,1518,1376,897,1552,1274,0,1931,1475,1523,1441
2025-06-24 14:54:05.897,1523,1435,814,1569,1360,0,1807,1509,1542,1451
2025-06-24 14:54:05.999,1523,1559,755,1511,1373,167,1644,1507,1534,1453
2025-06-24 14:54:06.100,1488,1513,844,1375,1417,950,1545,1393,1526,1442
2025-06-24 14:54:06.199,1445,1439,1171,1232,1408,1823,1376,550,1528,1435
2025-06-24 14:54:06.298,1424,1405,1553,1171,1561,2688,1174,239,1520,1437
2025-06-24 14:54:06.397,1418,1395,1959,1056,1657,3717,896,491,1520,1431
2025-06-24 14:54:06.497,1426,1355,2261,1072,1659,4095,818,951,1518,1433
2025-06-24 14:54:06.597,1445,1395,2407,1173,1596,4095,727,1433,1520,1439
2025-06-24 14:54:06.696,1465,1439,2386,1248,1451,4095,765,1730,1518,1429
2025-06-24 14:54:06.796,1452,1520,2189,1401,1403,4095,962,2092,1523,1441
2025-06-24 14:54:06.896,1399,1602,2002,1509,1380,3277,1289,2353,1529,1433
2025-06-24 14:54:06.997,1409,1715,1883,1479,1456,1982,1584,2303,1533,1450
2025-06-24 14:54:07.092,1453,1762,1914,1616,1488,937,1854,2331,1534,1451
2025-06-24 14:54:07.192,1477,1742,2014,1648,1613,400,2064,2454,1531,1443
2025-06-24 14:54:07.291,1498,1708,2003,1717,1683,390,2177,2647,1545,1455
2025-06-24 14:54:07.391,1513,1663,1776,1743,1719,614,2132,2799,1535,1447
2025-06-24 14:54:07.490,1526,1616,1585,1883,1726,82,1966,2749,1534,1445
2025-06-24 14:54:07.590,1546,1553,1358,2074,1629,0,1984,2516,1522,1441
2025-06-24 14:54:07.689,1550,1489,1191,1978,1547,0,1899,1916,1521,1435
2025-06-24 14:54:07.789,1546,1499,1095,1823,1412,0,1849,1514,1523,1435
2025-06-24 14:54:07.889,1541,1487,1103,1680,1375,144,1806,1398,1533,1450
2025-06-24 14:54:07.989,1525,1470,1152,1547,1353,906,1577,1395,1527,1439
2025-06-24 14:54:08.088,1520,1449,1209,1501,1398,1751,1215,1317,1521,1436
2025-06-24 14:54:08.188,1522,1439,1360,1407,1392,2512,964,310,1520,1439
2025-06-24 14:54:08.287,1487,1543,1485,1268,1447,3277,725,0,1529,1443
2025-06-24 14:54:08.387,1423,1567,1645,1295,1475,4095,613,0,1525,1442
2025-06-24 14:54:08.487,1418,1520,1783,1390,1606,4095,688,495,1533,1450
2025-06-24 14:54:08.587,1425,1488,1814,1447,1598,4095,869,983,1535,1456
2025-06-24 14:54:08.687,1453,1477,1758,1425,1535,4095,1111,1360,1535,1456
2025-06-24 14:54:08.786,1454,1455,1735,1454,1514,3280,1425,1638,1524,1440
2025-06-24 14:54:08.886,1455,1445,1729,1458,1441,2062,1746,1835,1522,1441
2025-06-24 14:54:08.986,1445,1503,1648,1534,1376,995,2151,2000,1526,1445
2025-06-24 14:54:09.085,1443,1533,1618,1598,1424,354,2320,2098,1523,1439
2025-06-24 14:54:09.185,1453,1535,1572,1603,1495,289,2192,2202,1520,1422
2025-06-24 14:54:09.284,1465,1559,1431,1642,1564,540,2176,2240,1520,1442
2025-06-24 14:54:09.384,1479,1616,1301,1658,1676,528,2167,2316,1520,1435
2025-06-24 14:54:09.483,1492,1664,1267,1632,1776,0,1989,2285,1523,1439
2025-06-24 14:54:09.582,1494,1631,1162,1466,1690,0,1936,1722,1519,1431
2025-06-24 14:54:09.682,1494,1587,1152,1491,1573,0,1795,1143,1521,1437
2025-06-24 14:54:09.782,1485,1584,1183,1535,1459,350,1472,892,1531,1442
2025-06-24 14:54:09.881,1492,1567,1239,1570,1393,1067,1054,923,1535,1450
2025-06-24 14:54:09.980,1501,1531,1782,1595,1387,1715,795,1029,1527,1443
2025-06-24 14:54:10.080,1509,1502,1919,1627,1404,2347,635,1099,1529,1445
2025-06-24 14:54:10.180,1507,1457,1751,1632,1402,2966,569,527,1522,1438
2025-06-24 14:54:10.280,1503,1441,1701,1618,1427,3727,704,480,1527,1443
2025-06-24 14:54:10.380,1473,1438,1550,1570,1476,4095,925,718,1520,1439
2025-06-24 14:54:10.479,1452,1474,1397,1504,1559,3917,1209,996,1520,1436
2025-06-24 14:54:10.579,1392,1584,1259,1471,1624,3411,1487,1294,1520,1434
2025-06-24 14:54:10.678,1399,1600,1117,1484,1623,3221,1680,1616,1531,1444
2025-06-24 14:54:10.778,1426,1529,1082,1519,1488,2171,1969,1750,1527,1443
2025-06-24 14:54:10.877,1457,1489,1076,1519,1425,1037,2240,1794,1531,1444
2025-06-24 14:54:10.977,1485,1473,1091,1510,1473,275,2227,1818,1527,1442
2025-06-24 14:54:11.076,1472,1479,1086,1513,1429,117,2093,1787,1541,1450
2025-06-24 14:54:11.176,1465,1489,1086,1510,1429,372,2023,1877,1529,1443
2025-06-24 14:54:11.275,1465,1515,1126,1484,1473,656,2112,1866,1529,1447
2025-06-24 14:54:11.375,1463,1535,1216,1460,1588,236,2064,2055,1523,1440
2025-06-24 14:54:11.475,1468,1617,1187,1441,1651,0,1851,2154,1528,1445
2025-06-24 14:54:11.575,1492,1657,1163,1462,1643,0,1774,1674,1525,1438
2025-06-24 14:54:11.674,1501,1665,1207,1514,1633,286,1291,1243,1533,1447
2025-06-24 14:54:11.774,1511,1664,1269,1502,1591,903,794,1023,1531,1447
2025-06-24 14:54:11.873,1499,1645,1358,1535,1535,1433,679,1119,1520,1431
2025-06-24 14:54:11.973,1495,1599,1470,1479,1408,2010,551,1210,1520,1433
2025-06-24 14:54:12.073,1535,1586,1581,1529,1367,2550,534,891,1523,1435
2025-06-24 14:54:12.173,1521,1579,1589,1482,1360,3130,747,615,1534,1453
2025-06-24 14:54:12.273,1531,1574,1616,1459,1394,3648,1017,660,1525,1443
2025-06-24 14:54:12.373,1546,1555,1610,1424,1424,3615,1360,967,1520,1437
2025-06-24 14:54:12.472,1533,1507,1643,1502,1438,3290,1739,1308,1520,1437
2025-06-24 14:54:12.572,1472,1483,1655,1533,1521,3255,2096,1669,1520,1440
2025-06-24 14:54:12.671,1413,1453,1600,1473,1633,2534,2320,1894,1521,1435
2025-06-24 14:54:12.770,1404,1449,1543,1498,1610,1372,2288,1926,1521,1440
2025-06-24 14:54:12.870,1426,1565,1514,1460,1555,521,2183,1926,1535,1449
2025-06-24 14:54:12.970,1442,1577,1471,1523,1498,238,2150,1936,1523,1440
2025-06-24 14:54:13.069,1460,1517,1492,1470,1439,407,2176,2071,1535,1445
2025-06-24 14:54:13.169,1456,1456,1607,1489,1437,769,2117,2143,1522,1439
2025-06-24 14:54:13.269,1454,1419,1648,1600,1437,422,1925,2234,1527,1439
2025-06-24 14:54:13.369,1456,1413,1599,1573,1489,0,1797,2429,1527,1442
2025-06-24 14:54:13.469,1469,1430,1500,1532,1574,0,1264,2416,1531,1444
2025-06-24 14:54:13.569,1485,1433,1335,1461,1667,7,880,1812,1535,1452
2025-06-24 14:54:13.668,1502,1475,1366,1509,1678,581,645,1316,1531,1442
2025-06-24 14:54:13.767,1513,1506,1450,1499,1619,1217,490,1134,1535,1452
2025-06-24 14:54:13.867,1490,1578,1472,1491,1489,1911,579,1188,1520,1438
2025-06-24 14:54:13.967,1506,1663,1584,1494,1485,2594,773,1373,1530,1446
2025-06-24 14:54:14.067,1523,1715,1648,1318,1382,3230,1058,964,1533,1449
2025-06-24 14:54:14.167,1519,1703,1817,1150,1312,4006,1381,451,1530,1449
2025-06-24 14:54:14.266,1520,1664,1923,1035,1385,4095,1731,519,1521,1440
2025-06-24 14:54:14.366,1515,1626,1920,1082,1523,3743,2096,811,1520,1436
2025-06-24 14:54:14.466,1507,1602,1904,1123,1520,3567,2290,1265,1522,1440
2025-06-24 14:54:14.566,1511,1623,1827,1181,1453,2767,2382,1604,1525,1439
2025-06-24 14:54:14.666,1505,1616,1659,1260,1498,1589,2256,1769,1522,1439
2025-06-24 14:54:14.766,1476,1558,1488,1339,1554,589,2081,1824,1526,1438
2025-06-24 14:54:14.865,1429,1469,1327,1463,1639,157,2131,1843,1527,1439
2025-06-24 14:54:14.965,1408,1403,1232,1529,1648,298,2030,1819,1525,1435
2025-06-24 14:54:15.064,1402,1411,1234,1622,1607,667,1856,1898,1520,1434
2025-06-24 14:54:15.164,1427,1483,1249,1684,1481,495,1674,2047,1523,1445
2025-06-24 14:54:15.263,1455,1519,1233,1696,1411,0,1422,2169,1530,1433
2025-06-24 14:54:15.362,1457,1424,1232,1746,1478,0,896,2388,1531,1449
2025-06-24 14:54:15.462,1426,1367,1290,1815,1475,0,576,2624,1527,1445
2025-06-24 14:54:15.562,1410,1360,1202,1829,1517,263,481,2207,1535,1454
2025-06-24 14:54:15.661,1415,1346,1098,1859,1581,900,495,1671,1525,1443
2025-06-24 14:54:15.761,1438,1348,1095,1856,1578,1524,625,1319,1533,1449
2025-06-24 14:54:15.860,1457,1411,1200,1806,1481,2197,881,1232,1524,1444
2025-06-24 14:54:15.960,1460,1489,1161,1702,1424,2970,1279,1317,1524,1445
2025-06-24 14:54:16.064,1495,1569,1126,1552,1429,3884,1568,1063,1521,1438
2025-06-24 14:54:16.163,1488,1678,1163,1523,1376,4095,1935,217,1531,1443
2025-06-24 14:54:16.263,1491,1759,1238,1554,1377,4095,2288,202,1528,1445
2025-06-24 14:54:16.363,1514,1790,1393,1529,1387,4095,2384,569,1522,1440
2025-06-24 14:54:16.462,1521,1770,1629,1510,1423,3280,2278,1095,1527,1445
2025-06-24 14:54:16.561,1535,1687,1843,1397,1472,1977,2176,1450,1535,1447
2025-06-24 14:54:16.661,1548,1620,1980,1402,1490,848,2095,1664,1529,1456
2025-06-24 14:54:16.760,1552,1619,2018,1467,1520,356,2080,1793,1530,1442
2025-06-24 14:54:16.860,1552,1601,2162,1490,1671,430,1985,1889,1520,1439
2025-06-24 14:54:16.960,1535,1632,2259,1444,1682,713,1834,1872,1515,1431
2025-06-24 14:54:17.061,1488,1591,2206,1489,1648,655,1789,1941,1521,1437
2025-06-24 14:54:17.156,1456,1583,2123,1552,1590,0,1319,1973,1522,1438
2025-06-24 14:54:17.256,1433,1503,2000,1613,1535,0,917,2114,1531,1445
2025-06-24 14:54:17.355,1429,1475,1758,1636,1505,0,590,2311,1545,1456
2025-06-24 14:54:17.455,1435,1583,1435,1583,1492,0,401,2494,1543,1456
2025-06-24 14:54:17.555,1446,1569,1285,1568,1513,560,459,2083,1531,1444
2025-06-24 14:54:17.654,1461,1451,1064,1505,1552,1307,720,1458,1534,1446
2025-06-24 14:54:17.754,1446,1392,917,1535,1532,2147,1003,1185,1529,1450
2025-06-24 14:54:17.853,1395,1360,915,1533,1557,2976,1296,1110,1520,1435
2025-06-24 14:54:17.953,1392,1343,944,1523,1520,4023,1693,1175,1524,1439
2025-06-24 14:54:18.053,1415,1329,1131,1462,1477,4095,2021,1046,1515,1434
2025-06-24 14:54:18.153,1444,1335,1277,1488,1445,4095,2221,272,1520,1437
2025-06-24 14:54:18.252,1472,1438,1434,1475,1321,4095,2247,182,1520,1442
2025-06-24 14:54:18.351,1489,1547,1586,1491,1360,4095,2127,448,1527,1441
2025-06-24 14:54:18.450,1493,1645,1665,1564,1417,2622,2008,885,1527,1445
2025-06-24 14:54:18.550,1489,1726,1679,1578,1415,1329,2018,1206,1527,1438
2025-06-24 14:54:18.650,1488,1789,1657,1487,1459,559,2039,1526,1535,1441
2025-06-24 14:54:18.750,1497,1840,1708,1520,1518,370,1936,1718,1535,1454
2025-06-24 14:54:18.850,1505,1789,1686,1547,1641,566,1858,1669,1535,1449
2025-06-24 14:54:18.950,1523,1726,1675,1495,1747,606,1664,1705,1522,1437
2025-06-24 14:54:19.049,1533,1660,1579,1441,1666,0,1222,1828,1520,1431
2025-06-24 14:54:19.149,1515,1634,1535,1552,1648,0,842,1920,1526,1442
2025-06-24 14:54:19.248,1487,1654,1522,1497,1589,0,560,1981,1535,1451
2025-06-24 14:54:19.347,1445,1616,1461,1487,1535,0,341,2122,1547,1456
2025-06-24 14:54:19.447,1401,1569,1364,1499,1453,156,346,2288,1517,1429
2025-06-24 14:54:19.547,1406,1495,1361,1590,1424,942,575,2331,1525,1438
2025-06-24 14:54:19.647,1419,1460,1320,1591,1456,1875,943,1744,1520,1434
2025-06-24 14:54:19.746,1436,1521,1260,1535,1520,2781,1391,1345,1524,1443
2025-06-24 14:54:19.845,1443,1514,1305,1525,1535,3907,1818,1190,1520,1438
2025-06-24 14:54:19.945,1459,1431,1357,1551,1520,4095,2173,1229,1523,1441
2025-06-24 14:54:20.044,1476,1355,1485,1591,1449,4095,2278,1360,1523,1441
2025-06-24 14:54:20.144,1450,1327,1717,1572,1439,4095,2240,725,1534,1451
2025-06-24 14:54:20.243,1402,1344,1874,1515,1405,4095,2147,209,1533,1443
2025-06-24 14:54:20.342,1398,1362,2003,1462,1355,3152,2128,303,1529,1446
2025-06-24 14:54:20.441,1424,1407,2077,1441,1318,1790,2108,768,1524,1441
2025-06-24 14:54:20.540,1459,1434,1997,1479,1407,704,2026,1246,1526,1440
2025-06-24 14:54:20.639,1478,1506,1903,1472,1459,131,1923,1595,1523,1441
2025-06-24 14:54:20.738,1503,1615,1744,1522,1472,112,1898,1994,1535,1456
2025-06-24 14:54:20.837,1511,1661,1533,1569,1535,209,1387,2068,1532,1446
2025-06-24 14:54:20.936,1489,1634,1375,1552,1710,0,950,1947,1518,1431
2025-06-24 14:54:21.035,1454,1623,1311,1504,1808,0,734,1790,1519,1431
2025-06-24 14:54:21.135,1454,1600,1313,1489,1804,0,640,1779,1534,1445
2025-06-24 14:54:21.235,1465,1593,1344,1490,1607,0,745,1899,1535,1450
2025-06-24 14:54:21.335,1490,1552,1402,1508,1453,219,901,2250,1522,1441
2025-06-24 14:54:21.434,1511,1521,1391,1377,1393,1059,1147,2672,1523,1441
2025-06-24 14:54:21.534,1531,1549,1295,1233,1367,1999,1441,2693,1530,1444
2025-06-24 14:54:21.634,1511,1552,1190,1046,1446,2896,1726,2194,1520,1439
2025-06-24 14:54:21.734,1474,1556,1118,1023,1486,3981,2007,1728,1530,1442
2025-06-24 14:54:21.833,1473,1525,1152,1053,1561,4095,2192,1491,1527,1443
2025-06-24 14:54:21.933,1477,1489,1101,1060,1604,4095,2109,1460,1521,1437
2025-06-24 14:54:22.033,1491,1529,1110,1083,1520,4095,1971,1501,1527,1444
2025-06-24 14:54:22.133,1509,1632,1212,1259,1384,4095,1892,1420,1533,1446
2025-06-24 14:54:22.232,1521,1559,1362,1387,1406,3298,2029,0,1532,1441
2025-06-24 14:54:22.331,1514,1491,1438,1424,1339,1997,1957,0,1534,1442
2025-06-24 14:54:22.430,1494,1460,1515,1514,1346,929,1831,0,1533,1445
2025-06-24 14:54:22.530,1488,1430,1551,1619,1387,370,1743,0,1529,1451
2025-06-24 14:54:22.630,1487,1420,1632,1711,1395,370,1574,0,1535,1450
2025-06-24 14:54:22.730,1491,1438,1664,1757,1458,688,1218,0,1524,1440
2025-06-24 14:54:22.830,1504,1467,1674,1815,1476,229,960,170,1527,1443
2025-06-24 14:54:22.930,1511,1542,1642,1867,1551,0,752,548,1525,1439
2025-06-24 14:54:23.030,1514,1602,1567,1900,1690,0,704,1119,1527,1445
2025-06-24 14:54:23.130,1519,1596,1535,1860,1707,0,703,1827,1523,1444
2025-06-24 14:54:23.230,1513,1617,1511,1806,1686,251,901,2678,1522,1438
2025-06-24 14:54:23.330,1511,1639,1568,1746,1604,965,1281,4095,1514,1431
2025-06-24 14:54:23.430,1503,1625,1488,1712,1494,1750,1481,4090,1515,1431
2025-06-24 14:54:23.530,1523,1622,1381,1670,1435,2501,1783,3424,1519,1434
2025-06-24 14:54:23.629,1524,1631,1391,1664,1427,3328,2165,2686,1534,1451
2025-06-24 14:54:23.729,1533,1631,1303,1648,1465,4095,2385,1984,1529,1447
2025-06-24 14:54:23.829,1491,1648,1175,1608,1517,4095,2327,1680,1535,1445
2025-06-24 14:54:23.929,1424,1585,1141,1666,1559,4095,2176,1756,1535,1451
2025-06-24 14:54:24.028,1389,1472,1169,1649,1557,4095,2112,1833,1530,1444
2025-06-24 14:54:24.128,1371,1424,1296,1568,1542,3337,2058,1856,1543,1455
2025-06-24 14:54:24.227,1367,1379,1376,1565,1522,2000,1962,1338,1530,1443
2025-06-24 14:54:24.327,1360,1375,1456,1600,1426,882,1930,43,1533,1443
2025-06-24 14:54:24.426,1379,1457,1471,1579,1318,301,1771,27,1527,1440
2025-06-24 14:54:24.525,1395,1461,1584,1548,1280,251,1229,531,1523,1434
2025-06-24 14:54:24.624,1379,1419,1710,1482,1341,502,918,1107,1527,1441
2025-06-24 14:54:24.723,1377,1400,1837,1490,1393,528,752,1463,1529,1447
2025-06-24 14:54:24.823,1392,1424,1990,1472,1405,97,522,1711,1529,1446
2025-06-24 14:54:24.923,1423,1473,2061,1408,1347,0,560,1941,1521,1435
2025-06-24 14:54:25.023,1449,1470,2014,1349,1184,73,677,2123,1515,1427
2025-06-24 14:54:25.123,1491,1456,1939,1365,1019,583,922,2359,1521,1435
2025-06-24 14:54:25.223,1516,1442,1750,1486,984,1106,1338,2897,1522,1439
2025-06-24 14:54:25.322,1524,1470,1492,1520,825,1520,1653,3648,1530,1443
2025-06-24 14:54:25.421,1532,1568,1389,1520,691,2018,1983,3150,1523,1442
2025-06-24 14:54:25.521,1533,1655,1509,1501,627,2508,2323,2589,1526,1437
2025-06-24 14:54:25.621,1534,1693,1550,1449,688,2873,2351,2232,1522,1447
2025-06-24 14:54:25.721,1534,1712,1509,1488,800,2889,2181,1664,1518,1430
2025-06-24 14:54:25.821,1535,1706,1470,1469,964,2622,1986,1047,1520,1434
2025-06-24 14:54:25.921,1542,1662,1322,1465,1161,2477,1909,767,1527,1445
2025-06-24 14:54:26.020,1511,1655,1202,1450,1330,2588,1790,719,1544,1455
2025-06-24 14:54:26.124,1507,1641,1133,1493,1489,2022,1648,822,1535,1455
2025-06-24 14:54:26.224,1477,1633,1167,1515,1694,1329,1503,752,1534,1450
2025-06-24 14:54:26.323,1456,1627,1198,1501,1872,943,1061,0,1535,1449
2025-06-24 14:54:26.422,1459,1543,1216,1578,1954,727,794,0,1523,1439
2025-06-24 14:54:26.522,1472,1520,1210,1530,1968,471,641,0,1517,1428
2025-06-24 14:54:26.621,1472,1501,1222,1479,1968,368,615,0,1520,1435
2025-06-24 14:54:26.721,1501,1584,1319,1573,1984,182,546,326,1530,1441
2025-06-24 14:54:26.820,1502,1595,1457,1557,1997,128,663,897,1526,1441
2025-06-24 14:54:26.920,1481,1562,1686,1511,1981,182,912,1423,1520,1437
2025-06-24 14:54:27.020,1456,1467,1879,1470,1968,581,1310,1987,1520,1438
2025-06-24 14:54:27.121,1461,1408,1952,1511,2091,1162,1661,2683,1523,1441
2025-06-24 14:54:27.216,1475,1411,1956,1520,2070,1649,2063,4095,1527,1443
2025-06-24 14:54:27.316,1492,1418,1814,1519,1997,2075,2311,4095,1527,1445
2025-06-24 14:54:27.415,1504,1451,1683,1514,2016,2465,2331,4095,1521,1438
2025-06-24 14:54:27.515,1511,1519,1646,1548,1915,2736,2198,3425,1531,1443
2025-06-24 14:54:27.615,1523,1585,1627,1532,1830,2771,2125,2567,1530,1442
2025-06-24 14:54:27.715,1526,1616,1520,1559,1725,2644,2110,1719,1525,1436
2025-06-24 14:54:27.815,1530,1664,1396,1575,1653,2490,2087,1202,1530,1445
2025-06-24 14:54:27.915,1526,1739,1328,1530,1600,2867,1868,1014,1535,1446
2025-06-24 14:54:28.015,1505,1762,1287,1535,1472,2327,1740,1072,1542,1450
2025-06-24 14:54:28.115,1521,1710,1041,1524,1407,1243,1570,1233,1541,1455
2025-06-24 14:54:28.215,1511,1661,998,1469,1392,451,1168,1275,1546,1455
2025-06-24 14:54:28.315,1511,1618,1003,1458,1442,203,894,64,1543,1450
2025-06-24 14:54:28.415,1491,1616,976,1535,1510,429,640,0,1535,1454
2025-06-24 14:54:28.515,1465,1603,858,1533,1488,913,627,102,1520,1435
2025-06-24 14:54:28.614,1450,1559,794,1519,1507,1047,667,593,1522,1437
2025-06-24 14:54:28.714,1451,1482,944,1479,1501,950,832,1004,1521,1442
2025-06-24 14:54:28.814,1454,1446,1277,1505,1503,747,1152,1319,1526,1445
2025-06-24 14:54:28.913,1467,1399,1711,1505,1535,881,1437,1680,1516,1428
2025-06-24 14:54:29.013,1463,1450,2087,1516,1555,1367,1936,2119,1517,1431
2025-06-24 14:54:29.113,1481,1494,2369,1503,1627,1722,2288,2491,1515,1435
2025-06-24 14:54:29.213,1479,1434,2475,1461,1719,2039,2399,2971,1520,1435
2025-06-24 14:54:29.313,1487,1411,2418,1433,1721,2406,2378,3303,1515,1431
2025-06-24 14:54:29.412,1461,1414,2191,1506,1703,2832,2288,2946,1526,1443
2025-06-24 14:54:29.512,1456,1445,2022,1568,1662,3071,2192,2652,1545,1454
2025-06-24 14:54:29.612,1472,1433,1936,1569,1617,2944,2129,2331,1531,1449
2025-06-24 14:54:29.712,1500,1461,1808,1590,1567,2682,2057,1821,1529,1441
2025-06-24 14:54:29.811,1516,1477,1792,1535,1487,2807,1873,1495,1519,1431
2025-06-24 14:54:29.910,1520,1530,1762,1555,1411,2403,1741,1467,1527,1440
2025-06-24 14:54:30.010,1520,1600,1567,1502,1355,1287,1315,1600,1532,1447
2025-06-24 14:54:30.110,1521,1654,1357,1529,1335,434,979,1641,1526,1443
2025-06-24 14:54:30.210,1519,1689,1210,1586,1298,106,831,1046,1535,1445
2025-06-24 14:54:30.310,1513,1689,962,1601,1270,307,787,712,1535,1449
2025-06-24 14:54:30.410,1494,1680,880,1524,1354,781,861,871,1530,1443
2025-06-24 14:54:30.510,1474,1598,870,1488,1408,882,968,1077,1518,1429
2025-06-24 14:54:30.610,1498,1578,860,1440,1390,559,1233,1238,1523,1442
2025-06-24 14:54:30.710,1493,1565,781,1280,1411,232,1520,1376,1535,1453
2025-06-24 14:54:30.810,1472,1533,814,1079,1411,381,1694,1610,1523,1439
2025-06-24 14:54:30.909,1431,1504,1015,1056,1453,878,1834,1647,1526,1443
2025-06-24 14:54:31.008,1420,1477,1318,1059,1522,1439,1949,1808,1526,1443
2025-06-24 14:54:31.108,1417,1453,1658,1039,1520,1909,1986,1955,1522,1443
2025-06-24 14:54:31.208,1430,1454,1942,1089,1669,2427,1798,2138,1520,1440
2025-06-24 14:54:31.308,1453,1466,2016,1250,1731,2999,1749,2467,1520,1439
2025-06-24 14:54:31.407,1463,1552,1978,1359,1779,3635,1619,2511,1521,1439
2025-06-24 14:54:31.507,1463,1554,1792,1463,1827,3933,1605,2242,1532,1445
2025-06-24 14:54:31.607,1459,1547,1647,1584,1756,3411,1583,1681,1535,1447
2025-06-24 14:54:31.707,1466,1499,1572,1649,1627,3175,1524,1312,1529,1457
2025-06-24 14:54:31.807,1459,1454,1575,1765,1534,2855,1441,1264,1528,1440
2025-06-24 14:54:31.907,1466,1472,1563,1809,1485,1648,1331,1347,1527,1438
2025-06-24 14:54:32.006,1466,1475,1469,1815,1470,605,1266,1311,1534,1445
2025-06-24 14:54:32.106,1487,1486,1379,1876,1440,73,1198,1227,1531,1445
2025-06-24 14:54:32.206,1488,1545,1377,1878,1363,189,1155,528,1534,1445
2025-06-24 14:54:32.306,1513,1569,1289,1872,1255,568,1232,296,1522,1437
2025-06-24 14:54:32.405,1491,1598,1235,1843,1245,721,1296,533,1527,1441
2025-06-24 14:54:32.505,1489,1600,1296,1787,1344,323,1466,881,1529,1443
2025-06-24 14:54:32.605,1499,1656,1377,1791,1395,0,1582,1164,1525,1434
2025-06-24 14:54:32.705,1520,1645,1486,1729,1367,77,1566,1329,1526,1442
2025-06-24 14:54:32.804,1533,1655,1589,1680,1393,597,1741,1436,1530,1443
2025-06-24 14:54:32.903,1535,1686,1687,1653,1415,1188,1777,1585,1531,1450
2025-06-24 14:54:33.004,1528,1728,1662,1605,1451,1790,1825,1738,1523,1443
2025-06-24 14:54:33.104,1493,1782,1574,1516,1491,2371,1651,1872,1514,1433
2025-06-24 14:54:33.204,1439,1771,1510,1552,1551,3043,1587,2053,1520,1433
2025-06-24 14:54:33.304,1404,1670,1472,1554,1693,3725,1648,2399,1523,1442
2025-06-24 14:54:33.403,1402,1535,1466,1595,1749,4095,1725,2566,1527,1445
2025-06-24 14:54:33.503,1420,1403,1504,1518,1838,3686,1747,2385,1525,1443
2025-06-24 14:54:33.602,1450,1309,1568,1501,1799,3231,1680,1889,1525,1445
2025-06-24 14:54:33.702,1461,1335,1600,1551,1680,2975,1367,1443,1524,1438
2025-06-24 14:54:33.801,1469,1348,1621,1486,1619,1869,1187,1389,1534,1441
2025-06-24 14:54:33.901,1453,1290,1668,1492,1584,720,1019,1441,1535,1446
2025-06-24 14:54:33.999,1447,1321,1731,1445,1517,24,997,1519,1546,1457
2025-06-24 14:54:34.100,1445,1314,1683,1451,1430,0,1008,1004,1533,1450
2025-06-24 14:54:34.200,1455,1283,1680,1453,1375,274,1031,590,1527,1445
2025-06-24 14:54:34.299,1467,1293,1742,1439,1327,581,1261,571,1525,1439
2025-06-24 14:54:34.399,1479,1353,1671,1520,1287,207,1404,880,1527,1439
2025-06-24 14:54:34.499,1487,1405,1702,1519,1331,0,1477,1140,1520,1440
2025-06-24 14:54:34.598,1494,1494,1725,1509,1434,0,1567,1148,1520,1429
2025-06-24 14:54:34.698,1502,1604,1710,1507,1386,320,1722,1264,1520,1431
2025-06-24 14:54:34.798,1502,1682,1648,1549,1354,976,1755,1413,1522,1442
2025-06-24 14:54:34.898,1509,1732,1595,1509,1441,1647,1683,1472,1522,1439
2025-06-24 14:54:34.997,1519,1717,1553,1520,1527,2246,1642,1632,1521,1437
2025-06-24 14:54:35.097,1520,1661,1648,1485,1520,2890,1675,1722,1523,1431
2025-06-24 14:54:35.197,1516,1602,1763,1426,1507,3595,1614,1706,1519,1437
2025-06-24 14:54:35.297,1498,1555,1814,1387,1595,4095,1651,1878,1525,1439
2025-06-24 14:54:35.396,1456,1568,1805,1472,1704,4095,1612,2128,1523,1445
2025-06-24 14:54:35.496,1428,1578,1773,1519,1777,3767,1488,1940,1520,1441
2025-06-24 14:54:35.595,1420,1520,1751,1546,1792,3518,1264,1456,1530,1444
2025-06-24 14:54:35.695,1440,1480,1726,1546,1710,2416,1158,1178,1531,1445
2025-06-24 14:54:35.794,1474,1476,1605,1573,1677,1191,1184,1037,1531,1445
2025-06-24 14:54:35.893,1475,1481,1324,1563,1639,404,1104,1216,1535,1445
2025-06-24 14:54:35.993,1475,1506,1142,1600,1589,141,1099,1346,1532,1441
2025-06-24 14:54:36.093,1437,1564,1125,1507,1406,359,1264,848,1525,1443
2025-06-24 14:54:36.197,1458,1485,1127,1461,1408,735,1398,264,1530,1447
2025-06-24 14:54:36.296,1467,1427,1040,1473,1328,338,1499,303,1542,1450
2025-06-24 14:54:36.396,1488,1409,1153,1526,1296,0,1610,576,1531,1445
2025-06-24 14:54:36.495,1515,1392,1254,1535,1325,0,1678,973,1519,1433
2025-06-24 14:54:36.594,1523,1398,1407,1520,1363,0,1725,1298,1520,1434
2025-06-24 14:54:36.693,1520,1434,1521,1475,1372,543,1698,1535,1519,1433
2025-06-24 14:54:36.792,1527,1520,1638,1478,1335,1191,1681,1682,1521,1437
2025-06-24 14:54:36.891,1519,1570,1680,1488,1325,1906,1625,1789,1520,1438
2025-06-24 14:54:36.991,1527,1643,1643,1521,1413,2605,1579,1893,1515,1428
2025-06-24 14:54:37.091,1517,1680,1619,1554,1479,3306,1533,2085,1522,1437
2025-06-24 14:54:37.192,1513,1715,1531,1513,1534,4095,1494,2250,1523,1438
2025-06-24 14:54:37.287,1511,1712,1466,1506,1551,4095,1327,2485,1525,1441
2025-06-24 14:54:37.387,1507,1696,1417,1499,1729,4095,1166,2606,1547,1461
2025-06-24 14:54:37.487,1510,1650,1418,1481,1850,3807,1152,2081,1535,1454
2025-06-24 14:54:37.587,1520,1609,1445,1511,1824,2799,1183,1470,1530,1440
2025-06-24 14:54:37.687,1457,1629,1479,1501,1741,1543,1291,1335,1531,1445
2025-06-24 14:54:37.787,1424,1619,1451,1543,1683,579,1349,1261,1530,1441
2025-06-24 14:54:37.887,1402,1585,1331,1558,1655,207,1486,1360,1522,1436
2025-06-24 14:54:37.986,1411,1505,1280,1549,1595,306,1604,1433,1520,1425
2025-06-24 14:54:38.086,1424,1461,1274,1535,1488,710,1733,569,1522,1434
2025-06-24 14:54:38.186,1435,1445,1241,1520,1501,518,1842,0,1531,1444
2025-06-24 14:54:38.286,1427,1545,1263,1479,1453,0,1905,0,1532,1448
2025-06-24 14:54:38.386,1421,1508,1389,1542,1374,0,1798,433,1546,1456
2025-06-24 14:54:38.486,1419,1461,1472,1456,1291,0,1619,896,1535,1455
2025-06-24 14:54:38.586,1429,1449,1505,1408,1232,402,1664,1271,1534,1447
2025-06-24 14:54:38.686,1454,1439,1552,1430,1339,1102,1626,1626,1523,1441
2025-06-24 14:54:38.786,1472,1479,1643,1520,1346,1741,1547,1796,1523,1439
2025-06-24 14:54:38.886,1490,1493,1713,1506,1392,2474,1521,2009,1520,1434
2025-06-24 14:54:38.985,1506,1500,1712,1511,1403,3166,1526,2331,1520,1436
2025-06-24 14:54:39.085,1514,1546,1712,1525,1423,3984,1473,2573,1524,1433
2025-06-24 14:54:39.185,1511,1587,1693,1520,1489,4095,1477,2961,1520,1437
2025-06-24 14:54:39.285,1514,1613,1628,1518,1499,4095,1353,3344,1513,1428
2025-06-24 14:54:39.385,1509,1616,1598,1511,1552,3813,1263,3120,1520,1435
2025-06-24 14:54:39.485,1515,1637,1574,1469,1670,3097,1376,2576,1520,1438
2025-06-24 14:54:39.585,1517,1632,1520,1439,1782,1894,1474,1850,1534,1451
2025-06-24 14:54:39.685,1514,1622,1417,1520,1778,779,1648,1326,1547,1456
2025-06-24 14:54:39.785,1486,1565,1353,1488,1723,178,1773,1152,1535,1445
2025-06-24 14:54:39.885,1449,1535,1435,1472,1661,192,1787,1306,1532,1446
2025-06-24 14:54:39.984,1424,1502,1383,1519,1584,507,1850,1296,1530,1443
2025-06-24 14:54:40.084,1409,1463,1120,1522,1520,665,2000,69,1531,1444
2025-06-24 14:54:40.184,1431,1426,997,1487,1520,0,1949,0,1534,1449
2025-06-24 14:54:40.283,1454,1419,1018,1307,1486,0,1739,0,1535,1443
2025-06-24 14:54:40.382,1467,1482,1003,1162,1403,0,1649,68,1521,1433
2025-06-24 14:54:40.482,1467,1511,1195,1089,1328,102,1661,463,1523,1441
2025-06-24 14:54:40.582,1435,1506,1402,1097,1296,757,1776,985,1525,1441
2025-06-24 14:54:40.681,1437,1484,1456,1149,1295,1402,1550,1486,1520,1435
2025-06-24 14:54:40.781,1447,1488,1531,1139,1345,2112,1323,1986,1523,1440
2025-06-24 14:54:40.881,1456,1504,1584,1235,1259,2800,1268,2429,1530,1439
2025-06-24 14:54:40.980,1498,1568,1579,1268,1301,3477,1184,2879,1524,1462
2025-06-24 14:54:41.080,1490,1565,1565,1390,1371,4095,1275,3511,1524,1443
2025-06-24 14:54:41.180,1511,1579,1590,1511,1461,4095,1338,4095,1527,1441
2025-06-24 14:54:41.280,1513,1602,1750,1622,1488,4095,1438,4095,1526,1440
2025-06-24 14:54:41.380,1520,1616,1861,1664,1523,3785,1456,3632,1521,1439
2025-06-24 14:54:41.480,1525,1637,1856,1741,1734,2699,1529,2592,1521,1437
2025-06-24 14:54:41.580,1511,1619,1762,1811,1837,1574,1637,1833,1513,1423
2025-06-24 14:54:41.680,1543,1617,1633,1844,1863,685,1703,1600,1523,1437
2025-06-24 14:54:41.780,1547,1613,1435,1830,1806,369,1738,1719,1543,1449
2025-06-24 14:54:41.880,1535,1623,1283,1801,1703,477,1822,1805,1543,1452
2025-06-24 14:54:41.979,1523,1605,1214,1878,1648,685,1840,1791,1526,1443
2025-06-24 14:54:42.079,1489,1491,1272,1858,1585,0,1742,235,1542,1458
2025-06-24 14:54:42.179,1454,1419,1241,1808,1520,0,1701,0,1535,1449
2025-06-24 14:54:42.278,1426,1419,1264,1709,1467,0,1665,0,1526,1440
2025-06-24 14:54:42.377,1427,1438,1307,1641,1455,0,1596,0,1521,1438
2025-06-24 14:54:42.477,1436,1466,1418,1511,1391,213,1393,73,1521,1437
2025-06-24 14:54:42.576,1453,1520,1535,1431,1344,933,1146,571,1521,1439
2025-06-24 14:54:42.675,1467,1563,1557,1465,1300,1749,1113,1035,1523,1444
2025-06-24 14:54:42.775,1479,1527,1609,1488,1339,2554,1020,1662,1529,1443
2025-06-24 14:54:42.875,1446,1490,1596,1522,1375,3462,1103,2245,1524,1445
2025-06-24 14:54:42.974,1401,1456,1605,1491,1344,4095,1091,2863,1524,1443
2025-06-24 14:54:43.074,1414,1446,1556,1516,1322,4095,1197,4095,1521,1437
2025-06-24 14:54:43.174,1443,1438,1533,1511,1349,4095,1319,4095,1526,1440
2025-06-24 14:54:43.274,1470,1473,1526,1485,1411,4095,1478,4095,1526,1429
2025-06-24 14:54:43.373,1477,1499,1488,1520,1488,3698,1699,3472,1525,1446
2025-06-24 14:54:43.473,1488,1559,1386,1584,1520,2271,2023,2817,1522,1438
2025-06-24 14:54:43.572,1494,1612,1365,1504,1686,1135,2151,2070,1535,1456
2025-06-24 14:54:43.672,1503,1623,1332,1485,1792,465,2089,1359,1543,1453
2025-06-24 14:54:43.772,1520,1661,1343,1455,1771,310,2085,336,1531,1441
2025-06-24 14:54:43.872,1535,1679,1331,1417,1746,496,1996,0,1527,1440
2025-06-24 14:54:43.971,1555,1668,1313,1460,1717,210,1890,0,1522,1435
2025-06-24 14:54:44.071,1555,1679,1344,1482,1625,0,1689,0,1519,1421
2025-06-24 14:54:44.171,1554,1651,1332,1517,1555,0,1676,0,1523,1439
2025-06-24 14:54:44.271,1549,1531,1121,1564,1580,0,1345,0,1520,1434
2025-06-24 14:54:44.371,1516,1487,979,1551,1535,0,1047,0,1530,1443
2025-06-24 14:54:44.470,1490,1472,1066,1514,1488,676,885,0,1535,1454
2025-06-24 14:54:44.569,1463,1458,1197,1488,1431,1467,830,0,1535,1438
2025-06-24 14:54:44.669,1443,1457,1345,1460,1379,2383,822,0,1527,1443
2025-06-24 14:54:44.768,1429,1529,1424,1458,1328,3310,941,304,1526,1451
2025-06-24 14:54:44.868,1440,1521,1483,1470,1363,4095,1089,951,1522,1435
2025-06-24 14:54:44.967,1447,1461,1498,1468,1344,4095,1342,1655,1522,1439
2025-06-24 14:54:45.067,1448,1401,1509,1521,1253,4095,1518,2352,1521,1440
2025-06-24 14:54:45.167,1458,1360,1616,1574,1309,4095,1687,2426,1522,1441
2025-06-24 14:54:45.267,1428,1360,1621,1506,1319,4095,2035,2158,1531,1443
2025-06-24 14:54:45.366,1391,1347,1635,1499,1434,3105,2244,1766,1520,1433
2025-06-24 14:54:45.465,1400,1373,1735,1487,1433,1842,2224,1411,1524,1438
2025-06-24 14:54:45.565,1429,1436,1775,1543,1462,785,2094,1078,1527,1438
2025-06-24 14:54:45.665,1457,1513,1738,1535,1699,293,2031,1360,1531,1439
2025-06-24 14:54:45.764,1470,1587,1669,1513,1802,307,2009,2215,1529,1456
2025-06-24 14:54:45.863,1484,1629,1643,1552,1826,507,1936,2476,1517,1429
2025-06-24 14:54:45.963,1497,1733,1648,1546,1795,0,1856,2506,1527,1429
2025-06-24 14:54:46.063,1511,1808,1517,1556,1689,0,1729,1878,1531,1446
2025-06-24 14:54:46.163,1526,1799,1413,1523,1610,0,1434,2003,1548,1456
2025-06-24 14:54:46.267,1520,1758,1305,1555,1551,0,1152,2211,1543,1453
2025-06-24 14:54:46.366,1520,1730,1145,1509,1490,181,945,2355,1533,1449
2025-06-24 14:54:46.466,1520,1717,1119,1552,1486,1045,877,2367,1533,1449
2025-06-24 14:54:46.566,1525,1648,1255,1564,1475,1972,873,2367,1535,1447
2025-06-24 14:54:46.665,1515,1532,1343,1525,1441,2819,997,2496,1521,1440
2025-06-24 14:54:46.764,1498,1458,1424,1503,1336,3777,1152,2671,1523,1439
2025-06-24 14:54:46.863,1483,1446,1500,1456,1312,4095,1397,2878,1521,1435
2025-06-24 14:54:46.962,1457,1459,1568,1473,1341,4095,1604,3045,1530,1441
2025-06-24 14:54:47.062,1441,1557,1633,1535,1310,4095,1867,3280,1523,1439
2025-06-24 14:54:47.162,1412,1473,1639,1530,1280,4095,2064,3155,1519,1427
2025-06-24 14:54:47.263,1447,1403,1616,1526,1325,3461,2210,3056,1524,1440
2025-06-24 14:54:47.358,1471,1371,1715,1499,1353,2313,2115,2886,1533,1445
2025-06-24 14:54:47.458,1485,1343,1769,1520,1472,1203,2005,2661,1533,1443
2025-06-24 14:54:47.558,1487,1328,1715,1522,1520,428,1903,1948,1525,1440
2025-06-24 14:54:47.658,1463,1365,1701,1477,1552,203,1925,1200,1535,1451
2025-06-24 14:54:47.757,1424,1408,1668,1488,1710,386,1842,964,1530,1443
2025-06-24 14:54:47.856,1413,1443,1647,1511,1808,305,1727,1266,1526,1439
2025-06-24 14:54:47.955,1420,1552,1687,1520,1847,0,1519,1663,1523,1441
2025-06-24 14:54:48.054,1456,1636,1747,1522,1811,0,1220,1405,1535,1445
2025-06-24 14:54:48.153,1472,1712,1695,1547,1677,0,942,1533,1546,1456
2025-06-24 14:54:48.253,1488,1771,1594,1509,1573,0,817,1759,1535,1453
2025-06-24 14:54:48.352,1500,1815,1488,1486,1533,641,734,2046,1522,1436
2025-06-24 14:54:48.452,1501,1776,1358,1487,1484,1571,850,2090,1518,1430
2025-06-24 14:54:48.552,1510,1739,1250,1472,1461,2385,949,2036,1520,1436
2025-06-24 14:54:48.652,1514,1712,1213,1530,1487,3196,1072,2083,1521,1438
2025-06-24 14:54:48.752,1525,1670,1203,1479,1440,4095,1316,2161,1520,1435
2025-06-24 14:54:48.852,1506,1581,1256,1531,1371,4095,1658,2195,1509,1426
2025-06-24 14:54:48.951,1499,1482,1280,1573,1339,4095,1936,2160,1525,1443
2025-06-24 14:54:49.050,1484,1451,1334,1525,1367,4095,2122,1857,1521,1436
2025-06-24 14:54:49.150,1456,1421,1472,1529,1345,3863,2057,1662,1525,1450
2025-06-24 14:54:49.250,1437,1457,1616,1443,1325,2862,1941,1761,1519,1429
2025-06-24 14:54:49.349,1424,1527,1749,1511,1358,1725,1773,1739,1521,1439
2025-06-24 14:54:49.448,1408,1453,1819,1469,1424,766,1766,1147,1534,1447
2025-06-24 14:54:49.547,1430,1389,1848,1468,1408,250,1795,832,1543,1451
2025-06-24 14:54:49.647,1446,1378,1814,1403,1439,129,1744,1059,1527,1445
2025-06-24 14:54:49.746,1451,1386,1883,1273,1600,448,1586,1627,1535,1446
2025-06-24 14:54:49.846,1469,1391,1809,1142,1737,26,1520,2141,1527,1443
2025-06-24 14:54:49.945,1479,1445,1730,1070,1790,0,1327,2327,1530,1449
2025-06-24 14:54:50.044,1486,1488,1648,1094,1818,0,1168,1778,1531,1446
2025-06-24 14:54:50.144,1473,1518,1741,1068,1703,0,1046,1341,1532,1447
2025-06-24 14:54:50.244,1453,1574,1714,1123,1589,172,1008,943,1529,1445
2025-06-24 14:54:50.343,1459,1619,1584,1284,1507,928,966,144,1520,1433
2025-06-24 14:54:50.443,1477,1678,1499,1438,1583,1737,1121,0,1521,1438
2025-06-24 14:54:50.542,1491,1719,1426,1505,1552,2533,1365,0,1519,1433
2025-06-24 14:54:50.641,1513,1734,1339,1557,1512,3333,1523,528,1525,1437
2025-06-24 14:54:50.740,1514,1699,1313,1617,1505,4095,1690,1372,1523,1441
2025-06-24 14:54:50.840,1520,1680,1328,1664,1441,4095,1967,2177,1521,1440
2025-06-24 14:54:50.940,1524,1685,1363,1757,1373,4095,2027,3051,1519,1437
2025-06-24 14:54:51.039,1529,1616,1455,1840,1338,4095,1927,3456,1530,1445
2025-06-24 14:54:51.139,1527,1517,1584,1904,1296,3543,1818,3291,1526,1441
2025-06-24 14:54:51.239,1515,1479,1680,1913,1262,2496,1775,2846,1535,1453
2025-06-24 14:54:51.338,1518,1469,1763,1808,1266,1395,1729,2607,1547,1455
2025-06-24 14:54:51.438,1514,1459,1788,1695,1339,560,1722,2371,1533,1443
2025-06-24 14:54:51.537,1488,1533,1805,1699,1365,257,1679,1751,1520,1431
2025-06-24 14:54:51.637,1492,1570,1817,1776,1488,467,1623,1382,1531,1441
2025-06-24 14:54:51.737,1475,1456,1814,1683,1485,726,1547,1420,1531,1442
2025-06-24 14:54:51.837,1459,1394,1719,1589,1535,0,1449,1573,1530,1445
2025-06-24 14:54:51.936,1451,1383,1565,1591,1716,0,1260,1737,1525,1441
2025-06-24 14:54:52.035,1457,1394,1524,1543,1838,0,1159,1405,1525,1438
2025-06-24 14:54:52.135,1471,1392,1523,1535,1842,0,1149,281,1527,1457
2025-06-24 14:54:52.235,1475,1407,1569,1569,1747,333,1152,0,1533,1446
2025-06-24 14:54:52.335,1488,1435,1572,1564,1659,1115,1142,0,1527,1446
2025-06-24 14:54:52.435,1488,1479,1482,1579,1594,1937,1339,0,1528,1441
2025-06-24 14:54:52.535,1457,1577,1351,1581,1597,2763,1456,431,1534,1450
2025-06-24 14:54:52.635,1456,1647,1277,1616,1583,3664,1571,1182,1533,1446
2025-06-24 14:54:52.735,1471,1695,1169,1582,1583,4095,1629,2096,1523,1442
2025-06-24 14:54:52.835,1490,1727,1143,1563,1518,4095,1728,3057,1511,1426
2025-06-24 14:54:52.934,1515,1740,1114,1488,1456,4095,1692,4095,1517,1430
2025-06-24 14:54:53.033,1529,1706,1130,1426,1372,3869,1614,4095,1522,1447
2025-06-24 14:54:53.133,1531,1696,1195,1378,1343,3039,1679,4095,1531,1445
2025-06-24 14:54:53.233,1546,1664,1281,1294,1275,1995,1613,4095,1526,1442
2025-06-24 14:54:53.333,1547,1568,1382,1354,1266,1029,1666,4095,1531,1443
2025-06-24 14:54:53.433,1523,1463,1489,1426,1227,453,1653,4095,1531,1442
2025-06-24 14:54:53.532,1522,1438,1558,1534,1309,432,1469,3508,1524,1439
2025-06-24 14:54:53.632,1531,1439,1545,1569,1393,666,1190,2594,1530,1443
2025-06-24 14:54:53.732,1526,1455,1552,1551,1419,400,1109,2113,1527,1444
2025-06-24 14:54:53.832,1531,1553,1504,1559,1431,0,1072,1968,1527,1443
2025-06-24 14:54:53.932,1529,1450,1475,1535,1554,0,1014,1722,1524,1440
2025-06-24 14:54:54.032,1509,1364,1419,1530,1774,0,1009,1469,1525,1439
2025-06-24 14:54:54.132,1456,1312,1410,1519,1857,74,1159,848,1521,1441
2025-06-24 14:54:54.232,1419,1313,1456,1447,1754,812,1360,350,1524,1440
2025-06-24 14:54:54.331,1403,1345,1434,1470,1658,1612,1456,241,1540,1449
2025-06-24 14:54:54.431,1405,1379,1364,1461,1616,2425,1617,222,1535,1453
2025-06-24 14:54:54.531,1426,1440,1296,1410,1562,3158,1754,448,1522,1437
2025-06-24 14:54:54.631,1438,1472,1238,1520,1535,4095,1680,862,1523,1442
2025-06-24 14:54:54.730,1459,1569,1274,1523,1515,4095,1647,1377,1527,1445
2025-06-24 14:54:54.830,1425,1683,1322,1532,1520,4095,1618,1952,1524,1443
2025-06-24 14:54:54.929,1404,1725,1386,1522,1476,3900,1633,2557,1522,1443
2025-06-24 14:54:55.028,1408,1784,1471,1520,1402,3350,1598,2734,1525,1439
2025-06-24 14:54:55.128,1424,1775,1505,1501,1326,2481,1590,2672,1520,1430
2025-06-24 14:54:55.228,1454,1738,1616,1510,1302,1444,1412,2513,1535,1446
2025-06-24 14:54:55.327,1457,1718,1664,1571,1322,665,1392,2364,1521,1440
2025-06-24 14:54:55.427,1461,1728,1712,1573,1291,398,1360,2194,1530,1445
2025-06-24 14:54:55.527,1467,1729,1686,1559,1335,517,1283,1863,1534,1449
2025-06-24 14:54:55.627,1462,1648,1648,1520,1381,708,1235,1476,1532,1443
2025-06-24 14:54:55.727,1482,1530,1651,1490,1376,20,1260,1183,1533,1445
2025-06-24 14:54:55.827,1494,1479,1701,1520,1448,0,1314,1138,1533,1443
2025-06-24 14:54:55.926,1493,1478,1683,1570,1458,0,1301,1150,1527,1445
2025-06-24 14:54:56.026,1499,1501,1545,1569,1573,0,1328,527,1526,1425
2025-06-24 14:54:56.126,1513,1485,1511,1487,1751,563,1387,0,1527,1443
2025-06-24 14:54:56.226,1513,1346,1561,1522,1855,1309,1489,0,1520,1432
2025-06-24 14:54:56.330,1490,1247,1410,1519,1851,1973,1695,0,1520,1435
2025-06-24 14:54:56.429,1465,1232,1318,1477,1744,2685,1803,61,1520,1438
2025-06-24 14:54:56.528,1445,1264,1266,1522,1663,3457,1773,364,1523,1440
2025-06-24 14:54:56.627,1437,1305,1247,1445,1602,4095,1744,811,1522,1441
2025-06-24 14:54:56.727,1446,1408,1307,1421,1607,4095,1726,1429,1524,1441
2025-06-24 14:54:56.827,1481,1495,1443,1511,1616,3874,1696,2085,1523,1439
2025-06-24 14:54:56.926,1463,1579,1483,1546,1551,3335,1678,2701,1535,1453
2025-06-24 14:54:57.026,1466,1628,1531,1561,1425,2709,1482,2870,1524,1438
2025-06-24 14:54:57.125,1483,1661,1687,1575,1418,1715,1519,2829,1549,1456
2025-06-24 14:54:57.225,1441,1725,1747,1570,1349,801,1344,2527,1548,1453
2025-06-24 14:54:57.326,1427,1797,1775,1488,1274,384,1296,2260,1543,1456
2025-06-24 14:54:57.421,1454,1819,1783,1482,1225,432,747,2080,1525,1440
2025-06-24 14:54:57.521,1488,1827,1872,1546,1269,725,738,1713,1523,1441
2025-06-24 14:54:57.620,1516,1852,2000,1551,1287,399,1287,1571,1526,1439
2025-06-24 14:54:57.720,1535,1842,1904,1519,1310,0,1495,1605,1520,1438
2025-06-24 14:54:57.820,1553,1835,1590,1524,1331,0,1143,1695,1520,1439
2025-06-24 14:54:57.920,1562,1744,1302,1490,1392,0,0,1369,1527,1443
2025-06-24 14:54:58.019,1567,1617,1285,1456,1443,145,0,578,1533,1447
2025-06-24 14:54:58.119,1569,1505,1397,1485,1574,878,0,477,1527,1443
2025-06-24 14:54:58.219,1568,1415,1363,1520,1718,1598,0,659,1524,1443
2025-06-24 14:54:58.319,1565,1413,1324,1577,1841,2333,0,870,1522,1437
2025-06-24 14:54:58.419,1543,1386,1317,1544,1875,3099,661,1027,1523,1442
2025-06-24 14:54:58.519,1529,1275,1346,1527,1798,4016,1427,1189,1521,1442
2025-06-24 14:54:58.618,1520,1215,1381,1476,1649,4095,2112,1411,1520,1439
2025-06-24 14:54:58.718,1487,1193,1405,1462,1631,4095,2672,1695,1515,1434
2025-06-24 14:54:58.818,1443,1182,1456,1503,1549,3920,2934,2130,1515,1429
2025-06-24 14:54:58.918,1416,1230,1508,1501,1467,3261,3127,2885,1517,1437
2025-06-24 14:54:59.018,1411,1327,1535,1453,1482,2191,3019,3099,1529,1443
2025-06-24 14:54:59.118,1425,1421,1562,1435,1465,1113,3028,2787,1525,1441
2025-06-24 14:54:59.218,1437,1511,1600,1455,1374,547,2815,2359,1533,1450
2025-06-24 14:54:59.318,1458,1604,1594,1488,1295,543,2509,2053,1533,1446
2025-06-24 14:54:59.418,1443,1653,1638,1590,1315,773,2352,1782,1527,1439
2025-06-24 14:54:59.518,1412,1725,1760,1572,1245,795,2245,1392,1526,1439
2025-06-24 14:54:59.618,1424,1771,1796,1501,1262,0,2158,1074,1523,1439
2025-06-24 14:54:59.718,1463,1776,1565,1518,1323,0,2128,925,1533,1442
2025-06-24 14:54:59.818,1471,1712,1329,1518,1361,0,2173,718,1530,1441
2025-06-24 14:54:59.918,1498,1702,1186,1581,1414,0,2183,0,1531,1449
2025-06-24 14:55:00.017,1507,1698,1057,1488,1472,659,2187,0,1533,1445
2025-06-24 14:55:00.122,1505,1653,834,1479,1502,1457,2188,0,1535,1446
2025-06-24 14:55:00.216,1505,1574,787,1475,1665,2149,2166,59,1535,1454
2025-06-24 14:55:00.316,1519,1499,849,1515,1854,2896,2096,307,1521,1440
2025-06-24 14:55:00.416,1520,1456,974,1582,1849,3715,1988,576,1520,1437
2025-06-24 14:55:00.516,1516,1435,1088,1520,1835,4095,1667,896,1523,1440
2025-06-24 14:55:00.616,1511,1519,1232,1326,1776,4095,1310,1339,1523,1440
2025-06-24 14:55:00.716,1518,1474,1307,1173,1657,3720,1063,1815,1530,1443
2025-06-24 14:55:00.816,1520,1363,1401,1106,1552,3313,774,2551,1530,1445
2025-06-24 14:55:00.916,1504,1284,1470,1078,1551,2361,763,3043,1527,1451
2025-06-24 14:55:01.016,1446,1264,1561,1089,1550,1290,895,2880,1530,1443
2025-06-24 14:55:01.115,1409,1283,1630,1152,1460,587,982,2523,1527,1425
2025-06-24 14:55:01.215,1389,1331,1663,1241,1411,416,1170,2192,1525,1441
2025-06-24 14:55:01.314,1385,1392,1661,1402,1323,677,1392,1785,1533,1442
2025-06-24 14:55:01.414,1403,1475,1814,1499,1273,839,1544,1509,1526,1442
2025-06-24 14:55:01.513,1422,1535,1766,1586,1249,157,1728,1428,1525,1443
2025-06-24 14:55:01.612,1432,1623,1520,1595,1295,0,1827,1453,1525,1439
2025-06-24 14:55:01.712,1406,1745,1358,1611,1246,0,1919,1473,1523,1439
2025-06-24 14:55:01.812,1406,2081,1345,1657,1298,0,2112,385,1516,1429
2025-06-24 14:55:01.912,1427,2121,1472,1746,1360,485,2177,0,1520,1434
2025-06-24 14:55:02.011,1456,1907,1421,1958,1454,1187,1983,0,1520,1436
2025-06-24 14:55:02.110,1477,1738,1424,1951,1531,1844,1726,0,1524,1442
2025-06-24 14:55:02.210,1494,1633,1414,1982,1519,2607,1647,257,1527,1448
2025-06-24 14:55:02.310,1493,1598,1421,1868,1695,3351,1811,471,1525,1441
2025-06-24 14:55:02.410,1507,1520,1419,1755,1794,4095,1742,624,1518,1435
2025-06-24 14:55:02.509,1519,1429,1459,1679,1827,4095,1530,963,1529,1442
2025-06-24 14:55:02.609,1503,1371,1501,1509,1807,4095,1344,1349,1515,1429
2025-06-24 14:55:02.709,1526,1348,1585,1485,1805,3779,1258,1949,1530,1444
2025-06-24 14:55:02.809,1532,1358,1691,1475,1717,2793,1253,2781,1533,1440
2025-06-24 14:55:02.909,1526,1461,1753,1405,1607,1574,1335,2939,1535,1449
2025-06-24 14:55:03.009,1521,1353,1807,1431,1551,657,1472,2748,1527,1440
2025-06-24 14:55:03.109,1526,1259,1823,1466,1528,301,1610,2461,1525,1443
2025-06-24 14:55:03.209,1510,1219,1835,1488,1390,464,1809,2266,1547,1454
2025-06-24 14:55:03.308,1473,1245,1747,1469,1367,931,1869,1806,1525,1442
2025-06-24 14:55:03.407,1443,1271,1662,1488,1261,525,1953,1457,1525,1445
2025-06-24 14:55:03.506,1424,1328,1636,1520,1233,0,1990,1290,1524,1441
2025-06-24 14:55:03.605,1424,1438,1635,1533,1318,0,2128,1393,1530,1450
2025-06-24 14:55:03.705,1429,1518,1648,1571,1302,0,2039,647,1539,1451
2025-06-24 14:55:03.805,1435,1613,1612,1518,1301,226,1775,0,1525,1447
2025-06-24 14:55:03.905,1440,1676,1626,1520,1363,943,1832,0,1522,1441
2025-06-24 14:55:04.005,1391,1775,1543,1534,1378,1664,1777,292,1530,1443
2025-06-24 14:55:04.104,1376,1837,1445,1570,1447,2373,1619,658,1520,1435
2025-06-24 14:55:04.204,1391,1837,1328,1553,1414,3099,1383,1017,1529,1448
2025-06-24 14:55:04.303,1420,1775,1266,1532,1473,3952,1199,1235,1534,1451
2025-06-24 14:55:04.403,1452,1744,1153,1535,1665,4095,1119,1467,1525,1440
2025-06-24 14:55:04.502,1471,1684,1179,1545,1807,4095,1054,1790,1523,1442
2025-06-24 14:55:04.601,1490,1695,1321,1485,1844,4080,1072,2407,1520,1434
2025-06-24 14:55:04.700,1533,1680,1427,1475,1854,3171,1109,3642,1519,1424
2025-06-24 14:55:04.800,1505,1595,1553,1535,1770,1933,1251,4095,1520,1434
2025-06-24 14:55:04.900,1500,1552,1605,1579,1680,829,1399,4095,1519,1429
2025-06-24 14:55:04.999,1497,1521,1653,1552,1571,257,1573,3232,1525,1439
2025-06-24 14:55:05.099,1492,1462,1712,1511,1472,244,1653,2687,1525,1442
2025-06-24 14:55:05.199,1506,1517,1739,1515,1462,624,1726,2094,1535,1445
2025-06-24 14:55:05.298,1497,1408,1777,1495,1422,623,1762,1603,1534,1447
2025-06-24 14:55:05.397,1472,1349,1759,1495,1379,0,1818,1267,1533,1445
2025-06-24 14:55:05.496,1440,1321,1742,1523,1297,0,1750,1091,1549,1453
2025-06-24 14:55:05.595,1425,1328,1657,1561,1284,0,1705,922,1530,1438
2025-06-24 14:55:05.695,1408,1375,1520,1488,1351,49,1670,0,1535,1446
2025-06-24 14:55:05.794,1379,1415,1451,1482,1350,673,1561,0,1545,1455
2025-06-24 14:55:05.894,1378,1456,1467,1532,1344,1365,1379,0,1530,1444
2025-06-24 14:55:05.994,1385,1494,1350,1514,1334,2110,1174,0,1533,1445
2025-06-24 14:55:06.093,1411,1580,1201,1505,1365,2844,1156,340,1524,1437
2025-06-24 14:55:06.193,1423,1631,1151,1494,1410,3728,1129,726,1520,1436
2025-06-24 14:55:06.292,1407,1671,1195,1498,1429,4095,1098,1074,1520,1431
2025-06-24 14:55:06.396,1381,1742,1235,1535,1602,4095,1011,1375,1521,1437
2025-06-24 14:55:06.495,1418,1737,1296,1561,1805,4095,1057,1702,1529,1443
2025-06-24 14:55:06.594,1469,1680,1376,1517,1840,3791,1269,2218,1521,1438
2025-06-24 14:55:06.693,1497,1680,1493,1550,1840,2400,1441,3310,1530,1442
2025-06-24 14:55:06.792,1525,1659,1615,1510,1801,1182,1638,3867,1527,1442
2025-06-24 14:55:06.891,1552,1657,1600,1520,1680,394,1935,3350,1535,1449
2025-06-24 14:55:06.990,1567,1591,1631,1502,1626,238,2096,2813,1542,1455
2025-06-24 14:55:07.089,1570,1505,1642,1462,1584,457,2018,2385,1529,1439
2025-06-24 14:55:07.189,1582,1478,1584,1507,1552,718,2015,1856,1523,1437
2025-06-24 14:55:07.289,1585,1469,1555,1574,1501,45,1995,1431,1525,1439
2025-06-24 14:55:07.390,1572,1485,1569,1558,1434,0,1849,1131,1520,1434
2025-06-24 14:55:07.485,1553,1579,1479,1548,1341,0,1643,1046,1528,1443
2025-06-24 14:55:07.585,1552,1471,1386,1570,1237,0,1567,899,1529,1446
2025-06-24 14:55:07.685,1553,1402,1290,1474,1296,517,1580,0,1526,1442
2025-06-24 14:55:07.785,1520,1396,1204,1494,1342,1309,1312,0,1528,1443
2025-06-24 14:55:07.884,1482,1421,1199,1473,1270,2058,1168,93,1520,1433
2025-06-24 14:55:07.983,1456,1433,1115,1472,1318,2759,1021,557,1518,1430
2025-06-24 14:55:08.082,1453,1441,1123,1499,1344,3552,1083,853,1518,1434
2025-06-24 14:55:08.182,1424,1467,1095,1463,1405,4095,1214,1111,1505,1424
2025-06-24 14:55:08.282,1455,1530,1165,1523,1482,4095,1345,1430,1525,1439
2025-06-24 14:55:08.382,1472,1602,1293,1489,1520,4095,1424,1808,1530,1449
2025-06-24 14:55:08.481,1482,1654,1394,1490,1682,4003,1605,2122,1527,1443
2025-06-24 14:55:08.581,1438,1664,1511,1513,1873,2778,1821,2338,1527,1443
2025-06-24 14:55:08.680,1392,1676,1619,1552,1936,1530,1897,3065,1529,1442
2025-06-24 14:55:08.779,1395,1664,1743,1486,1908,592,1998,3261,1535,1454
2025-06-24 14:55:08.879,1423,1622,1797,1458,1802,213,2019,2925,1529,1441
2025-06-24 14:55:08.979,1439,1617,1858,1525,1644,368,1968,2517,1534,1449
2025-06-24 14:55:09.078,1467,1627,1899,1530,1530,713,1913,1995,1543,1456
2025-06-24 14:55:09.177,1486,1595,1985,1552,1485,368,1808,1472,1535,1451
2025-06-24 14:55:09.276,1502,1483,2001,1584,1487,0,1689,1079,1520,1435
2025-06-24 14:55:09.376,1502,1427,1779,1572,1550,0,1711,883,1533,1446
2025-06-24 14:55:09.476,1545,1429,1520,1535,1450,0,1657,997,1529,1455
2025-06-24 14:55:09.576,1565,1433,1414,1485,1368,449,1427,355,1530,1443
2025-06-24 14:55:09.675,1587,1562,1520,1493,1270,1219,1312,0,1543,1455
2025-06-24 14:55:09.775,1601,1511,1535,1490,1238,1946,1207,92,1535,1449
2025-06-24 14:55:09.874,1623,1427,1518,1514,1215,2624,1175,681,1527,1443
2025-06-24 14:55:09.974,1600,1385,1552,1519,1149,3275,1107,1221,1520,1434
2025-06-24 14:55:10.073,1573,1361,1558,1501,1202,4095,1234,1569,1518,1432
2025-06-24 14:55:10.172,1527,1429,1599,1467,1328,4095,1358,1687,1517,1433
2025-06-24 14:55:10.271,1487,1467,1605,1493,1431,3877,1440,1776,1515,1427
2025-06-24 14:55:10.371,1454,1486,1639,1571,1545,3329,1562,1856,1520,1446
2025-06-24 14:55:10.470,1435,1509,1602,1523,1571,2861,1648,2113,1518,1435
2025-06-24 14:55:10.570,1431,1582,1591,1483,1757,1744,1679,2436,1520,1436
2025-06-24 14:55:10.670,1436,1635,1591,1456,1846,746,1615,3203,1527,1439
2025-06-24 14:55:10.770,1427,1673,1579,1524,1854,265,1641,3408,1526,1437
2025-06-24 14:55:10.869,1397,1702,1585,1550,1778,284,1568,3026,1525,1441
2025-06-24 14:55:10.969,1373,1694,1564,1486,1647,671,1542,2547,1529,1446
2025-06-24 14:55:11.068,1394,1665,1552,1423,1614,727,1488,2055,1523,1439
2025-06-24 14:55:11.167,1439,1642,1567,1453,1552,398,1437,1431,1521,1437
2025-06-24 14:55:11.266,1475,1605,1582,1446,1557,80,1361,1073,1526,1438
2025-06-24 14:55:11.366,1522,1519,1498,1461,1600,202,1312,941,1524,1439
2025-06-24 14:55:11.465,1511,1456,1472,1527,1530,629,1374,833,1522,1441
2025-06-24 14:55:11.564,1517,1424,1425,1587,1477,1264,1395,18,1533,1445
2025-06-24 14:55:11.664,1520,1439,1331,1571,1393,1792,1301,0,1529,1441
2025-06-24 14:55:11.764,1526,1471,1360,1643,1329,2273,1356,23,1535,1448
2025-06-24 14:55:11.863,1517,1561,1368,1595,1275,2743,1365,463,1531,1443
2025-06-24 14:55:11.963,1505,1523,1341,1527,1178,3100,1344,912,1525,1421
2025-06-24 14:55:12.063,1498,1445,1289,1488,1138,3088,1462,1246,1526,1442
2025-06-24 14:55:12.162,1499,1382,1239,1487,1223,2800,1591,1424,1521,1437
2025-06-24 14:55:12.262,1514,1360,1271,1472,1264,2701,1663,1645,1520,1435
2025-06-24 14:55:12.362,1491,1379,1369,1478,1389,2708,1732,1821,1523,1444
2025-06-24 14:55:12.462,1452,1396,1430,1479,1440,1813,1757,2083,1522,1441
2025-06-24 14:55:12.562,1411,1432,1516,1582,1568,880,1682,2447,1520,1437
2025-06-24 14:55:12.661,1379,1467,1647,1585,1790,297,1659,2986,1521,1437
2025-06-24 14:55:12.761,1405,1517,1738,1490,1881,187,1553,2923,1526,1441
2025-06-24 14:55:12.860,1426,1603,1775,1502,1882,475,1573,2871,1535,1451
2025-06-24 14:55:12.960,1450,1682,1734,1486,1849,765,1528,2575,1531,1446
2025-06-24 14:55:13.059,1426,1731,1729,1476,1724,678,1357,2032,1526,1441
2025-06-24 14:55:13.158,1415,1762,1677,1454,1563,486,1292,1552,1533,1452
2025-06-24 14:55:13.257,1424,1756,1616,1441,1563,522,1231,1249,1533,1450
2025-06-24 14:55:13.357,1451,1697,1545,1453,1549,919,1171,1210,1533,1444
2025-06-24 14:55:13.456,1471,1698,1458,1488,1505,1341,1152,633,1523,1438
2025-06-24 14:55:13.556,1490,1676,1424,1555,1488,1773,1089,37,1520,1430
2025-06-24 14:55:13.656,1503,1579,1327,1503,1367,2203,1183,36,1520,1435
2025-06-24 14:55:13.755,1514,1524,1337,1459,1296,2608,1259,272,1526,1441
2025-06-24 14:55:13.855,1517,1481,1379,1520,1313,2882,1371,770,1527,1439
2025-06-24 14:55:13.955,1527,1441,1343,1557,1388,2873,1620,1104,1520,1437
2025-06-24 14:55:14.054,1520,1458,1287,1563,1317,2681,1794,1313,1532,1446
2025-06-24 14:55:14.153,1519,1531,1346,1535,1292,2540,1903,1457,1526,1443
2025-06-24 14:55:14.253,1515,1442,1328,1525,1267,2750,1951,1635,1533,1453
2025-06-24 14:55:14.353,1525,1335,1357,1515,1393,2195,1865,1951,1530,1445
2025-06-24 14:55:14.452,1523,1297,1371,1511,1493,1126,1797,2355,1533,1445
2025-06-24 14:55:14.552,1501,1302,1286,1550,1505,353,1803,2896,1527,1439
2025-06-24 14:55:14.651,1440,1334,1293,1557,1644,62,1680,3107,1527,1443
2025-06-24 14:55:14.750,1394,1408,1327,1505,1806,242,1628,2688,1534,1444
2025-06-24 14:55:14.849,1378,1591,1392,1545,1872,561,1527,2192,1531,1444
2025-06-24 14:55:14.948,1392,1713,1456,1505,1875,496,1267,1740,1535,1446
2025-06-24 14:55:15.047,1421,1803,1487,1502,1824,493,1206,1160,1521,1439
2025-06-24 14:55:15.146,1443,2017,1565,1534,1681,502,1145,853,1524,1438
2025-06-24 14:55:15.245,1431,2061,1550,1551,1615,826,1137,747,1523,1435
2025-06-24 14:55:15.344,1392,1936,1517,1523,1520,1337,1105,765,1524,1440
2025-06-24 14:55:15.444,1392,1779,1466,1485,1491,1781,1233,0,1519,1434
2025-06-24 14:55:15.544,1422,1584,1488,1520,1488,2132,1316,0,1526,1429
2025-06-24 14:55:15.643,1459,1470,1622,1529,1409,2411,1302,23,1523,1439
2025-06-24 14:55:15.742,1488,1457,1650,1462,1397,2633,1407,496,1527,1432
2025-06-24 14:55:15.842,1494,1470,1595,1437,1330,2604,1607,879,1535,1447
2025-06-24 14:55:15.942,1498,1387,1552,1436,1307,2523,1795,1386,1533,1443
2025-06-24 14:55:16.042,1456,1329,1447,1519,1294,2415,1918,1649,1520,1434
2025-06-24 14:55:16.141,1405,1328,1333,1504,1296,2659,1817,1730,1526,1441
2025-06-24 14:55:16.240,1325,1334,1219,1511,1301,2699,1791,1762,1530,1443
2025-06-24 14:55:16.340,1261,1415,1170,1517,1310,1571,1808,1947,1530,1443
2025-06-24 14:55:16.443,1255,1393,1152,1534,1407,561,1785,2249,1523,1437
2025-06-24 14:55:16.543,1273,1298,1248,1546,1435,32,1646,2775,1534,1450
2025-06-24 14:55:16.642,1246,1280,1365,1584,1490,63,1590,2846,1523,1437
2025-06-24 14:55:16.741,1231,1308,1488,1494,1620,544,1551,2681,1516,1427
2025-06-24 14:55:16.841,1232,1350,1583,1456,1749,730,1420,2421,1518,1428
2025-06-24 14:55:16.941,1226,1399,1672,1454,1792,775,1296,1910,1507,1424
2025-06-24 14:55:17.040,1227,1462,1725,1510,1763,873,1222,1499,1520,1435
2025-06-24 14:55:17.140,1232,1531,1787,1524,1744,976,1091,1310,1529,1460
2025-06-24 14:55:17.240,1283,1616,1830,1503,1601,1301,1141,1248,1545,1456
2025-06-24 14:55:17.340,1264,1702,1868,1475,1518,1681,1246,766,1545,1453
2025-06-24 14:55:17.441,1289,1727,1777,1567,1515,1958,1252,415,1530,1444
2025-06-24 14:55:17.536,1275,1763,1675,1533,1499,2160,1425,1137,1535,1446
2025-06-24 14:55:17.636,1287,1808,1685,1514,1519,2214,1495,1698,1525,1437
2025-06-24 14:55:17.735,1298,1783,1763,1527,1488,2210,1600,1895,1520,1437
2025-06-24 14:55:17.835,1311,1709,1782,1567,1431,2009,1807,1873,1523,1438
2025-06-24 14:55:17.935,1325,1678,1634,1569,1407,1861,1833,1681,1522,1456
2025-06-24 14:55:18.034,1347,1675,1502,1501,1362,2131,1775,1675,1525,1441
2025-06-24 14:55:18.134,1350,1638,1381,1491,1330,2579,1725,1761,1535,1453
2025-06-24 14:55:18.233,1387,1564,1237,1454,1225,1692,1759,1736,1533,1446
2025-06-24 14:55:18.333,1427,1507,1131,1485,1201,605,1745,1863,1533,1453
2025-06-24 14:55:18.432,1461,1510,1073,1515,1317,36,1613,2031,1530,1439
2025-06-24 14:55:18.532,1491,1525,1098,1517,1424,31,1676,2621,1521,1441
2025-06-24 14:55:18.631,1570,1644,1141,1508,1482,493,1434,2743,1520,1437
2025-06-24 14:55:18.730,1643,1584,1231,1523,1552,863,1306,2517,1520,1429
2025-06-24 14:55:18.829,1674,1475,1377,1505,1690,1003,1275,2007,1521,1430
2025-06-24 14:55:18.929,1664,1435,1483,1533,1837,1298,1147,1421,1523,1442
2025-06-24 14:55:19.029,1645,1424,1600,1527,1854,1493,1201,971,1531,1447
2025-06-24 14:55:19.129,1657,1444,1752,1477,1781,1726,1323,816,1531,1446
2025-06-24 14:55:19.229,1632,1462,1855,1463,1678,2043,1399,768,1518,1428
2025-06-24 14:55:19.329,1647,1516,1913,1552,1584,2304,1559,47,1529,1445
2025-06-24 14:55:19.429,1639,1545,1923,1502,1569,2494,1663,0,1525,1438
2025-06-24 14:55:19.529,1648,1595,1872,1551,1589,2583,1830,0,1535,1447
2025-06-24 14:55:19.628,1647,1618,1725,1613,1563,2533,1895,44,1530,1443
2025-06-24 14:55:19.728,1627,1607,1586,1600,1573,2448,1905,465,1521,1436
2025-06-24 14:55:19.827,1587,1610,1506,1595,1565,2212,1818,751,1520,1438
2025-06-24 14:55:19.927,1562,1587,1552,1570,1451,2271,1826,982,1525,1441
2025-06-24 14:55:20.026,1535,1565,1609,1517,1368,2647,1785,1195,1521,1437
2025-06-24 14:55:20.126,1533,1625,1625,1510,1301,1649,1662,1535,1534,1451
2025-06-24 14:55:20.226,1549,1589,1520,1468,1267,490,1522,2077,1531,1455
2025-06-24 14:55:20.326,1543,1482,1415,1455,1237,0,1557,2586,1527,1441
2025-06-24 14:55:20.426,1547,1431,1355,1527,1216,0,1532,3043,1526,1443
2025-06-24 14:55:20.526,1574,1428,1271,1502,1274,146,1273,3001,1520,1443
2025-06-24 14:55:20.625,1601,1457,1187,1463,1386,432,1175,2623,1527,1441
2025-06-24 14:55:20.724,1650,1558,1123,1545,1503,511,1095,2219,1533,1442
2025-06-24 14:55:20.823,1689,1630,1157,1556,1495,890,1145,1701,1524,1440
2025-06-24 14:55:20.922,1712,1598,1206,1513,1637,1298,1215,1194,1512,1426
2025-06-24 14:55:21.022,1726,1554,1280,1546,1799,1665,1248,865,1519,1431
2025-06-24 14:55:21.122,1712,1525,1405,1520,1860,2011,1335,750,1521,1439
2025-06-24 14:55:21.221,1714,1533,1489,1474,1796,2291,1438,532,1531,1445
2025-06-24 14:55:21.321,1710,1515,1619,1470,1701,2535,1718,154,1530,1443
2025-06-24 14:55:21.421,1686,1511,1706,1523,1568,2701,1841,219,1529,1446
2025-06-24 14:55:21.521,1667,1499,1735,1490,1461,2665,1812,561,1531,1444
2025-06-24 14:55:21.620,1636,1482,1731,1514,1424,2543,1727,1063,1521,1438
2025-06-24 14:55:21.719,1616,1527,1658,1547,1476,2340,1630,1472,1530,1437
2025-06-24 14:55:21.818,1614,1574,1555,1488,1494,2231,1615,1914,1524,1440
2025-06-24 14:55:21.918,1601,1616,1526,1527,1514,2746,1701,2381,1527,1443
2025-06-24 14:55:22.018,1600,1612,1491,1545,1424,2130,1638,2421,1527,1441
2025-06-24 14:55:22.118,1600,1615,1494,1488,1339,816,1604,2394,1526,1439
2025-06-24 14:55:22.218,1587,1652,1531,1511,1286,0,1614,2683,1534,1443
2025-06-24 14:55:22.318,1570,1690,1557,1519,1327,0,1353,2832,1533,1451
2025-06-24 14:55:22.418,1546,1641,1648,1497,1327,0,930,3055,1527,1443
2025-06-24 14:55:22.518,1519,1525,1638,1506,1311,147,713,2987,1527,1440
2025-06-24 14:55:22.617,1505,1471,1600,1499,1392,292,643,2654,1520,1435
2025-06-24 14:55:22.717,1497,1441,1572,1484,1409,737,552,2218,1531,1446
2025-06-24 14:55:22.816,1495,1416,1456,1525,1478,1344,756,1655,1523,1441
2025-06-24 14:55:22.916,1488,1451,1221,1485,1503,1769,1018,1372,1519,1424
2025-06-24 14:55:23.016,1477,1517,1030,1483,1547,2096,1301,1246,1520,1439
2025-06-24 14:55:23.116,1477,1453,909,1476,1718,2288,1549,1231,1521,1437
2025-06-24 14:55:23.216,1477,1363,887,1467,1777,2382,1664,773,1528,1446
2025-06-24 14:55:23.316,1467,1327,967,1509,1825,2430,1854,548,1527,1442
2025-06-24 14:55:23.416,1488,1333,1149,1574,1728,2384,2015,609,1533,1449
2025-06-24 14:55:23.515,1490,1349,1377,1520,1607,2244,2079,721,1521,1440
2025-06-24 14:55:23.615,1489,1385,1593,1492,1505,2131,2428,914,1520,1439
2025-06-24 14:55:23.715,1488,1403,1743,1463,1472,2199,2706,938,1529,1443
2025-06-24 14:55:23.815,1482,1454,1793,1443,1503,2818,2522,945,1530,1443
2025-06-24 14:55:23.915,1470,1472,1802,1478,1521,2491,2161,1070,1531,1462
2025-06-24 14:55:24.015,1456,1554,1748,1470,1497,1284,1872,1211,1521,1443
2025-06-24 14:55:24.115,1434,1613,1646,1563,1471,367,1632,1354,1523,1438
2025-06-24 14:55:24.214,1424,1676,1611,1632,1379,0,1294,1506,1534,1449
2025-06-24 14:55:24.314,1429,1685,1580,1579,1385,190,1036,2031,1529,1445
2025-06-24 14:55:24.414,1451,1691,1552,1546,1351,754,1074,3284,1522,1430
2025-06-24 14:55:24.514,1437,1711,1583,1490,1317,923,1182,3633,1520,1434
2025-06-24 14:55:24.614,1440,1619,1616,1471,1344,1163,1199,2693,1520,1435
2025-06-24 14:55:24.714,1431,1498,1621,1493,1355,1264,1280,1693,1521,1437
2025-06-24 14:55:24.814,1458,1441,1633,1550,1447,929,1328,1079,1530,1442
2025-06-24 14:55:24.914,1456,1440,1619,1506,1410,1088,1456,782,1534,1446
2025-06-24 14:55:25.014,1415,1485,1608,1520,1439,1453,1567,848,1527,1450
2025-06-24 14:55:25.113,1407,1521,1488,1488,1525,1757,1664,989,1524,1439
2025-06-24 14:55:25.213,1424,1639,1347,1472,1711,2075,1690,639,1520,1433
2025-06-24 14:55:25.313,1440,1562,1247,1415,1849,2189,1746,22,1520,1434
2025-06-24 14:55:25.412,1456,1450,1119,1443,1839,2209,1712,0,1526,1434
2025-06-24 14:55:25.512,1454,1387,1135,1457,1774,2176,1555,320,1531,1445
2025-06-24 14:55:25.612,1478,1378,1205,1479,1721,2235,1472,708,1529,1443
2025-06-24 14:55:25.711,1482,1366,1392,1527,1669,2717,1471,864,1529,1441
2025-06-24 14:55:25.811,1490,1390,1509,1635,1648,2783,1580,994,1535,1446
2025-06-24 14:55:25.911,1502,1398,1617,1652,1543,1607,1521,1280,1520,1437
2025-06-24 14:55:26.011,1525,1461,1666,1595,1475,567,1314,1475,1530,1442
2025-06-24 14:55:26.110,1499,1557,1672,1535,1489,111,1183,1777,1530,1445
2025-06-24 14:55:26.209,1502,1630,1615,1511,1434,262,1063,2114,1531,1445
2025-06-24 14:55:26.309,1495,1697,1527,1506,1351,836,1152,2833,1527,1445
2025-06-24 14:55:26.409,1482,1744,1455,1489,1285,1134,1258,3294,1518,1434
2025-06-24 14:55:26.513,1478,1786,1424,1500,1260,1339,1312,3117,1520,1435
2025-06-24 14:55:26.613,1472,1770,1414,1507,1270,1665,1408,2794,1524,1438
2025-06-24 14:55:26.713,1456,1801,1427,1506,1277,1902,1555,2160,1530,1447
2025-06-24 14:55:26.812,1440,1711,1488,1473,1301,2102,1716,1502,1530,1447
2025-06-24 14:55:26.911,1437,1590,1517,1438,1342,2246,1792,1131,1521,1431
2025-06-24 14:55:27.011,1433,1482,1518,1511,1391,2419,1818,1013,1521,1437
2025-06-24 14:55:27.110,1426,1461,1584,1543,1457,2570,1792,1067,1531,1446
2025-06-24 14:55:27.210,1429,1488,1767,1515,1463,2681,1659,0,1526,1446
2025-06-24 14:55:27.310,1438,1505,1724,1495,1631,2694,1552,0,1527,1441
2025-06-24 14:55:27.410,1433,1586,1494,1503,1807,2538,1520,0,1520,1438
2025-06-24 14:55:27.511,1409,1495,1255,1533,1845,2240,1526,175,1520,1429
2025-06-24 14:55:27.606,1410,1360,1104,1398,1776,2470,1349,546,1529,1456
2025-06-24 14:55:27.706,1403,1302,1055,1231,1680,2685,1150,947,1527,1439
2025-06-24 14:55:27.806,1439,1303,1059,1087,1584,1497,1037,1217,1534,1449
2025-06-24 14:55:27.906,1454,1330,1104,1088,1558,455,1034,1520,1531,1446
2025-06-24 14:55:28.005,1464,1345,1149,1129,1503,45,1113,2045,1531,1447
2025-06-24 14:55:28.105,1473,1377,1267,1216,1499,0,1181,2576,1530,1445
2025-06-24 14:55:28.205,1472,1429,1471,1293,1503,331,1198,3447,1524,1440
2025-06-24 14:55:28.305,1475,1499,1638,1344,1488,666,1221,3703,1530,1449
2025-06-24 14:55:28.405,1486,1616,1744,1451,1436,857,1505,3165,1527,1439
2025-06-24 14:55:28.505,1479,1692,1811,1616,1362,1219,1680,2727,1525,1435
2025-06-24 14:55:28.605,1485,1753,1909,1955,1378,1454,1889,2290,1522,1438
2025-06-24 14:55:28.705,1488,1791,1939,2163,1360,1659,1951,1696,1517,1433
2025-06-24 14:55:28.804,1488,1811,1907,2323,1308,1957,1999,1586,1518,1435
2025-06-24 14:55:28.904,1487,1808,1903,2434,1265,2197,1987,1793,1531,1445
2025-06-24 14:55:29.004,1459,1808,1866,2323,1344,2303,1918,1791,1523,1443
2025-06-24 14:55:29.104,1445,1731,1787,2006,1415,2382,1789,1418,1523,1443
2025-06-24 14:55:29.204,1412,1627,1684,1643,1444,2383,1712,454,1524,1440
2025-06-24 14:55:29.303,1435,1526,1606,1431,1514,2117,1665,325,1547,1454
2025-06-24 14:55:29.402,1450,1478,1715,1249,1650,1942,1529,641,1533,1449
2025-06-24 14:55:29.502,1463,1456,1734,1145,1814,2197,1324,1039,1533,1443
2025-06-24 14:55:29.601,1475,1525,1872,1035,1881,2734,1143,1327,1531,1445
2025-06-24 14:55:29.701,1482,1481,1982,1008,1821,1792,933,1534,1526,1447
2025-06-24 14:55:29.801,1462,1353,1872,1105,1701,627,961,1579,1532,1442
2025-06-24 14:55:29.901,1457,1275,1649,1146,1586,0,1104,1534,1526,1441
2025-06-24 14:55:30.001,1463,1279,1510,1258,1493,0,1286,1595,1525,1441
2025-06-24 14:55:30.101,1476,1307,1373,1349,1455,209,1369,1865,1527,1442
2025-06-24 14:55:30.201,1477,1319,1214,1463,1419,517,1637,2429,1515,1424
2025-06-24 14:55:30.300,1504,1391,1129,1519,1443,256,1931,3070,1525,1442
2025-06-24 14:55:30.400,1494,1456,1072,1564,1471,277,2127,3116,1525,1441
2025-06-24 14:55:30.499,1488,1519,1109,1602,1425,644,2296,2921,1520,1435
2025-06-24 14:55:30.599,1483,1589,1264,1559,1344,1068,2204,2672,1521,1424
2025-06-24 14:55:30.699,1489,1666,1425,1533,1420,1518,2102,2243,1526,1443
2025-06-24 14:55:30.798,1475,1744,1475,1545,1418,1861,2075,1741,1535,1455
2025-06-24 14:55:30.898,1483,1792,1584,1552,1353,2210,1921,1378,1527,1443
2025-06-24 14:55:30.998,1487,1776,1569,1565,1311,2480,1719,1472,1535,1450
2025-06-24 14:55:31.098,1502,1728,1420,1559,1360,2626,1648,1003,1533,1445
2025-06-24 14:55:31.198,1505,1738,1418,1584,1441,2621,1705,124,1530,1447
2025-06-24 14:55:31.297,1485,1680,1437,1600,1409,2370,1417,0,1534,1446
2025-06-24 14:55:31.396,1456,1595,1435,1578,1430,2192,1243,3,1530,1445
2025-06-24 14:55:31.496,1448,1503,1470,1449,1680,2419,1205,297,1525,1441
2025-06-24 14:55:31.595,1449,1474,1473,1231,1876,1859,1051,691,1520,1431
2025-06-24 14:55:31.695,1456,1462,1510,1086,1829,878,1104,911,1517,1429
2025-06-24 14:55:31.794,1467,1491,1565,1037,1761,311,1086,1257,1520,1434
2025-06-24 14:55:31.894,1481,1515,1550,1045,1638,196,1264,1504,1525,1439
2025-06-24 14:55:31.994,1478,1437,1622,1040,1515,637,1568,1775,1531,1442
2025-06-24 14:55:32.094,1439,1361,1621,1182,1456,1348,1737,2123,1542,1451
2025-06-24 14:55:32.194,1439,1298,1621,1326,1442,1566,1890,2575,1531,1449
2025-06-24 14:55:32.294,1470,1333,1619,1407,1411,1776,1976,3029,1520,1433
2025-06-24 14:55:32.393,1483,1298,1488,1463,1502,1963,1925,2917,1511,1427
2025-06-24 14:55:32.493,1499,1328,1354,1581,1530,2086,1899,2609,1518,1421
2025-06-24 14:55:32.593,1520,1383,1333,1707,1472,2217,1889,1979,1526,1440
2025-06-24 14:55:32.693,1497,1457,1389,1808,1398,2368,1840,1392,1535,1453
2025-06-24 14:55:32.792,1515,1535,1353,1842,1331,2447,1737,1200,1527,1445
2025-06-24 14:55:32.892,1516,1638,1257,1898,1296,2074,1669,1163,1535,1455
2025-06-24 14:55:32.992,1526,1724,1285,1935,1268,1798,1631,1365,1535,1445
2025-06-24 14:55:33.092,1529,1793,1262,1888,1260,1754,1423,1011,1530,1445
2025-06-24 14:55:33.192,1521,1810,1189,1904,1333,1799,1235,754,1546,1455
2025-06-24 14:55:33.292,1526,1797,1181,1918,1404,1895,1086,959,1533,1450
2025-06-24 14:55:33.392,1520,1808,1227,1911,1425,2282,1039,1193,1529,1442
2025-06-24 14:55:33.492,1520,1714,1271,1890,1501,2159,1034,1280,1522,1437
2025-06-24 14:55:33.592,1503,1587,1335,1827,1574,1122,1177,1299,1519,1429
2025-06-24 14:55:33.692,1473,1489,1478,1680,1792,310,1287,1218,1525,1431
2025-06-24 14:55:33.791,1462,1419,1521,1578,1834,94,1409,1175,1520,1430
2025-06-24 14:55:33.891,1456,1431,1603,1504,1747,150,1553,1205,1522,1430
2025-06-24 14:55:33.991,1449,1474,1729,1490,1776,673,1767,1247,1520,1446
2025-06-24 14:55:34.091,1451,1570,1814,1498,1693,959,1917,1523,1520,1437
2025-06-24 14:55:34.191,1456,1472,1827,1491,1611,1308,1979,1947,1520,1437
2025-06-24 14:55:34.290,1454,1387,1888,1443,1535,1505,1914,2477,1523,1440
2025-06-24 14:55:34.390,1419,1335,1856,1463,1459,1690,1779,2768,1525,1444
2025-06-24 14:55:34.490,1398,1318,1835,1557,1435,1805,1654,2945,1525,1443
2025-06-24 14:55:34.589,1410,1373,1744,1531,1443,1974,1589,2906,1523,1450
2025-06-24 14:55:34.689,1455,1392,1671,1589,1390,2405,1529,2515,1523,1441
2025-06-24 14:55:34.788,1498,1420,1665,1613,1329,2491,1474,2233,1526,1438
2025-06-24 14:55:34.888,1489,1481,1728,1527,1323,2510,1326,2022,1535,1451
2025-06-24 14:55:34.988,1509,1578,1637,1527,1353,2567,1149,1626,1543,1452
2025-06-24 14:55:35.088,1518,1619,1435,1458,1386,2437,955,1215,1535,1452
2025-06-24 14:55:35.188,1509,1686,1350,1415,1372,1745,978,0,1529,1445
2025-06-24 14:55:35.288,1507,1703,1239,1399,1327,1553,1118,0,1534,1450
2025-06-24 14:55:35.388,1498,1754,1168,1459,1409,2116,1194,0,1529,1443
2025-06-24 14:55:35.488,1491,1744,1139,1481,1488,1547,1239,0,1529,1442
2025-06-24 14:55:35.588,1488,1729,1166,1485,1505,724,1341,0,1535,1454
2025-06-24 14:55:35.688,1484,1674,1201,1443,1609,149,1470,0,1531,1450
2025-06-24 14:55:35.788,1471,1535,1247,1422,1757,134,1691,0,1511,1427
2025-06-24 14:55:35.887,1507,1467,1335,1435,1798,581,1938,0,1526,1438
2025-06-24 14:55:35.987,1509,1441,1504,1427,1744,907,1979,0,1529,1443
2025-06-24 14:55:36.087,1473,1461,1665,1361,1681,1066,1920,218,1527,1443
2025-06-24 14:55:36.187,1439,1451,1805,1449,1643,1265,1870,1104,1524,1438
2025-06-24 14:55:36.286,1422,1534,1933,1361,1576,1402,1807,1904,1531,1443
2025-06-24 14:55:36.386,1419,1521,1984,1095,1544,1297,1726,2395,1523,1437
2025-06-24 14:55:36.486,1431,1451,1983,949,1506,907,1554,2543,1531,1440
2025-06-24 14:55:36.590,1463,1395,1857,891,1467,1049,1436,2301,1534,1447
2025-06-24 14:55:36.689,1462,1390,1662,944,1467,1551,1325,1776,1531,1445
2025-06-24 14:55:36.789,1437,1414,1511,1001,1425,2103,1181,1422,1534,1445
2025-06-24 14:55:36.888,1410,1423,1488,1152,1370,2498,1077,1584,1531,1441
2025-06-24 14:55:36.987,1424,1472,1533,1284,1269,2451,998,1677,1527,1443
2025-06-24 14:55:37.086,1456,1493,1571,1397,1309,2068,1054,1799,1525,1443
2025-06-24 14:55:37.185,1481,1572,1410,1526,1334,2107,1132,1342,1526,1442
2025-06-24 14:55:37.284,1507,1652,1245,1616,1342,2523,1214,250,1523,1439
2025-06-24 14:55:37.384,1521,1705,1168,1719,1388,2303,1241,0,1521,1429
2025-06-24 14:55:37.484,1526,1719,1066,1693,1395,1181,1424,0,1525,1442
2025-06-24 14:55:37.585,1551,1763,897,1750,1443,112,1762,0,1529,1439
2025-06-24 14:55:37.680,1535,1765,855,1898,1461,0,2042,333,1520,1429
2025-06-24 14:55:37.780,1535,1737,922,1920,1550,0,2059,773,1522,1438
2025-06-24 14:55:37.880,1534,1731,996,1970,1776,571,2064,1158,1523,1450
2025-06-24 14:55:37.980,1541,1628,958,1975,1869,698,1979,1445,1520,1437
2025-06-24 14:55:38.080,1527,1531,1045,1937,1797,918,1904,1686,1530,1447
2025-06-24 14:55:38.180,1521,1498,1171,1955,1733,1465,1856,1827,1521,1437
2025-06-24 14:55:38.280,1530,1471,1360,1962,1647,1939,1712,2411,1530,1443
2025-06-24 14:55:38.380,1499,1447,1632,1846,1503,2228,1652,2895,1523,1449
2025-06-24 14:55:38.480,1462,1503,1882,1772,1497,2464,1488,3088,1530,1451
2025-06-24 14:55:38.579,1443,1549,2086,1648,1487,2544,1290,3169,1525,1467
2025-06-24 14:55:38.679,1423,1447,2240,1573,1472,2640,1201,3301,1520,1434
2025-06-24 14:55:38.778,1424,1392,2241,1472,1467,2645,1131,2901,1520,1435
2025-06-24 14:55:38.878,1431,1339,2087,1520,1436,2543,1078,2579,1526,1440
2025-06-24 14:55:38.978,1446,1349,1929,1479,1424,2230,1086,2230,1527,1443
2025-06-24 14:55:39.078,1451,1357,1899,1465,1424,1790,1150,2206,1523,1437
2025-06-24 14:55:39.178,1408,1354,1869,1488,1379,1956,1243,2226,1526,1443
2025-06-24 14:55:39.278,1363,1381,1905,1431,1305,2621,1408,1771,1542,1446
2025-06-24 14:55:39.377,1385,1472,1846,1455,1309,1903,1679,1286,1530,1446
2025-06-24 14:55:39.477,1419,1595,1631,1522,1333,730,1899,994,1535,1449
2025-06-24 14:55:39.577,1445,1655,1438,1633,1390,0,1914,1147,1524,1441
2025-06-24 14:55:39.677,1458,1725,1296,1617,1437,0,1903,1278,1522,1439
2025-06-24 14:55:39.776,1475,1763,977,1574,1487,580,1868,1202,1546,1451
2025-06-24 14:55:39.875,1488,1771,899,1521,1630,1169,1744,1246,1520,1439
2025-06-24 14:55:39.974,1495,1743,859,1523,1829,1280,1631,1585,1526,1442
2025-06-24 14:55:40.074,1520,1718,747,1468,1879,1549,1647,2105,1525,1441
2025-06-24 14:55:40.174,1535,1661,658,1419,1771,1894,1637,2471,1520,1435
2025-06-24 14:55:40.273,1546,1583,598,1417,1651,2185,1600,3022,1525,1439
2025-06-24 14:55:40.372,1549,1473,679,1456,1557,2367,1393,3469,1523,1442
2025-06-24 14:55:40.472,1566,1469,1045,1439,1488,2379,1299,3407,1522,1446
2025-06-24 14:55:40.571,1562,1489,1419,1438,1499,2461,1149,3123,1520,1439
2025-06-24 14:55:40.671,1534,1520,1843,1442,1456,2609,1055,2959,1534,1450
2025-06-24 14:55:40.771,1505,1601,2256,1456,1424,2679,954,2470,1523,1441
2025-06-24 14:55:40.870,1478,1521,2541,1423,1447,2717,1007,1920,1522,1436
2025-06-24 14:55:40.969,1452,1424,2620,1419,1427,2591,1149,1596,1534,1445
2025-06-24 14:55:41.069,1428,1353,2394,1438,1365,2302,1344,1445,1529,1447
2025-06-24 14:55:41.169,1421,1337,2116,1550,1334,2496,1535,1414,1530,1446
2025-06-24 14:55:41.269,1390,1309,1951,1511,1357,2103,1750,1010,1520,1442
2025-06-24 14:55:41.369,1415,1350,1919,1527,1313,656,1978,621,1525,1439
2025-06-24 14:55:41.469,1431,1390,1881,1511,1338,0,1959,734,1527,1441
2025-06-24 14:55:41.568,1382,1454,1798,1426,1405,0,1919,1008,1531,1453
2025-06-24 14:55:41.667,1334,1531,1583,1232,1423,58,2015,1117,1534,1453
2025-06-24 14:55:41.766,1344,1623,1335,1033,1495,412,1995,1323,1533,1451
2025-06-24 14:55:41.866,1401,1692,1232,848,1469,105,1802,1407,1526,1442
2025-06-24 14:55:41.965,1412,1763,1075,928,1589,0,1776,1472,1523,1441
2025-06-24 14:55:42.065,1443,1776,863,1035,1771,219,1870,1687,1520,1434
2025-06-24 14:55:42.165,1482,1723,832,1069,1830,845,1585,2045,1519,1437
2025-06-24 14:55:42.264,1518,1723,785,1273,1810,1436,1401,2477,1524,1442
2025-06-24 14:55:42.363,1546,1687,675,1417,1738,1810,1204,2827,1532,1444
2025-06-24 14:55:42.462,1574,1589,629,1443,1573,2056,1132,2836,1525,1440
2025-06-24 14:55:42.562,1579,1482,673,1517,1507,2292,1093,2736,1525,1440
2025-06-24 14:55:42.662,1581,1427,850,1584,1487,2375,1118,2576,1523,1439
2025-06-24 14:55:42.762,1586,1421,1181,1664,1481,2236,1190,2437,1520,1438
2025-06-24 14:55:42.862,1575,1442,1585,1759,1479,2106,1296,1989,1520,1434
2025-06-24 14:55:42.962,1550,1535,1947,1838,1521,1943,1563,1850,1529,1445
2025-06-24 14:55:43.062,1521,1476,2295,1929,1511,2402,1766,2160,1530,1447
2025-06-24 14:55:43.162,1511,1406,2526,1946,1398,2800,1950,2357,1523,1442
2025-06-24 14:55:43.261,1488,1339,2496,1981,1361,1683,2069,2221,1523,1438
2025-06-24 14:55:43.360,1456,1332,2310,1956,1340,560,2051,1517,1522,1437
2025-06-24 14:55:43.460,1433,1345,2160,1878,1329,44,1922,955,1527,1441
2025-06-24 14:55:43.559,1425,1378,2015,1747,1328,11,1803,799,1527,1442
2025-06-24 14:55:43.659,1418,1421,1920,1723,1377,58,1689,960,1535,1453
2025-06-24 14:55:43.759,1423,1496,1910,1698,1408,0,1511,1067,1542,1451
2025-06-24 14:55:43.859,1419,1558,1916,1748,1440,0,1462,1211,1526,1441
2025-06-24 14:55:43.959,1365,1639,1826,1706,1482,0,1370,1459,1521,1439
2025-06-24 14:55:44.059,1314,1712,1533,1600,1555,757,1152,1621,1525,1456
2025-06-24 14:55:44.159,1306,1773,1388,1571,1745,1472,1117,2079,1529,1436
2025-06-24 14:55:44.259,1317,1795,1147,1549,1802,1965,1072,2678,1523,1445
2025-06-24 14:55:44.358,1354,1771,976,1503,1744,2014,1070,3255,1520,1438
2025-06-24 14:55:44.457,1401,1741,912,1487,1677,1946,1085,3366,1517,1431
2025-06-24 14:55:44.556,1455,1689,831,1517,1616,2364,1063,3045,1520,1426
2025-06-24 14:55:44.656,1498,1595,607,1503,1562,2740,1082,2559,1520,1440
2025-06-24 14:55:44.755,1546,1546,415,1543,1489,2592,1242,2346,1522,1439
2025-06-24 14:55:44.854,1574,1497,402,1491,1456,2978,1380,2134,1529,1446
2025-06-24 14:55:44.954,1585,1507,646,1548,1480,4079,1489,1771,1523,1439
2025-06-24 14:55:45.054,1584,1507,1065,1488,1515,4095,1547,1363,1525,1443
2025-06-24 14:55:45.154,1584,1554,1511,1483,1497,4095,1557,1232,1522,1442
2025-06-24 14:55:45.254,1582,1516,1895,1568,1390,2189,1557,1203,1520,1442
2025-06-24 14:55:45.354,1555,1405,2288,1587,1424,996,1616,1094,1529,1447
2025-06-24 14:55:45.454,1521,1361,2501,1527,1346,1070,1678,630,1535,1450
2025-06-24 14:55:45.553,1494,1381,2453,1470,1323,1552,1655,420,1545,1456
2025-06-24 14:55:45.653,1471,1410,2234,1413,1346,1765,1600,479,1533,1443
2025-06-24 14:55:45.752,1459,1439,2086,1360,1383,1856,1558,621,1530,1445
2025-06-24 14:55:45.851,1453,1437,1951,1361,1414,2000,1535,833,1524,1435
2025-06-24 14:55:45.951,1441,1485,1867,1434,1461,2114,1328,1017,1520,1439
2025-06-24 14:55:46.051,1450,1542,1894,1513,1452,2112,1202,1073,1518,1427
2025-06-24 14:55:46.151,1466,1616,1840,1497,1579,2031,1150,1225,1519,1432
2025-06-24 14:55:46.250,1430,1682,1655,1462,1730,1940,1137,1451,1520,1437
2025-06-24 14:55:46.349,1389,1712,1450,1411,1803,1891,1152,1663,1525,1445
2025-06-24 14:55:46.449,1388,1745,1327,1438,1795,1637,1196,1855,1530,1459
2025-06-24 14:55:46.549,1424,1749,1069,1456,1696,1229,1358,1745,1534,1442
2025-06-24 14:55:46.653,1456,1668,946,1435,1579,1050,1647,1597,1521,1438
2025-06-24 14:55:46.753,1456,1639,863,1450,1487,1155,1790,1415,1519,1431
2025-06-24 14:55:46.852,1493,1589,779,1506,1496,1336,1899,944,1531,1445
2025-06-24 14:55:46.951,1526,1502,624,1516,1507,1308,1966,739,1527,1441
2025-06-24 14:55:47.050,1543,1481,670,1503,1500,494,1858,829,1534,1445
2025-06-24 14:55:47.149,1552,1477,893,1516,1483,0,1811,999,1533,1445
2025-06-24 14:55:47.249,1563,1474,1266,1510,1429,0,1741,1235,1533,1445
2025-06-24 14:55:47.348,1574,1510,1728,1485,1360,0,1773,1121,1526,1438
2025-06-24 14:55:47.448,1575,1545,2114,1534,1333,0,1790,849,1527,1439
2025-06-24 14:55:47.548,1574,1451,2447,1573,1333,0,1747,913,1531,1446
2025-06-24 14:55:47.649,1529,1367,2623,1440,1328,213,1673,1119,1529,1443
2025-06-24 14:55:47.744,1535,1390,2506,1194,1323,1442,1501,1314,1527,1438
2025-06-24 14:55:47.844,1502,1403,2285,1008,1363,2905,1386,1466,1519,1429
2025-06-24 14:55:47.943,1472,1426,2115,960,1424,4095,1263,1463,1520,1436
2025-06-24 14:55:48.043,1453,1419,1936,951,1489,4095,1152,1590,1527,1443
2025-06-24 14:55:48.143,1430,1486,1802,1072,1507,4095,1136,1803,1522,1443
2025-06-24 14:55:48.243,1431,1561,1744,1166,1564,4095,1311,2076,1535,1446
2025-06-24 14:55:48.343,1443,1638,1741,1278,1751,4095,1344,2440,1525,1445
2025-06-24 14:55:48.442,1441,1680,1604,1383,1795,4095,1446,2910,1523,1440
2025-06-24 14:55:48.542,1428,1712,1344,1437,1778,4059,1670,2958,1520,1435
2025-06-24 14:55:48.642,1392,1754,1232,1501,1730,3687,1753,2773,1526,1442
2025-06-24 14:55:48.741,1449,1719,1106,1744,1600,3305,1824,2589,1520,1431
2025-06-24 14:55:48.840,1469,1680,1086,1847,1509,2895,1879,2291,1518,1427
2025-06-24 14:55:48.939,1493,1631,1072,1856,1488,3042,1873,1927,1519,1431
2025-06-24 14:55:49.039,1503,1523,1059,1840,1488,2487,1872,1715,1527,1442
2025-06-24 14:55:49.139,1521,1447,1081,1886,1488,1501,1825,1662,1531,1442
2025-06-24 14:55:49.239,1535,1424,1123,1904,1456,813,1777,1671,1532,1443
2025-06-24 14:55:49.339,1547,1431,1250,1985,1459,620,1677,1083,1530,1440
2025-06-24 14:55:49.438,1552,1470,1397,1872,1335,754,1650,509,1543,1455
2025-06-24 14:55:49.538,1552,1554,1571,1839,1343,955,1643,560,1543,1455
2025-06-24 14:55:49.638,1534,1563,1684,1809,1344,1021,1487,802,1531,1445
2025-06-24 14:55:49.737,1522,1471,1784,1753,1347,934,1309,1013,1520,1431
2025-06-24 14:55:49.837,1515,1405,1791,1680,1392,673,1243,1106,1520,1433
2025-06-24 14:55:49.936,1497,1391,1712,1572,1437,549,1215,1213,1527,1435
2025-06-24 14:55:50.035,1463,1392,1663,1519,1471,655,1216,1250,1519,1429
2025-06-24 14:55:50.135,1447,1421,1618,1490,1522,913,1347,1334,1520,1439
2025-06-24 14:55:50.234,1439,1462,1602,1491,1543,1099,1366,1532,1525,1430
2025-06-24 14:55:50.334,1409,1523,1616,1437,1520,1285,1552,1995,1525,1442
2025-06-24 14:55:50.433,1419,1559,1550,1531,1645,1578,1716,2365,1522,1439
2025-06-24 14:55:50.532,1425,1599,1320,1510,1762,1817,1840,2416,1522,1447
2025-06-24 14:55:50.632,1449,1637,1275,1439,1793,2006,2010,2179,1522,1440
2025-06-24 14:55:50.731,1429,1661,1134,1408,1722,2117,1971,2034,1535,1447
2025-06-24 14:55:50.830,1412,1670,1071,1473,1648,2752,1867,1798,1526,1440
2025-06-24 14:55:50.929,1427,1675,1086,1543,1569,2832,1694,1456,1533,1442
2025-06-24 14:55:51.028,1456,1666,1136,1569,1579,2000,1583,1185,1526,1441
2025-06-24 14:55:51.128,1477,1654,1216,1621,1490,1233,1585,1221,1532,1451
2025-06-24 14:55:51.228,1502,1552,1294,1578,1442,834,1563,1199,1521,1435
2025-06-24 14:55:51.328,1491,1456,1329,1615,1420,827,1550,477,1526,1440
2025-06-24 14:55:51.428,1525,1445,1433,1571,1433,1034,1472,185,1547,1456
2025-06-24 14:55:51.528,1523,1445,1549,1552,1311,957,1319,408,1541,1451
2025-06-24 14:55:51.628,1535,1483,1635,1564,1354,797,1076,835,1531,1446
2025-06-24 14:55:51.728,1529,1526,1729,1454,1415,563,827,1133,1529,1444
2025-06-24 14:55:51.828,1552,1615,1776,1429,1370,489,816,1157,1531,1445
2025-06-24 14:55:51.927,1520,1527,1725,1471,1391,631,816,1221,1522,1442
2025-06-24 14:55:52.027,1511,1459,1648,1455,1360,781,942,1305,1527,1443
2025-06-24 14:55:52.127,1519,1410,1520,1514,1411,697,1013,1595,1531,1448
2025-06-24 14:55:52.227,1506,1398,1488,1461,1442,996,1260,1936,1522,1441
2025-06-24 14:55:52.327,1456,1404,1488,1374,1490,1615,1493,2479,1523,1440
2025-06-24 14:55:52.426,1424,1429,1392,1509,1557,2224,1796,2918,1520,1440
2025-06-24 14:55:52.526,1401,1450,1299,1491,1749,2770,1929,2832,1520,1423
2025-06-24 14:55:52.626,1398,1485,1247,1437,1830,3075,1911,2635,1520,1441
2025-06-24 14:55:52.726,1412,1545,1161,1430,1792,3373,1883,2408,1526,1439
2025-06-24 14:55:52.826,1425,1603,1029,1443,1705,3502,1920,1972,1526,1441
2025-06-24 14:55:52.925,1424,1668,1081,1381,1600,2524,1903,1523,1525,1441
2025-06-24 14:55:53.025,1386,1696,1166,1415,1575,1437,1873,1207,1547,1454
2025-06-24 14:55:53.125,1392,1731,1243,1446,1510,791,1703,1037,1535,1451
2025-06-24 14:55:53.225,1421,1723,1296,1471,1522,611,1604,673,1533,1446
2025-06-24 14:55:53.324,1456,1736,1351,1521,1505,545,1339,0,1535,1447
2025-06-24 14:55:53.423,1486,1674,1392,1587,1487,203,1231,0,1531,1451
2025-06-24 14:55:53.522,1503,1577,1520,1589,1442,0,1079,231,1533,1444
2025-06-24 14:55:53.622,1509,1479,1681,1571,1355,0,997,589,1535,1450
2025-06-24 14:55:53.721,1514,1456,1767,1563,1337,0,908,915,1523,1436
2025-06-24 14:55:53.821,1520,1450,1859,1553,1341,0,1013,1104,1519,1427
2025-06-24 14:55:53.921,1523,1475,1909,1510,1319,80,1213,1498,1518,1433
2025-06-24 14:55:54.021,1534,1561,1814,1515,1317,983,1505,1990,1518,1431
2025-06-24 14:55:54.121,1530,1519,1686,1511,1348,1949,1749,2319,1517,1430
2025-06-24 14:55:54.221,1520,1418,1582,1594,1401,2688,1935,2498,1517,1439
2025-06-24 14:55:54.321,1495,1353,1533,1543,1389,3712,2122,2925,1518,1431
2025-06-24 14:55:54.420,1491,1354,1470,1402,1407,4095,2109,3086,1519,1439
2025-06-24 14:55:54.520,1458,1380,1302,1232,1429,4095,2075,2676,1525,1443
2025-06-24 14:55:54.620,1425,1415,1269,1109,1705,4095,1968,2277,1525,1443
2025-06-24 14:55:54.720,1383,1407,1251,987,1845,4095,1919,1799,1525,1444
2025-06-24 14:55:54.820,1345,1441,1079,1020,1824,3930,1965,1220,1527,1439
2025-06-24 14:55:54.919,1343,1488,1119,1040,1743,2326,1904,927,1533,1445
2025-06-24 14:55:55.019,1363,1595,1173,1161,1665,1123,1751,738,1535,1453
2025-06-24 14:55:55.119,1401,1702,1246,1215,1584,538,1486,726,1547,1451
2025-06-24 14:55:55.219,1419,1771,1290,1360,1511,585,1338,48,1541,1451
2025-06-24 14:55:55.318,1385,1811,1340,1463,1499,599,1184,0,1535,1449
2025-06-24 14:55:55.417,1399,1795,1409,1508,1441,323,967,0,1530,1450
2025-06-24 14:55:55.517,1449,1764,1493,1635,1421,0,879,384,1523,1440
2025-06-24 14:55:55.617,1489,1728,1627,1712,1455,0,850,879,1520,1436
2025-06-24 14:55:55.716,1520,1639,1842,1776,1358,0,1008,1200,1527,1441
2025-06-24 14:55:55.816,1541,1493,1926,1821,1335,0,1283,1332,1525,1441
2025-06-24 14:55:55.915,1553,1438,1927,1903,1430,306,1504,1408,1526,1441
2025-06-24 14:55:56.015,1561,1423,1829,1978,1325,1072,1671,1558,1531,1445
2025-06-24 14:55:56.114,1562,1425,1737,2009,1296,1888,1805,1727,1535,1456
2025-06-24 14:55:56.214,1569,1479,1615,1996,1311,2705,1919,1939,1531,1443
2025-06-24 14:55:56.314,1565,1508,1565,1914,1373,3760,1849,2417,1520,1440
2025-06-24 14:55:56.414,1554,1465,1446,1830,1488,4095,1843,2641,1521,1437
2025-06-24 14:55:56.514,1541,1362,1312,1746,1483,4095,1877,2481,1520,1438
2025-06-24 14:55:56.614,1548,1353,1232,1671,1547,4095,1776,2312,1521,1436
2025-06-24 14:55:56.718,1552,1390,1445,1609,1783,4095,1616,1968,1520,1431
2025-06-24 14:55:56.818,1491,1381,1910,1493,1942,4095,1543,1403,1516,1426
2025-06-24 14:55:56.918,1463,1427,2165,1422,1920,1825,1415,1216,1523,1437
2025-06-24 14:55:57.017,1431,1452,1979,1387,1819,310,1289,1216,1530,1442
2025-06-24 14:55:57.116,1421,1535,1632,1439,1671,0,1119,1192,1543,1450
2025-06-24 14:55:57.216,1425,1617,1318,1376,1552,0,1023,688,1547,1449
2025-06-24 14:55:57.316,1433,1661,1055,1469,1419,526,941,656,1535,1445
2025-06-24 14:55:57.416,1441,1712,970,1504,1415,1305,1114,914,1535,1467
2025-06-24 14:55:57.516,1427,1775,929,1510,1408,775,1154,1164,1541,1455
2025-06-24 14:55:57.616,1410,1778,1008,1543,1473,272,1332,1582,1525,1442
2025-06-24 14:55:57.717,1421,1716,1216,1510,1405,299,1600,1757,1525,1439
2025-06-24 14:55:57.812,1453,1699,1354,1518,1342,485,1845,1841,1515,1429
2025-06-24 14:55:57.912,1470,1649,1501,1501,1342,465,2032,1903,1523,1443
2025-06-24 14:55:58.011,1513,1533,1535,1507,1346,433,2055,1963,1522,1440
2025-06-24 14:55:58.111,1516,1466,1558,1492,1296,845,1963,1955,1521,1439
2025-06-24 14:55:58.211,1522,1471,1546,1589,1255,1520,1999,1973,1516,1429
2025-06-24 14:55:58.311,1534,1488,1573,1627,1314,2288,2096,1967,1518,1428
2025-06-24 14:55:58.411,1535,1497,1598,1581,1401,2917,2163,2150,1511,1429
2025-06-24 14:55:58.511,1535,1593,1437,1476,1453,3287,2073,2289,1520,1437
2025-06-24 14:55:58.611,1528,1530,1405,1461,1469,3487,1967,2239,1528,1445
2025-06-24 14:55:58.711,1530,1431,1406,1454,1504,3613,1655,1834,1530,1445
2025-06-24 14:55:58.811,1523,1365,1199,1410,1729,3559,1459,1449,1521,1436
2025-06-24 14:55:58.911,1527,1357,1202,1399,1860,2823,1170,1215,1526,1425
2025-06-24 14:55:59.012,1517,1360,1307,1453,1866,1627,890,1070,1530,1442
2025-06-24 14:55:59.112,1472,1398,1360,1506,1765,925,786,761,1530,1441
2025-06-24 14:55:59.212,1423,1439,1407,1469,1670,810,816,317,1542,1441
2025-06-24 14:55:59.312,1399,1484,1428,1534,1566,1006,903,208,1534,1450
2025-06-24 14:55:59.412,1403,1555,1462,1574,1523,1360,1183,561,1533,1447
2025-06-24 14:55:59.512,1423,1617,1478,1535,1485,1227,1421,929,1530,1444
2025-06-24 14:55:59.612,1446,1680,1552,1445,1489,307,1651,1387,1527,1439
2025-06-24 14:55:59.712,1431,1739,1665,1485,1545,0,1776,1712,1520,1438
2025-06-24 14:55:59.812,1412,1773,1746,1461,1456,0,1840,1826,1520,1435
2025-06-24 14:55:59.912,1451,1731,1803,1486,1360,0,1830,1843,1519,1431
2025-06-24 14:56:00.011,1465,1719,1818,1510,1303,10,1739,1773,1521,1435
2025-06-24 14:56:00.117,1497,1717,1785,1521,1354,1045,1743,1753,1522,1431
2025-06-24 14:56:00.211,1520,1644,1699,1505,1282,1943,1764,1772,1522,1440
2025-06-24 14:56:00.310,1534,1535,1622,1467,1296,2677,1711,1861,1525,1442
2025-06-24 14:56:00.409,1518,1469,1565,1497,1366,3401,1601,2192,1528,1447
2025-06-24 14:56:00.508,1489,1457,1439,1409,1422,4095,1471,2299,1525,1439
2025-06-24 14:56:00.607,1485,1453,1321,1462,1458,4095,1285,1907,1529,1447
2025-06-24 14:56:00.706,1479,1493,1278,1552,1485,4095,1070,1458,1526,1441
2025-06-24 14:56:00.806,1501,1517,1104,1499,1522,3783,919,1266,1535,1449
2025-06-24 14:56:00.905,1488,1437,990,1520,1682,3065,946,1198,1533,1451
2025-06-24 14:56:01.005,1488,1374,1091,1523,1815,1835,1013,1137,1535,1447
2025-06-24 14:56:01.105,1489,1334,1200,1616,1872,1153,1082,641,1533,1448
2025-06-24 14:56:01.205,1505,1344,1296,1593,1799,402,1091,291,1525,1425
2025-06-24 14:56:01.304,1503,1398,1357,1555,1702,313,1262,416,1527,1441
2025-06-24 14:56:01.403,1425,1398,1355,1570,1597,899,1571,750,1530,1444
2025-06-24 14:56:01.502,1359,1458,1391,1517,1569,67,1821,1141,1523,1439
2025-06-24 14:56:01.601,1349,1543,1466,1558,1521,0,1959,1517,1533,1451
2025-06-24 14:56:01.700,1331,1601,1573,1533,1520,0,1931,1767,1527,1441
2025-06-24 14:56:01.799,1379,1669,1677,1527,1497,0,1856,1886,1521,1437
2025-06-24 14:56:01.898,1424,1719,1774,1470,1514,33,1803,1936,1521,1435
2025-06-24 14:56:01.997,1429,1776,1830,1473,1375,878,1868,1962,1525,1441
2025-06-24 14:56:02.097,1414,1754,1743,1495,1264,1728,1981,2077,1523,1439
2025-06-24 14:56:02.197,1425,1712,1687,1466,1247,2290,2075,2245,1514,1430
2025-06-24 14:56:02.296,1456,1687,1600,1334,1247,2747,1875,2270,1523,1437
2025-06-24 14:56:02.396,1465,1609,1594,1139,1219,3027,1622,2330,1520,1434
2025-06-24 14:56:02.495,1519,1535,1657,1089,1287,2800,1366,2315,1526,1444
2025-06-24 14:56:02.595,1546,1474,1616,1077,1325,2800,1293,2192,1527,1439
2025-06-24 14:56:02.694,1552,1486,1482,1113,1390,2992,1079,1756,1520,1426
2025-06-24 14:56:02.794,1553,1461,1363,1135,1428,3234,928,1372,1530,1449
2025-06-24 14:56:02.894,1553,1505,1232,1217,1459,3363,895,1173,1527,1446
2025-06-24 14:56:02.994,1555,1580,1147,1300,1712,2432,1019,1136,1532,1443
2025-06-24 14:56:03.093,1550,1483,1076,1380,1808,1293,1167,725,1535,1447
2025-06-24 14:56:03.193,1535,1415,961,1444,1808,381,1476,555,1534,1451
2025-06-24 14:56:03.292,1535,1357,1008,1523,1842,0,1755,624,1529,1446
2025-06-24 14:56:03.392,1535,1331,1088,1567,1745,109,1982,871,1531,1440
2025-06-24 14:56:03.492,1535,1360,1134,1698,1650,426,2192,1158,1524,1440
2025-06-24 14:56:03.592,1491,1393,1251,1849,1552,139,2098,1554,1520,1437
2025-06-24 14:56:03.691,1443,1423,1401,1918,1505,0,1914,1816,1526,1440
2025-06-24 14:56:03.790,1411,1469,1645,1921,1505,0,1872,1797,1534,1450
2025-06-24 14:56:03.889,1394,1555,1887,1967,1424,0,1867,1884,1526,1444
2025-06-24 14:56:03.988,1410,1637,1967,1939,1378,604,1874,1941,1530,1445
2025-06-24 14:56:04.087,1426,1698,1914,1859,1282,1488,1792,1990,1527,1446
2025-06-24 14:56:04.187,1455,1747,1895,1739,1257,2256,1669,2064,1525,1424
2025-06-24 14:56:04.286,1439,1763,1828,1699,1361,2731,1383,2115,1519,1434
2025-06-24 14:56:04.386,1403,1725,1680,1631,1373,3184,1238,2355,1522,1441
2025-06-24 14:56:04.485,1417,1707,1632,1544,1373,3746,1117,2362,1530,1450
2025-06-24 14:56:04.585,1440,1677,1694,1494,1394,4033,971,1834,1530,1443
2025-06-24 14:56:04.684,1487,1616,2128,1467,1409,3061,1008,1419,1520,1433
2025-06-24 14:56:04.784,1506,1549,2058,1406,1427,2829,997,1277,1529,1441
2025-06-24 14:56:04.883,1521,1507,1654,1456,1494,3124,1153,1293,1530,1443
2025-06-24 14:56:04.982,1525,1494,1342,1439,1527,2739,1222,1366,1525,1440
2025-06-24 14:56:05.082,1521,1482,1136,1492,1710,1679,1473,718,1527,1440
2025-06-24 14:56:05.182,1531,1535,1107,1615,1851,741,1679,322,1525,1441
2025-06-24 14:56:05.282,1547,1488,1105,1569,1849,0,1745,400,1525,1441
2025-06-24 14:56:05.381,1552,1375,1133,1603,1821,0,1789,748,1525,1440
2025-06-24 14:56:05.481,1535,1296,1179,1549,1710,123,1771,1200,1523,1440
2025-06-24 14:56:05.581,1533,1284,1329,1573,1680,222,1758,1495,1526,1442
2025-06-24 14:56:05.681,1535,1307,1438,1585,1692,0,1694,1706,1523,1437
2025-06-24 14:56:05.781,1533,1339,1607,1511,1610,0,1686,1887,1520,1437
2025-06-24 14:56:05.881,1490,1377,1670,1458,1503,0,1623,1949,1527,1441
2025-06-24 14:56:05.980,1451,1439,1646,1535,1456,0,1489,2026,1531,1441
2025-06-24 14:56:06.079,1436,1535,1599,1511,1379,0,1405,2054,1525,1441
2025-06-24 14:56:06.179,1435,1598,1578,1579,1238,0,1284,2086,1519,1431
2025-06-24 14:56:06.278,1452,1723,1545,1525,1232,0,1297,2214,1535,1453
2025-06-24 14:56:06.377,1456,1792,1548,1547,1251,770,1241,2370,1542,1453
2025-06-24 14:56:06.476,1469,1829,1505,1433,1264,2165,1123,2409,1533,1450
2025-06-24 14:56:06.576,1459,1781,1499,1455,1303,2944,1039,2221,1520,1436
2025-06-24 14:56:06.676,1411,1760,1519,1545,1317,4095,1072,1816,1520,1435
2025-06-24 14:56:06.780,1411,1731,1600,1486,1406,4095,1243,1661,1527,1435
2025-06-24 14:56:06.880,1447,1699,1697,1447,1409,4095,1417,1519,1525,1443
2025-06-24 14:56:06.979,1481,1598,1680,1471,1439,3823,1665,1600,1526,1441
2025-06-24 14:56:07.078,1509,1507,1526,1471,1459,2335,1867,1071,1520,1436
2025-06-24 14:56:07.177,1520,1465,1432,1431,1711,1486,2039,784,1531,1446
2025-06-24 14:56:07.277,1526,1439,1488,1451,1855,863,2064,574,1523,1439
2025-06-24 14:56:07.376,1517,1443,1913,1453,1872,1150,1989,570,1525,1438
2025-06-24 14:56:07.475,1518,1520,2039,1430,1839,1873,1930,735,1530,1445
2025-06-24 14:56:07.575,1509,1435,1853,1439,1730,1737,1798,960,1523,1440
2025-06-24 14:56:07.675,1515,1351,1655,1584,1649,1344,1744,986,1525,1441
2025-06-24 14:56:07.776,1511,1355,2009,1600,1613,1230,1659,879,1543,1456
2025-06-24 14:56:07.871,1486,1296,2255,1545,1582,787,1346,748,1526,1442
2025-06-24 14:56:07.971,1505,1378,2166,1510,1603,949,1162,796,1531,1451
2025-06-24 14:56:08.070,1517,1416,1936,1456,1527,1808,1040,1005,1527,1446
2025-06-24 14:56:08.170,1506,1462,1670,1424,1447,2480,831,1509,1529,1441
2025-06-24 14:56:08.270,1462,1535,1424,1461,1303,2769,698,2147,1529,1451
2025-06-24 14:56:08.370,1424,1605,1215,1545,1316,2250,755,2085,1523,1441
2025-06-24 14:56:08.469,1402,1661,1066,1542,1296,1229,881,1623,1533,1449
2025-06-24 14:56:08.568,1403,1710,997,1524,1264,1506,1213,807,1529,1442
2025-06-24 14:56:08.668,1408,1744,971,1503,1239,2458,1546,300,1526,1439
2025-06-24 14:56:08.768,1447,1715,995,1562,1279,3213,1829,337,1520,1430
2025-06-24 14:56:08.867,1441,1680,1120,1534,1338,3285,2064,561,1524,1444
2025-06-24 14:56:08.967,1424,1659,1280,1485,1390,2432,2151,784,1521,1441
2025-06-24 14:56:09.066,1391,1657,1363,1532,1408,1680,2124,217,1523,1437
2025-06-24 14:56:09.166,1407,1600,1456,1567,1478,1607,2059,0,1525,1436
2025-06-24 14:56:09.265,1438,1514,1446,1488,1685,1568,2108,0,1525,1433
2025-06-24 14:56:09.364,1456,1474,1515,1477,1845,1858,2029,555,1527,1440
2025-06-24 14:56:09.463,1488,1456,1329,1502,1885,2146,1862,1375,1532,1443
2025-06-24 14:56:09.562,1496,1462,1257,1477,1803,2135,1767,1853,1530,1443
2025-06-24 14:56:09.662,1507,1553,1168,1551,1731,2071,1503,2027,1525,1438
2025-06-24 14:56:09.762,1507,1498,1071,1567,1693,1709,1067,2206,1533,1442
2025-06-24 14:56:09.862,1522,1412,1040,1494,1667,925,839,2384,1530,1443
2025-06-24 14:56:09.962,1531,1374,1108,1531,1626,683,665,2710,1526,1440
2025-06-24 14:56:10.062,1545,1392,1253,1520,1515,1057,752,3211,1522,1442
2025-06-24 14:56:10.162,1533,1382,1543,1523,1476,1344,784,4031,1519,1429
2025-06-24 14:56:10.261,1527,1365,1787,1551,1375,1392,1001,3478,1519,1437
2025-06-24 14:56:10.361,1495,1397,1893,1575,1274,1952,1283,3029,1519,1430
2025-06-24 14:56:10.460,1465,1463,1918,1601,1235,2634,1673,2650,1520,1435
2025-06-24 14:56:10.559,1442,1530,1862,1585,1235,3244,2004,2331,1525,1439
2025-06-24 14:56:10.658,1417,1611,1776,1472,1247,3156,2278,2213,1520,1438
2025-06-24 14:56:10.758,1402,1687,1631,1409,1311,2578,2334,1850,1523,1437
2025-06-24 14:56:10.858,1405,1749,1571,1264,1357,2311,2235,1455,1526,1440
2025-06-24 14:56:10.958,1417,1765,1520,1165,1413,2240,2179,1357,1534,1445
2025-06-24 14:56:11.058,1427,1726,1547,982,1461,2281,2096,929,1531,1447
2025-06-24 14:56:11.158,1429,1694,1552,988,1501,1920,1999,0,1535,1448
2025-06-24 14:56:11.258,1433,1665,1553,1088,1616,1392,1925,0,1534,1451
2025-06-24 14:56:11.358,1417,1641,1544,1169,1776,1066,1875,0,1542,1455
2025-06-24 14:56:11.457,1385,1547,1620,1277,1888,1113,1510,304,1532,1447
2025-06-24 14:56:11.556,1405,1495,1921,1367,1874,1378,1062,717,1535,1451
2025-06-24 14:56:11.655,1418,1453,1977,1371,1780,1440,869,1170,1531,1451
2025-06-24 14:56:11.755,1478,1445,1840,1508,1643,1328,769,1472,1523,1440
2025-06-24 14:56:11.854,1505,1456,1677,1621,1545,714,688,1885,1527,1441
2025-06-24 14:56:11.953,1520,1552,1557,1738,1473,481,669,2349,1520,1437
2025-06-24 14:56:12.053,1542,1458,1431,1766,1456,747,790,3019,1521,1442
2025-06-24 14:56:12.153,1546,1376,1274,1772,1414,1152,1139,3184,1520,1441
2025-06-24 14:56:12.253,1557,1357,1168,1837,1360,1488,1402,2987,1519,1431
2025-06-24 14:56:12.353,1567,1343,1163,1843,1328,2000,1659,2809,1523,1437
2025-06-24 14:56:12.453,1555,1425,1232,1808,1198,2583,1938,2463,1530,1441
2025-06-24 14:56:12.553,1558,1477,1369,1813,1226,3210,2193,2115,1527,1447
2025-06-24 14:56:12.653,1552,1527,1488,1801,1232,3660,2170,1602,1535,1453
2025-06-24 14:56:12.753,1550,1553,1654,1840,1253,3680,2042,1194,1531,1446
2025-06-24 14:56:12.853,1521,1613,1796,1745,1285,3307,2001,1149,1523,1435
2025-06-24 14:56:12.953,1510,1659,1851,1600,1332,2704,1968,1166,1527,1446
2025-06-24 14:56:13.052,1486,1711,1919,1559,1354,2368,1909,567,1526,1441
2025-06-24 14:56:13.152,1470,1721,1882,1601,1383,1924,1866,0,1522,1436
2025-06-24 14:56:13.252,1442,1697,1871,1499,1428,1291,1773,96,1533,1446
2025-06-24 14:56:13.352,1430,1653,1883,1426,1520,960,1228,404,1531,1438
2025-06-24 14:56:13.452,1418,1631,1792,1474,1682,1040,882,658,1520,1430
2025-06-24 14:56:13.551,1468,1626,1694,1466,1771,1327,789,927,1531,1447
2025-06-24 14:56:13.651,1449,1555,1499,1494,1777,1483,714,1183,1532,1447
2025-06-24 14:56:13.751,1455,1515,1395,1525,1707,967,758,1485,1526,1442
2025-06-24 14:56:13.850,1413,1447,1371,1530,1648,277,999,1761,1525,1438
2025-06-24 14:56:13.950,1387,1427,1444,1550,1675,59,1119,2099,1524,1440
2025-06-24 14:56:14.049,1415,1447,1603,1470,1530,0,1318,2551,1532,1441
2025-06-24 14:56:14.149,1452,1565,1627,1556,1465,80,1675,2832,1532,1445
2025-06-24 14:56:14.248,1477,1561,1408,1557,1445,799,2006,2634,1525,1438
2025-06-24 14:56:14.348,1498,1510,1138,1618,1457,1610,2221,2352,1523,1438
2025-06-24 14:56:14.447,1520,1451,801,1585,1378,2256,2246,2090,1519,1431
2025-06-24 14:56:14.546,1552,1426,538,1514,1285,2832,2134,1897,1531,1445
2025-06-24 14:56:14.645,1567,1446,243,1457,1322,3303,2099,1623,1532,1447
2025-06-24 14:56:14.745,1577,1445,330,1451,1424,3425,2096,1213,1524,1428
2025-06-24 14:56:14.844,1582,1453,609,1469,1417,3249,2009,1104,1534,1447
2025-06-24 14:56:14.944,1571,1481,929,1486,1405,3027,1857,990,1531,1445
2025-06-24 14:56:15.043,1580,1565,1089,1481,1411,2767,1705,439,1523,1437
2025-06-24 14:56:15.143,1584,1648,1069,1479,1405,1936,1471,102,1526,1437
2025-06-24 14:56:15.243,1557,1666,942,1472,1441,1023,1011,128,1523,1439
2025-06-24 14:56:15.343,1529,1671,891,1535,1472,377,880,382,1531,1450
2025-06-24 14:56:15.442,1507,1621,905,1472,1540,319,738,773,1531,1451
2025-06-24 14:56:15.541,1484,1605,995,1471,1712,738,778,1088,1530,1445
2025-06-24 14:56:15.640,1451,1622,1139,1459,1759,877,880,1311,1534,1446
2025-06-24 14:56:15.740,1439,1619,1309,1454,1813,259,1067,1558,1523,1435
2025-06-24 14:56:15.840,1430,1595,1511,1489,1794,0,1306,1948,1531,1447
2025-06-24 14:56:15.939,1433,1472,1718,1534,1779,0,1625,2293,1528,1443
2025-06-24 14:56:16.039,1435,1456,1961,1499,1729,123,1920,2495,1520,1429
2025-06-24 14:56:16.139,1443,1461,2107,1455,1671,667,2205,2866,1514,1429
2025-06-24 14:56:16.238,1444,1441,2109,1433,1620,869,2295,2975,1519,1435
2025-06-24 14:56:16.338,1402,1472,2129,1503,1501,1166,2155,2791,1520,1435
2025-06-24 14:56:16.437,1396,1529,2047,1521,1425,1719,1991,2409,1525,1442
2025-06-24 14:56:16.536,1426,1490,1851,1473,1417,2032,2007,1879,1534,1446
2025-06-24 14:56:16.635,1460,1429,1759,1555,1406,2416,1957,1481,1530,1442
2025-06-24 14:56:16.735,1472,1386,1765,1563,1338,2884,1904,1184,1535,1445
2025-06-24 14:56:16.838,1488,1397,1785,1622,1456,3102,1744,1142,1533,1445
2025-06-24 14:56:16.937,1491,1424,1719,1577,1463,3371,1577,1069,1535,1456
2025-06-24 14:56:17.037,1499,1479,1723,1572,1371,2879,1183,369,1535,1440
2025-06-24 14:56:17.137,1504,1477,1725,1515,1344,2111,1072,2,1520,1442
2025-06-24 14:56:17.236,1490,1502,1609,1455,1367,1593,944,141,1520,1434
2025-06-24 14:56:17.335,1509,1589,1543,1441,1398,1525,846,445,1525,1438
2025-06-24 14:56:17.434,1511,1648,1490,1507,1395,1769,991,841,1523,1437
2025-06-24 14:56:17.534,1513,1699,1523,1519,1466,2000,1075,1111,1527,1442
2025-06-24 14:56:17.634,1507,1711,1567,1584,1664,1324,1152,1189,1530,1441
2025-06-24 14:56:17.734,1521,1697,1626,1577,1733,354,1309,1264,1535,1447
2025-06-24 14:56:17.835,1510,1643,1730,1524,1792,65,1515,1554,1526,1440
2025-06-24 14:56:17.930,1462,1636,1805,1481,1744,560,1854,1840,1521,1437
2025-06-24 14:56:18.030,1425,1636,1841,1542,1773,1187,2157,2103,1525,1437
2025-06-24 14:56:18.129,1406,1552,1871,1559,1699,1659,2181,2394,1526,1446
2025-06-24 14:56:18.229,1402,1491,1947,1480,1574,2053,1988,2347,1523,1442
2025-06-24 14:56:18.329,1408,1437,1971,1472,1435,2275,1871,2327,1523,1442
2025-06-24 14:56:18.429,1422,1430,1926,1535,1409,2524,1726,2320,1527,1446
2025-06-24 14:56:18.529,1438,1456,1936,1463,1372,2862,1663,2251,1524,1441
2025-06-24 14:56:18.628,1434,1551,1867,1517,1410,2928,1579,2030,1529,1442
2025-06-24 14:56:18.728,1383,1506,1772,1473,1283,2973,1568,1766,1520,1431
2025-06-24 14:56:18.828,1382,1471,1584,1527,1361,2975,1341,1741,1530,1444
2025-06-24 14:56:18.928,1392,1422,1488,1559,1422,2803,1152,1798,1519,1428
2025-06-24 14:56:19.028,1446,1405,1503,1583,1373,1979,1077,1216,1531,1443
2025-06-24 14:56:19.127,1482,1442,1482,1579,1358,1088,1027,607,1542,1453
2025-06-24 14:56:19.226,1488,1435,1221,1535,1375,546,1045,636,1542,1451
2025-06-24 14:56:19.325,1493,1414,1099,1520,1419,493,1065,912,1547,1455
2025-06-24 14:56:19.425,1505,1488,1068,1526,1462,741,1138,1091,1525,1441
2025-06-24 14:56:19.524,1519,1568,1139,1545,1490,721,1325,1249,1523,1438
2025-06-24 14:56:19.624,1525,1648,1199,1497,1599,0,1486,1371,1522,1437
2025-06-24 14:56:19.724,1535,1684,1270,1495,1751,0,1678,1581,1520,1437
2025-06-24 14:56:19.824,1547,1702,1413,1511,1918,0,1883,1664,1525,1442
2025-06-24 14:56:19.924,1527,1730,1456,1519,1910,153,1833,1805,1521,1439
2025-06-24 14:56:20.023,1552,1716,1553,1469,1835,905,1868,1920,1515,1432
2025-06-24 14:56:20.122,1554,1699,1648,1409,1719,1596,1859,2380,1520,1434
2025-06-24 14:56:20.222,1533,1680,1745,1429,1691,2192,1811,2298,1529,1447
2025-06-24 14:56:20.322,1503,1613,1839,1486,1585,2631,1697,1973,1531,1438
2025-06-24 14:56:20.421,1466,1523,1837,1509,1435,2867,1553,1744,1535,1452
2025-06-24 14:56:20.521,1440,1487,1792,1547,1344,2819,1552,1431,1532,1450
2025-06-24 14:56:20.620,1427,1486,1728,1543,1321,2825,1226,900,1531,1447
2025-06-24 14:56:20.720,1429,1483,1645,1568,1271,2934,1132,775,1535,1451
2025-06-24 14:56:20.820,1438,1514,1686,1520,1232,3117,921,898,1525,1440
2025-06-24 14:56:20.920,1439,1610,1723,1515,1333,2218,821,1089,1531,1447
2025-06-24 14:56:21.020,1456,1535,1616,1520,1376,657,819,763,1524,1439
2025-06-24 14:56:21.119,1415,1433,1456,1513,1323,0,822,450,1527,1438
2025-06-24 14:56:21.218,1386,1379,1375,1492,1348,0,1027,547,1522,1442
2025-06-24 14:56:21.318,1398,1370,1241,1461,1335,189,1360,737,1519,1431
2025-06-24 14:56:21.418,1438,1380,1124,1472,1419,486,1584,983,1517,1433
2025-06-24 14:56:21.518,1458,1421,1104,1437,1473,657,1923,1215,1529,1442
2025-06-24 14:56:21.617,1478,1424,1145,1479,1635,839,2226,1431,1522,1438
2025-06-24 14:56:21.717,1494,1463,1200,1424,1822,848,2382,1573,1520,1433
2025-06-24 14:56:21.816,1517,1533,1273,1263,1902,1008,2399,1665,1520,1434
2025-06-24 14:56:21.916,1520,1613,1314,1145,1954,1229,2271,1728,1523,1440
2025-06-24 14:56:22.016,1535,1669,1332,1046,1911,1294,2158,1901,1520,1436
2025-06-24 14:56:22.115,1552,1707,1418,1080,1825,1584,2000,2257,1522,1441
2025-06-24 14:56:22.215,1552,1713,1564,1088,1744,1969,1806,2441,1521,1435
2025-06-24 14:56:22.315,1561,1674,1674,1173,1644,2216,1641,2278,1525,1442
2025-06-24 14:56:22.414,1567,1678,1782,1332,1531,2432,1086,2154,1532,1445
2025-06-24 14:56:22.514,1542,1639,1744,1417,1427,2715,726,1891,1525,1444
2025-06-24 14:56:22.613,1520,1584,1699,1409,1357,3088,640,1479,1525,1441
2025-06-24 14:56:22.712,1495,1475,1606,1562,1320,3516,591,1072,1526,1443
2025-06-24 14:56:22.811,1474,1419,1497,1703,1232,2902,709,929,1535,1453
2025-06-24 14:56:22.910,1437,1409,1506,1759,1243,1921,845,986,1535,1449
2025-06-24 14:56:23.009,1419,1424,1452,1778,1335,1197,1105,791,1527,1440
2025-06-24 14:56:23.108,1414,1511,1370,1819,1341,1029,1344,448,1522,1441
2025-06-24 14:56:23.208,1423,1527,1296,1979,1287,1239,1622,555,1523,1441
2025-06-24 14:56:23.307,1429,1454,1301,2065,1263,1392,1945,758,1526,1445
2025-06-24 14:56:23.407,1424,1413,1145,2015,1347,1035,2133,967,1529,1440
2025-06-24 14:56:23.507,1411,1410,981,1903,1423,379,2276,1233,1521,1439
2025-06-24 14:56:23.606,1386,1415,914,1746,1364,0,2197,1389,1525,1435
2025-06-24 14:56:23.705,1407,1425,937,1644,1616,0,2125,1535,1522,1436
2025-06-24 14:56:23.804,1431,1456,991,1513,1821,0,2096,1569,1535,1450
2025-06-24 14:56:23.903,1461,1521,1043,1475,1936,523,1963,1662,1546,1453
2025-06-24 14:56:24.002,1488,1577,1090,1456,1915,982,1936,1770,1527,1439
2025-06-24 14:56:24.101,1501,1637,1236,1365,1887,914,1869,1963,1521,1435
2025-06-24 14:56:24.201,1511,1699,1497,1454,1802,1251,1535,2277,1523,1438
2025-06-24 14:56:24.301,1504,1724,1729,1455,1723,1830,1214,2419,1531,1443
2025-06-24 14:56:24.401,1511,1744,1934,1506,1665,2320,957,2337,1549,1454
2025-06-24 14:56:24.501,1508,1708,2070,1506,1521,2393,784,2227,1520,1436
2025-06-24 14:56:24.600,1535,1692,2074,1467,1456,2077,858,1904,1530,1442
2025-06-24 14:56:24.700,1550,1671,2002,1498,1402,1818,959,1733,1535,1449
2025-06-24 14:56:24.799,1553,1621,1833,1525,1367,1020,1113,1786,1527,1437
2025-06-24 14:56:24.899,1535,1529,1761,1562,1269,407,1392,1777,1522,1438
2025-06-24 14:56:24.998,1510,1485,1792,1520,1371,442,1615,1503,1533,1442
2025-06-24 14:56:25.097,1488,1484,1814,1479,1306,954,1875,963,1541,1455
2025-06-24 14:56:25.197,1463,1456,1719,1456,1345,1159,2130,581,1531,1450
2025-06-24 14:56:25.297,1437,1474,1548,1460,1360,1251,2245,475,1526,1443
2025-06-24 14:56:25.396,1411,1527,1475,1535,1386,1442,2226,523,1513,1426
2025-06-24 14:56:25.496,1408,1493,1282,1498,1458,1651,2187,482,1506,1424
2025-06-24 14:56:25.596,1413,1440,1121,1493,1437,1622,2089,703,1519,1430
2025-06-24 14:56:25.696,1422,1393,1072,1514,1599,1053,1879,943,1521,1444
2025-06-24 14:56:25.795,1424,1373,1093,1520,1825,572,1761,1141,1527,1442
2025-06-24 14:56:25.895,1387,1391,1086,1493,1914,190,1648,1482,1535,1439
2025-06-24 14:56:25.994,1374,1414,1119,1493,1942,389,1359,1777,1529,1445
2025-06-24 14:56:26.093,1395,1456,1227,1494,1878,1050,1229,2110,1524,1429
2025-06-24 14:56:26.193,1424,1497,1326,1467,1808,1645,1035,2912,1526,1443
2025-06-24 14:56:26.293,1471,1567,1493,1488,1673,1971,891,3190,1530,1449
2025-06-24 14:56:26.392,1487,1633,1706,1472,1676,2017,860,2927,1534,1447
2025-06-24 14:56:26.492,1501,1680,1855,1523,1616,839,1022,2621,1522,1442
2025-06-24 14:56:26.592,1512,1757,1917,1583,1535,239,1177,2369,1525,1440
2025-06-24 14:56:26.692,1527,1779,1893,1533,1469,176,1305,1968,1535,1450
2025-06-24 14:56:26.791,1529,1706,1815,1529,1341,0,1535,1565,1527,1443
2025-06-24 14:56:26.895,1547,1657,1669,1535,1218,0,1691,1386,1525,1451
2025-06-24 14:56:26.994,1551,1595,1554,1520,1219,37,1906,1397,1520,1431
2025-06-24 14:56:27.094,1558,1553,1554,1543,1202,820,2039,907,1523,1441
2025-06-24 14:56:27.193,1582,1460,1571,1522,1177,1645,2032,0,1520,1429
2025-06-24 14:56:27.292,1558,1453,1575,1520,1168,1937,1904,0,1523,1435
2025-06-24 14:56:27.391,1526,1470,1403,1465,1234,2043,1826,0,1533,1447
2025-06-24 14:56:27.490,1504,1475,1296,1478,1301,1980,1808,0,1531,1446
2025-06-24 14:56:27.589,1477,1520,1214,1553,1366,1862,1712,0,1535,1456
2025-06-24 14:56:27.689,1459,1552,1073,1550,1462,2250,1590,495,1533,1447
2025-06-24 14:56:27.789,1434,1491,1043,1589,1655,2693,1347,1200,1525,1441
2025-06-24 14:56:27.890,1419,1421,1040,1519,1981,2988,1289,1914,1520,1431
2025-06-24 14:56:27.985,1430,1354,1057,1520,2183,2971,1139,2543,1521,1436
2025-06-24 14:56:28.085,1441,1387,1147,1502,1965,2313,995,3602,1529,1444
2025-06-24 14:56:28.184,1446,1406,1216,1517,1574,2125,912,4095,1524,1440
2025-06-24 14:56:28.284,1385,1438,1329,1497,1264,2288,1031,4095,1523,1442
2025-06-24 14:56:28.383,1365,1488,1485,1470,1010,2485,1069,3755,1527,1447
2025-06-24 14:56:28.483,1390,1517,1695,1488,942,2842,1185,2902,1520,1419
2025-06-24 14:56:28.582,1424,1568,1810,1505,826,3425,1322,2309,1518,1429
2025-06-24 14:56:28.681,1450,1643,1909,1590,903,2922,1542,1939,1520,1438
2025-06-24 14:56:28.780,1470,1731,1941,1596,999,2352,1763,1623,1533,1448
2025-06-24 14:56:28.880,1488,1744,1820,1458,991,1999,1853,1152,1533,1445
2025-06-24 14:56:28.979,1501,1761,1683,1462,1077,2083,1921,907,1534,1447
2025-06-24 14:56:29.079,1520,1706,1641,1509,1239,2414,1933,896,1535,1453
2025-06-24 14:56:29.178,1535,1675,1629,1511,1232,2721,1722,320,1531,1449
2025-06-24 14:56:29.278,1552,1637,1680,1468,1261,2925,1641,0,1532,1447
2025-06-24 14:56:29.377,1554,1563,1621,1425,1341,2499,1631,0,1530,1447
2025-06-24 14:56:29.477,1583,1447,1458,1393,1355,1822,1631,0,1526,1445
2025-06-24 14:56:29.576,1584,1438,1436,1549,1456,1613,1331,390,1525,1439
2025-06-24 14:56:29.676,1553,1463,1269,1604,1587,1707,1193,1039,1524,1439
2025-06-24 14:56:29.775,1526,1455,1119,1578,1703,1913,1014,1559,1527,1439
2025-06-24 14:56:29.875,1498,1565,1178,1575,1962,2247,901,2220,1522,1438
2025-06-24 14:56:29.975,1439,1535,1226,1586,2093,2543,880,2657,1511,1425
2025-06-24 14:56:30.075,1450,1478,1262,1562,2096,2832,911,3311,1520,1434
2025-06-24 14:56:30.175,1433,1403,1234,1488,2074,2976,887,3889,1524,1442
2025-06-24 14:56:30.275,1424,1360,1277,1488,2047,3029,1050,3462,1525,1444
2025-06-24 14:56:30.375,1425,1395,1413,1520,1935,2996,1439,2931,1530,1442
2025-06-24 14:56:30.475,1434,1390,1552,1535,1807,2898,1712,2608,1522,1434
2025-06-24 14:56:30.575,1424,1423,1675,1436,1691,2177,1894,2382,1527,1445
2025-06-24 14:56:30.675,1370,1451,1851,1441,1578,1233,2059,2226,1533,1443
2025-06-24 14:56:30.774,1365,1534,1927,1505,1497,576,2259,1923,1531,1453
2025-06-24 14:56:30.874,1403,1606,1897,1561,1410,336,2197,1477,1532,1446
2025-06-24 14:56:30.973,1431,1662,1814,1565,1280,511,2035,1168,1529,1451
2025-06-24 14:56:31.073,1456,1694,1678,1488,1179,769,1867,934,1545,1453
2025-06-24 14:56:31.172,1486,1728,1645,1522,1248,871,1942,384,1532,1449
2025-06-24 14:56:31.271,1517,1727,1603,1520,1200,0,1972,80,1527,1445
2025-06-24 14:56:31.370,1543,1690,1710,1519,1077,0,1756,0,1525,1439
2025-06-24 14:56:31.469,1531,1583,1671,1483,922,0,1592,0,1523,1438
2025-06-24 14:56:31.568,1521,1551,1564,1521,946,0,1651,0,1533,1451
2025-06-24 14:56:31.668,1520,1526,1457,1522,873,0,1529,0,1534,1446
2025-06-24 14:56:31.767,1533,1535,1358,1522,688,0,1356,0,1525,1439
2025-06-24 14:56:31.866,1552,1564,1248,1401,250,0,1140,0,1520,1435
2025-06-24 14:56:31.965,1522,1648,1319,1493,290,0,1246,0,1523,1440
2025-06-24 14:56:32.064,1503,1214,1477,1586,374,0,1396,0,1521,1435
2025-06-24 14:56:32.163,1488,970,1603,1544,350,0,1426,0,1520,1434
2025-06-24 14:56:32.263,1471,848,1566,1479,0,901,1521,0,1525,1445
2025-06-24 14:56:32.362,1451,880,1578,1463,0,2019,1805,402,1531,1446
2025-06-24 14:56:32.461,1442,1053,1585,1522,0,1808,1926,1703,1522,1443
2025-06-24 14:56:32.561,1425,1243,1579,1514,198,1799,1936,2046,1517,1436
2025-06-24 14:56:32.660,1425,1387,1557,1481,656,1592,1913,1583,1520,1431
2025-06-24 14:56:32.760,1425,1525,1535,1487,1012,1020,1847,1152,1531,1445
2025-06-24 14:56:32.860,1434,1649,1459,1430,1239,0,1717,364,1527,1443
2025-06-24 14:56:32.960,1393,1856,1443,1471,1627,0,1543,0,1525,1443
2025-06-24 14:56:33.059,1382,1998,1392,1465,1904,0,1433,0,1531,1446
2025-06-24 14:56:33.158,1421,2123,1375,1535,2127,564,1125,0,1535,1449
2025-06-24 14:56:33.258,1431,2154,1279,1547,2339,691,846,0,1535,1453
2025-06-24 14:56:33.358,1459,2111,1266,1520,2530,1875,804,0,1525,1433
2025-06-24 14:56:33.458,1499,2064,1295,1462,2658,2469,908,0,1520,1430
2025-06-24 14:56:33.557,1522,2011,1328,1577,2725,1595,945,0,1514,1428
2025-06-24 14:56:33.656,1533,1887,1294,1591,2735,0,988,272,1523,1437
2025-06-24 14:56:33.756,1546,1821,1280,1523,2690,0,997,1307,1521,1433
2025-06-24 14:56:33.856,1551,1713,1156,1523,2631,0,994,2990,1523,1436
2025-06-24 14:56:33.956,1551,1645,1070,1442,2481,0,1122,4095,1529,1446
2025-06-24 14:56:34.056,1547,1551,1114,1487,2327,0,1419,4095,1530,1449
2025-06-24 14:56:34.156,1552,1471,1232,1529,2423,0,1872,4095,1529,1437
2025-06-24 14:56:34.256,1558,1427,1291,1521,2623,0,2167,4095,1531,1443
2025-06-24 14:56:34.355,1543,1408,1303,1485,2714,0,2231,4095,1533,1444
2025-06-24 14:56:34.454,1518,1424,1290,1471,2583,2453,2237,4095,1525,1440
2025-06-24 14:56:34.553,1488,1466,1367,1453,2423,4095,2199,4095,1517,1434
2025-06-24 14:56:34.652,1466,1362,1552,1439,2233,4095,2101,4095,1521,1440
2025-06-24 14:56:34.751,1439,1290,1653,1488,1995,4095,1804,4095,1521,1435
2025-06-24 14:56:34.851,1421,1249,1767,1547,1682,4095,1705,4095,1525,1441
2025-06-24 14:56:34.950,1424,1271,1842,1552,1444,4095,1622,3691,1533,1446
2025-06-24 14:56:35.050,1422,1328,1857,1555,1210,4095,1135,2992,1528,1441
2025-06-24 14:56:35.150,1435,1379,1843,1474,1014,4095,901,2318,1531,1442
2025-06-24 14:56:35.250,1392,1451,1730,1573,1034,4095,983,1405,1535,1453
2025-06-24 14:56:35.349,1343,1514,1602,1633,1116,4095,1040,506,1535,1453
2025-06-24 14:56:35.449,1394,1573,1606,1614,1181,4095,1133,455,1526,1443
2025-06-24 14:56:35.548,1403,1661,1600,1571,1237,4095,1347,1088,1520,1440
2025-06-24 14:56:35.648,1415,1678,1571,1513,1348,4095,1442,1991,1519,1433
2025-06-24 14:56:35.747,1446,1691,1452,1499,1405,4095,1699,2481,1520,1435
2025-06-24 14:56:35.847,1483,1658,1389,1491,1343,4095,1987,2638,1532,1443
2025-06-24 14:56:35.946,1500,1613,1382,1494,1312,4095,2329,2739,1527,1446
2025-06-24 14:56:36.046,1525,1587,1168,1553,1345,4095,2480,2533,1521,1443
2025-06-24 14:56:36.145,1535,1583,1150,1504,1378,3367,2525,2397,1529,1453
2025-06-24 14:56:36.245,1560,1491,1103,1520,1392,2576,2364,2290,1524,1441
2025-06-24 14:56:36.344,1570,1362,961,1520,1535,2614,2259,1910,1525,1445
2025-06-24 14:56:36.444,1588,1345,794,1526,1391,2343,2067,1277,1534,1445
2025-06-24 14:56:36.543,1581,1317,702,1488,1018,0,1866,749,1552,1461
2025-06-24 14:56:36.643,1541,1253,937,1497,899,0,1721,892,1533,1445
2025-06-24 14:56:36.742,1503,1352,1365,1559,933,0,1471,1344,1535,1453
2025-06-24 14:56:36.841,1483,1364,1867,1506,1088,126,1245,1555,1527,1445
2025-06-24 14:56:36.944,1472,1322,2224,1515,1210,1328,1088,1426,1530,1443
2025-06-24 14:56:37.044,1455,1331,2535,1479,1296,2587,1021,1450,1521,1440
2025-06-24 14:56:37.143,1446,1382,2655,1458,1297,3548,986,1297,1515,1433
2025-06-24 14:56:37.242,1442,1431,2544,1404,1354,4095,1063,645,1518,1439
2025-06-24 14:56:37.342,1445,1514,2353,1433,1442,4095,1145,256,1523,1439
2025-06-24 14:56:37.442,1456,1571,2182,1488,1491,4095,1467,0,1523,1438
2025-06-24 14:56:37.541,1434,1647,2089,1523,1488,2425,1826,0,1521,1427
2025-06-24 14:56:37.640,1375,1694,2053,1559,1296,211,1974,0,1527,1439
2025-06-24 14:56:37.740,1373,1754,2033,1585,1115,0,2229,255,1526,1434
2025-06-24 14:56:37.840,1393,1802,1920,1554,1101,0,2256,922,1528,1441
2025-06-24 14:56:37.941,1415,1785,1683,1472,1241,0,2245,1600,1525,1441
2025-06-24 14:56:38.036,1444,1775,1470,1463,1447,32,2286,1909,1527,1441
2025-06-24 14:56:38.136,1481,1766,1203,1527,1625,1248,2015,1766,1526,1441
2025-06-24 14:56:38.235,1506,1790,979,1559,1737,2415,1755,1319,1521,1439
2025-06-24 14:56:38.334,1535,1714,908,1555,1584,3019,1475,837,1523,1442
2025-06-24 14:56:38.433,1573,1599,848,1574,1295,1878,1342,981,1529,1443
2025-06-24 14:56:38.532,1569,1495,651,1584,1078,61,1425,1665,1534,1456
2025-06-24 14:56:38.631,1589,1503,411,1509,1289,0,1785,2438,1542,1449
2025-06-24 14:56:38.730,1626,1454,448,1456,1457,0,1988,3019,1542,1450
2025-06-24 14:56:38.829,1617,1350,707,1425,1434,0,2625,2918,1525,1441
2025-06-24 14:56:38.928,1584,1299,1199,1474,1360,0,2756,2639,1523,1441
2025-06-24 14:56:39.027,1535,1245,1680,1509,1315,0,2286,2205,1521,1437
2025-06-24 14:56:39.127,1507,1168,2047,1520,1406,0,1840,1678,1523,1438
2025-06-24 14:56:39.226,1495,1169,2253,1529,1489,967,1514,672,1517,1431
2025-06-24 14:56:39.325,1500,1251,2224,1549,1606,2587,1173,53,1531,1446
2025-06-24 14:56:39.425,1478,1302,2133,1543,1750,4095,855,0,1523,1441
2025-06-24 14:56:39.524,1461,1399,1969,1514,1862,4095,830,235,1521,1431
2025-06-24 14:56:39.623,1445,1492,1925,1523,1885,4095,846,1502,1521,1441
2025-06-24 14:56:39.722,1434,1578,1829,1518,1932,4095,697,2811,1527,1455
2025-06-24 14:56:39.822,1435,1641,1780,1583,2073,4095,854,4095,1524,1438
2025-06-24 14:56:39.922,1433,1728,1831,1520,2110,4095,869,4095,1527,1446
2025-06-24 14:56:40.022,1365,1769,1778,1444,2133,4095,800,4095,1529,1447
2025-06-24 14:56:40.122,1344,1793,1574,1498,2113,4095,720,4095,1519,1433
2025-06-24 14:56:40.221,1353,1792,1443,1472,2078,4095,516,4095,1524,1439
2025-06-24 14:56:40.320,1380,1805,1177,1463,2032,4095,451,4095,1519,1431
2025-06-24 14:56:40.420,1398,1786,1009,1445,1995,4095,347,4095,1524,1440
2025-06-24 14:56:40.519,1426,1757,881,1438,1939,3040,375,4095,1535,1446
2025-06-24 14:56:40.618,1453,1664,666,1519,1819,2193,379,4095,1535,1456
2025-06-24 14:56:40.717,1496,1575,477,1454,1735,1616,508,4095,1543,1451
2025-06-24 14:56:40.816,1525,1504,433,1566,1892,1472,743,3654,1528,1441
2025-06-24 14:56:40.915,1556,1477,590,1677,2064,1729,944,3220,1523,1440
2025-06-24 14:56:41.014,1584,1477,912,1616,2112,1936,1088,2911,1535,1451
2025-06-24 14:56:41.113,1614,1556,1370,1584,2047,1652,1311,2011,1531,1444
2025-06-24 14:56:41.213,1590,1579,1813,1533,1908,1680,1533,943,1521,1435
2025-06-24 14:56:41.313,1580,1483,2281,1488,1761,2229,1648,607,1526,1439
2025-06-24 14:56:41.413,1555,1442,2346,1499,1494,2991,1803,883,1521,1440
2025-06-24 14:56:41.512,1527,1379,2238,1515,1268,3970,1776,1410,1526,1444
2025-06-24 14:56:41.612,1520,1367,2031,1455,1054,4095,1836,2107,1528,1437
2025-06-24 14:56:41.711,1525,1380,1925,1449,898,4095,1876,2671,1523,1435
2025-06-24 14:56:41.810,1501,1376,1839,1414,855,4095,1783,3057,1527,1441
2025-06-24 14:56:41.909,1486,1424,1817,1381,966,3151,1680,3536,1527,1444
2025-06-24 14:56:42.008,1462,1503,1777,1405,1075,2160,1648,3881,1533,1444
2025-06-24 14:56:42.108,1458,1562,1693,1442,1185,1105,1494,4095,1534,1452
2025-06-24 14:56:42.208,1459,1647,1524,1491,1345,387,1365,4095,1530,1443
2025-06-24 14:56:42.308,1433,1705,1385,1521,1450,0,1271,3950,1525,1440
2025-06-24 14:56:42.408,1383,1767,1311,1486,1497,0,1329,3707,1520,1437
2025-06-24 14:56:42.507,1390,1766,1008,1525,1573,0,1278,3342,1525,1442
2025-06-24 14:56:42.607,1413,1713,919,1632,1666,0,1232,2819,1533,1443
2025-06-24 14:56:42.706,1443,1655,863,1599,1683,0,1293,2206,1526,1441
2025-06-24 14:56:42.806,1475,1583,896,1515,1591,0,1386,2040,1521,1431
2025-06-24 14:56:42.905,1516,1501,947,1521,1629,315,1557,2064,1524,1437
2025-06-24 14:56:43.005,1552,1453,1106,1600,1765,929,1722,1616,1520,1438
2025-06-24 14:56:43.104,1579,1419,1392,1571,1840,1551,1792,734,1521,1437
2025-06-24 14:56:43.203,1591,1439,1665,1529,1787,2090,1887,0,1527,1427
2025-06-24 14:56:43.302,1597,1499,1905,1514,1663,2475,1898,0,1527,1443
2025-06-24 14:56:43.402,1602,1577,2090,1488,1600,2587,1731,0,1532,1447
2025-06-24 14:56:43.502,1585,1473,2107,1485,1506,2355,1665,0,1535,1440
2025-06-24 14:56:43.602,1520,1387,2018,1553,1355,2101,1583,521,1533,1444
2025-06-24 14:56:43.701,1515,1349,1855,1552,1266,1793,1616,1513,1521,1440
2025-06-24 14:56:43.801,1494,1341,1704,1575,1259,1526,1552,2419,1515,1424
2025-06-24 14:56:43.900,1489,1354,1555,1526,1262,1411,1457,2542,1520,1438
2025-06-24 14:56:43.999,1483,1441,1529,1533,1247,1194,1409,2535,1526,1440
2025-06-24 14:56:44.100,1461,1505,1570,1514,1344,1115,1442,2502,1526,1443
2025-06-24 14:56:44.199,1437,1562,1501,1438,1433,1200,1550,2428,1534,1447
2025-06-24 14:56:44.298,1428,1626,1330,1448,1523,1456,1619,2251,1535,1456
2025-06-24 14:56:44.398,1427,1662,1236,1467,1619,1313,1701,2244,1529,1442
2025-06-24 14:56:44.498,1423,1681,1059,1482,1681,1040,1802,2096,1535,1450
2025-06-24 14:56:44.598,1379,1658,970,1474,1691,917,1887,1502,1520,1432
2025-06-24 14:56:44.697,1392,1653,981,1520,1691,1039,1919,1137,1520,1437
2025-06-24 14:56:44.796,1417,1647,1078,1488,1663,1296,1872,1146,1530,1443
2025-06-24 14:56:44.895,1455,1645,1154,1520,1655,1586,1907,1136,1535,1449
2025-06-24 14:56:44.995,1429,1543,1278,1552,1591,1929,2160,372,1523,1431
2025-06-24 14:56:45.094,1474,1479,1378,1595,1762,2047,2575,0,1526,1442
2025-06-24 14:56:45.193,1494,1452,1465,1587,1884,2224,2610,0,1523,1447
2025-06-24 14:56:45.292,1509,1435,1565,1554,1889,2411,2517,0,1523,1440
2025-06-24 14:56:45.391,1520,1456,1690,1489,1890,2500,2271,0,1520,1435
2025-06-24 14:56:45.491,1520,1533,1701,1462,1834,2436,1990,495,1527,1439
2025-06-24 14:56:45.591,1507,1566,1701,1443,1785,2263,1664,1211,1523,1441
2025-06-24 14:56:45.691,1517,1509,1680,1451,1690,2012,1370,1776,1525,1440
2025-06-24 14:56:45.791,1517,1443,1644,1461,1477,1735,1205,2017,1531,1441
2025-06-24 14:56:45.891,1506,1419,1575,1463,1314,1471,921,2027,1529,1441
2025-06-24 14:56:45.991,1490,1449,1542,1472,1215,1257,832,1886,1527,1445
2025-06-24 14:56:46.090,1466,1475,1569,1594,1127,1161,890,1782,1520,1437
2025-06-24 14:56:46.189,1437,1504,1505,1555,1195,1198,827,1682,1521,1441
2025-06-24 14:56:46.288,1425,1559,1434,1627,1289,1478,944,1458,1534,1451
2025-06-24 14:56:46.387,1370,1565,1383,1583,1328,1424,1020,1393,1533,1455
2025-06-24 14:56:46.486,1397,1587,1276,1557,1393,1042,1156,1045,1529,1444
2025-06-24 14:56:46.586,1416,1637,1253,1522,1423,815,1296,934,1531,1444
2025-06-24 14:56:46.685,1408,1643,1307,1520,1442,944,1344,1127,1522,1439
2025-06-24 14:56:46.785,1360,1649,1370,1517,1444,1305,1488,977,1517,1419
2025-06-24 14:56:46.885,1390,1659,1430,1535,1431,1679,1618,366,1524,1438
2025-06-24 14:56:46.989,1414,1702,1520,1488,1432,2034,1534,0,1527,1445
2025-06-24 14:56:47.088,1446,1672,1595,1456,1543,2222,1481,0,1532,1449
2025-06-24 14:56:47.187,1475,1527,1677,1526,1808,2266,1520,227,1543,1451
2025-06-24 14:56:47.286,1493,1441,1678,1525,1937,2268,1461,811,1523,1435
2025-06-24 14:56:47.385,1499,1423,1677,1479,1931,2309,1278,1457,1530,1443
2025-06-24 14:56:47.485,1503,1481,1647,1497,1927,2278,1181,2164,1534,1447
2025-06-24 14:56:47.585,1510,1523,1680,1492,1840,2165,1072,2534,1522,1437
2025-06-24 14:56:47.684,1522,1585,1697,1502,1693,2017,951,2608,1533,1441
2025-06-24 14:56:47.784,1552,1616,1668,1472,1521,1872,841,2496,1531,1444
2025-06-24 14:56:47.884,1513,1589,1595,1485,1345,1792,896,2256,1543,1453
2025-06-24 14:56:47.985,1511,1488,1408,1472,1223,1729,937,2063,1522,1440
2025-06-24 14:56:48.080,1543,1447,1262,1552,1114,1753,991,1744,1531,1439
2025-06-24 14:56:48.180,1530,1470,1283,1580,1006,1805,1141,1469,1531,1441
2025-06-24 14:56:48.279,1514,1490,1283,1616,1015,1903,1387,1296,1532,1443
2025-06-24 14:56:48.379,1471,1535,1184,1509,1135,1877,1870,1059,1534,1451
2025-06-24 14:56:48.478,1429,1574,1221,1497,1219,1391,2113,833,1530,1445
2025-06-24 14:56:48.578,1394,1584,1293,1497,1313,768,2286,975,1522,1440
2025-06-24 14:56:48.677,1403,1578,1350,1531,1375,503,2231,733,1520,1434
2025-06-24 14:56:48.776,1411,1568,1443,1513,1438,565,2094,16,1520,1437
2025-06-24 14:56:48.876,1425,1603,1522,1513,1456,777,1958,0,1515,1429
2025-06-24 14:56:48.975,1392,1639,1616,1502,1523,885,1991,0,1520,1436
2025-06-24 14:56:49.074,1377,1681,1652,1451,1503,807,2117,464,1526,1441
2025-06-24 14:56:49.174,1407,1724,1717,1292,1609,880,1909,1129,1520,1437
2025-06-24 14:56:49.273,1437,1662,1791,1204,1871,1081,1817,1800,1525,1441
2025-06-24 14:56:49.373,1467,1545,1846,1133,2005,1392,1723,2333,1525,1442
2025-06-24 14:56:49.473,1488,1476,1885,1091,1968,1681,1584,2729,1523,1438
2025-06-24 14:56:49.573,1494,1423,1833,1123,1910,1790,1472,2758,1520,1433
2025-06-24 14:56:49.673,1498,1498,1797,1264,1842,1681,1378,2500,1520,1433
2025-06-24 14:56:49.773,1520,1499,1702,1346,1705,1477,1363,2320,1523,1439
2025-06-24 14:56:49.872,1523,1582,1691,1431,1553,1296,1232,2224,1522,1437
2025-06-24 14:56:49.972,1522,1568,1731,1611,1387,1190,1349,2032,1524,1438
2025-06-24 14:56:50.072,1525,1494,1813,1918,1264,1262,1361,1685,1533,1445
2025-06-24 14:56:50.172,1549,1453,1718,2125,1168,1383,1437,1380,1535,1450
2025-06-24 14:56:50.271,1522,1417,1699,2160,1071,1479,1579,1194,1530,1445
2025-06-24 14:56:50.371,1525,1446,1637,2047,1137,1723,1584,1261,1531,1447
2025-06-24 14:56:50.471,1514,1454,1357,1936,1234,1712,1687,1158,1521,1433
2025-06-24 14:56:50.571,1473,1500,1275,1840,1349,1264,1668,421,1533,1445
2025-06-24 14:56:50.670,1437,1553,1289,1810,1426,823,1515,0,1542,1453
2025-06-24 14:56:50.769,1409,1584,1265,1719,1543,587,1422,0,1532,1449
2025-06-24 14:56:50.868,1402,1589,1228,1606,1580,681,1393,62,1530,1447
